TIMESTAMP,BUS10_VA_ANG,BUS10_VA_MAG,BUS10_VB_ANG,BUS10_VB_MAG,BUS10_VC_ANG,BUS10_VC_MAG,BUS10_IA_ANG,BUS10_IA_MAG,BUS10_IB_ANG,BUS10_IB_MAG,BUS10_IC_ANG,BUS10_IC_MAG,BUS10_Freq,BUS10_ROCOF,DATA_PRESENT,Event
0.000000,-57.562598,205300.060099,-177.438822,205032.866074,62.575397,203924.524868,100.447211,640.807267,-19.618444,638.484688,-139.500415,641.372595,59.961212,0.004469,1,0
0.033000,-57.406840,205039.971994,-177.407954,203981.156434,62.552354,203970.731967,100.531316,640.372344,-19.406369,640.898470,-139.347507,631.292464,59.959198,0.006544,1,0
0.067000,-57.606030,203732.817874,-177.433100,203067.497329,62.377357,204446.798661,100.379575,643.609051,-19.290696,637.931305,-139.375915,646.360078,59.960707,0.018877,1,0
0.100000,-57.589244,204113.144602,-177.617423,205177.792608,62.393721,204491.040986,100.593863,637.028837,-19.736609,639.942394,-139.788775,633.105246,59.966442,-0.005479,1,0
0.133000,-57.612172,204676.604571,-177.508480,205624.705241,62.394147,202707.694859,100.365185,634.222673,-19.673461,634.007852,-140.056418,632.465548,59.961484,0.010927,1,0
0.167000,-57.562091,204978.349548,-177.622760,203519.421066,62.412565,205137.440240,100.579637,633.081312,-19.282788,643.205678,-139.588608,639.942251,59.951045,0.008993,1,0
0.200000,-57.564941,203728.514986,-177.522652,204260.724908,62.249942,204409.535178,100.449572,638.276280,-19.617529,639.427884,-139.834236,633.525863,59.953929,0.009076,1,0
0.233000,-57.487152,204117.309926,-177.667129,205956.694425,62.283833,202694.381944,100.548053,637.238615,-19.715158,640.189487,-139.618516,636.890727,59.963741,-0.019174,1,0
0.267000,-57.609347,202757.624700,-177.638010,203945.495522,62.347369,202976.381113,100.488074,636.077336,-19.640144,631.590497,-139.230490,631.518206,59.967015,0.004234,1,0
0.300000,-57.365855,202702.534897,-177.450325,207535.351169,62.392426,201740.876055,100.869633,641.613790,-19.790394,636.729644,-139.535179,637.283514,59.965401,0.000937,1,0
0.333000,-57.506308,203019.955756,-177.509598,204739.768601,62.465826,202547.253332,100.556939,635.678289,-19.585579,635.772844,-139.679204,638.420581,59.965962,-0.009735,1,0
0.367000,-57.390214,203500.718238,-177.548304,204328.487393,62.692150,205145.091806,100.599249,638.445687,-19.124245,639.445844,-139.158584,636.624219,59.958713,-0.010210,1,0
0.400000,-57.508093,204374.136373,-177.549655,203831.373468,62.454053,202505.183716,100.792084,634.127273,-19.523313,640.003849,-139.814399,640.560048,59.968856,-0.009759,1,0
0.433000,-57.600051,204444.749062,-177.493994,202096.571823,62.525900,201568.606931,100.431924,638.639117,-19.643381,640.961681,-139.353115,641.566074,59.961655,-0.001931,1,0
0.467000,-57.623256,205163.842712,-177.496475,203943.634134,62.579531,202745.874301,100.256358,638.388684,-19.093278,641.803717,-139.137881,636.401054,59.967721,0.009723,1,0
0.500000,-57.642336,203287.333924,-177.501907,204415.354076,62.358296,204292.882220,100.146195,646.516570,-19.754343,641.107086,-139.387610,641.409505,59.975380,-0.000571,1,0
0.533000,-57.669979,203749.104559,-177.651576,204867.010981,62.199373,203668.661965,100.266580,637.301126,-19.903229,638.499753,-139.722579,645.416137,59.970243,-0.016464,1,0
0.567000,-57.577486,203065.872270,-177.496277,203831.676238,62.506318,202293.425880,100.435960,646.434571,-19.355020,643.629998,-139.649274,636.528178,59.969000,-0.000460,1,0
0.600000,-57.672190,202883.789455,-177.604466,202239.309139,62.471136,203567.082227,100.187507,642.159465,-19.691014,646.051365,-139.704126,644.964034,59.973764,0.008608,1,0
0.633000,-57.571187,202877.376186,-177.438479,203195.832927,62.588526,202059.021763,100.213414,641.352364,-19.494673,640.188463,-139.259876,644.613326,59.969487,0.011793,1,0
0.667000,-57.456792,203856.830596,-177.400955,203196.382669,62.583095,202896.207043,100.475553,640.124666,-19.246928,645.083488,-139.417724,650.336519,59.969039,-0.005120,1,0
0.700000,-57.482153,203607.385910,-177.552440,203224.571629,62.526195,204377.241150,100.694292,635.658742,-19.532441,647.462037,-139.655049,648.683233,59.970175,0.008756,1,0
0.733000,-57.465040,204457.283334,-177.329708,204092.710915,62.626886,204131.419802,100.721226,645.282767,-19.313957,650.121612,-139.278039,638.481797,59.968978,0.006026,1,0
0.767000,-57.578031,203450.586831,-177.478074,203251.757985,62.533142,203377.281654,100.028649,644.887342,-19.655029,647.346677,-139.518212,642.857072,59.974587,-0.001578,1,0
0.800000,-57.376744,204258.666918,-177.552723,205021.097837,62.426021,204650.553595,100.682173,644.493356,-19.267834,648.098469,-139.620912,650.117950,59.967624,-0.005793,1,0
0.833000,-57.567511,205543.393672,-177.430745,203978.658914,62.383349,203704.503628,100.402024,639.879745,-19.416062,639.603241,-139.867783,640.470537,59.971256,-0.006474,1,0
0.867000,-57.505662,204746.202458,-177.669105,204062.717712,62.628956,203188.076387,100.754825,647.658185,-19.836266,644.078160,-139.356611,639.742663,59.967083,0.004635,1,0
0.900000,-57.391043,204364.007886,-177.549222,205282.881693,62.335996,204492.092699,100.427047,640.905219,-19.838202,643.194838,-139.783160,649.309775,59.974977,-0.006506,1,0
0.933000,-57.381056,204088.692277,-177.576695,203401.563720,62.418794,204748.759278,100.582072,641.269439,-19.521329,651.133729,-139.765910,649.051276,59.969330,-0.008759,1,0
0.967000,-57.645853,205367.081311,-177.412711,205104.926627,62.352245,204111.160701,100.408078,649.200207,-19.327267,645.990541,-139.783910,648.050617,59.968903,-0.001958,1,0
1.000000,-57.617875,203956.380759,-177.537188,204815.987664,62.364448,205157.211689,100.409056,645.205840,-19.393711,645.558891,-139.530904,640.703866,59.975781,-0.003896,1,0
1.033000,-57.651756,205915.552900,-177.761382,204941.689017,62.630243,204683.977342,100.221262,640.387549,-19.346899,646.820287,-139.336746,646.280297,59.973479,-0.003263,1,0
1.067000,-57.548961,203985.347713,-177.532355,203917.676487,62.519051,203970.750389,100.538794,646.752107,-19.907685,646.910876,-139.226525,643.062636,59.968938,0.003553,1,0
1.100000,-57.463624,202487.690967,-177.513888,204376.240317,62.430542,203357.175239,100.469151,650.092348,-19.691162,643.345141,-139.648220,648.354676,59.969044,0.008735,1,0
1.133000,-57.338061,205710.983074,-177.642930,202714.032740,62.403902,203340.945148,100.720217,643.789812,-19.714276,643.537007,-139.352654,646.319710,59.979997,-0.001252,1,0
1.167000,-57.470423,202997.081431,-177.527479,203937.804700,62.546446,203214.194557,100.338086,641.855316,-19.771621,643.674639,-139.286482,647.212931,59.976902,-0.016270,1,0
1.200000,-57.453361,203611.309753,-177.744447,204570.464308,62.490518,203554.287745,100.619716,648.983564,-19.789463,651.232842,-139.480044,645.875558,59.969634,0.005381,1,0
1.233000,-57.322778,203033.435327,-177.579290,203852.302919,62.456135,204193.773453,100.384767,643.669752,-19.570331,645.061705,-139.076259,646.152772,59.968129,0.001913,1,0
1.267000,-57.422720,204588.434987,-177.390453,204601.253939,62.600130,204652.487860,100.698952,644.331193,-19.464482,647.870487,-139.342510,647.403300,59.967320,0.009639,1,0
1.300000,-57.495890,206102.486830,-177.470891,205026.572508,62.311128,204118.095736,100.812248,645.991683,-19.261029,648.715567,-139.686496,645.795397,59.966636,0.005706,1,0
1.333000,-57.499894,203910.119092,-177.491384,204232.538114,62.564258,202501.408118,100.765516,643.013066,-19.512681,652.993686,-139.437751,653.693724,59.966427,-0.012828,1,0
1.367000,-57.443663,205231.484447,-177.488512,204708.978321,62.598019,202998.515276,100.680644,647.219042,-19.639576,646.660265,-139.410896,644.900814,59.974524,-0.000379,1,0
1.400000,-57.445496,204920.034330,-177.268995,205015.741248,62.414949,203678.775992,100.536952,653.258496,-19.286666,646.088340,-139.576672,647.999165,59.973627,-0.008155,1,0
1.433000,-57.307516,205984.883991,-177.533300,204735.175714,62.442487,203623.504026,100.901266,643.964604,-19.585164,644.705111,-139.667483,648.149520,59.978401,0.004316,1,0
1.467000,-57.267252,204456.759499,-177.697573,205153.200094,62.531849,202239.470992,100.755339,644.709044,-19.830954,650.436594,-139.554151,648.364364,59.971898,0.001871,1,0
1.500000,-57.462509,203780.610962,-177.465360,202363.536839,62.567272,203513.963122,100.322682,645.778730,-19.523171,652.275296,-139.680019,643.741332,59.963554,-0.001845,1,0
1.533000,-57.385085,205396.066787,-177.424608,203820.533469,62.451114,203481.455507,100.660898,658.991335,-19.743231,646.126890,-139.789481,647.449346,59.968029,0.009289,1,0
1.567000,-57.570330,205280.797742,-177.490238,204934.500265,62.393102,204758.773201,100.400142,651.400060,-19.373473,648.135556,-139.239123,648.559877,59.966140,0.004059,1,0
1.600000,-57.462861,203967.055301,-177.438052,205342.800433,62.578319,204783.043177,100.624377,649.960659,-19.477801,648.766047,-139.379479,648.652135,59.978253,0.006019,1,0
1.633000,-57.534565,205358.162875,-177.549868,206101.387087,62.445399,204950.227997,100.226735,646.259856,-19.608728,648.422190,-139.647078,646.564835,59.976734,-0.001655,1,0
1.667000,-57.604385,204482.711703,-177.419420,204572.142234,62.600219,203725.479067,100.806474,654.213897,-19.106885,644.356645,-139.563109,651.300396,59.974827,-0.015169,1,0
1.700000,-57.556940,204834.550491,-177.449667,201906.905551,62.516765,203338.795981,100.502422,644.004854,-19.394443,642.344007,-139.503619,652.364563,59.970464,0.005471,1,0
1.733000,-57.524697,205711.505319,-177.476246,205737.347988,62.588108,204884.923037,100.111249,655.146220,-19.679761,644.933546,-139.451177,652.635853,59.971498,0.009444,1,0
1.767000,-57.406863,204874.682585,-177.536258,203727.962267,62.242399,203157.483375,100.750990,649.615953,-19.367360,650.933221,-139.916949,651.977642,59.974519,-0.007497,1,0
1.800000,-57.562213,204098.012535,-177.730683,205781.306680,62.195231,203904.944178,100.485531,652.516508,-19.736720,655.003809,-139.767239,648.856841,59.969333,0.001378,1,0
1.833000,-57.409518,204067.427964,-177.529208,205584.259560,62.555805,203651.607255,100.550233,653.092788,-19.586821,658.301698,-139.234653,655.388553,59.971501,-0.000167,1,0
1.867000,-57.453432,205728.096638,-177.616791,204026.078592,62.442915,204107.290601,100.437660,655.896894,-19.569582,663.537856,-139.703838,654.772439,59.973266,-0.002823,1,0
1.900000,-57.528677,205259.499848,-177.569075,205560.748815,62.572655,204330.930040,100.170076,658.237472,-19.690909,651.631954,-139.409919,661.075870,59.965431,-0.001038,1,0
1.933000,-57.464160,203669.799713,-177.572586,205387.031566,62.479877,203252.227752,100.447253,658.853846,-19.733791,656.434634,-139.390637,653.147685,59.973467,0.010831,1,0
1.967000,-57.554902,203614.676245,-177.518081,203881.437500,62.390080,204230.624509,100.271691,660.173805,-19.800899,656.629661,-139.611113,659.250805,59.971016,0.002660,1,0
2.000000,-57.593367,204437.090765,-177.666892,206522.427690,62.515069,204524.205700,100.428782,657.603273,-19.624358,657.976112,-139.752471,663.924536,59.967434,-0.003945,1,0
2.033000,-57.487929,204286.356814,-177.727451,203125.536462,62.314744,203922.697898,100.504153,660.495452,-19.642770,657.238613,-139.688193,663.291756,59.974142,0.000276,1,0
2.067000,-57.562854,203850.498545,-177.544094,203632.879947,62.369349,202652.382391,100.572662,661.410370,-19.109995,658.100626,-139.483242,655.899521,59.976919,0.003705,1,0
2.100000,-57.591598,202091.979458,-177.399889,203453.217746,62.362320,205377.097034,100.577520,661.529022,-19.088799,657.181574,-139.811499,652.998823,59.979729,0.012575,1,0
2.133000,-57.495332,204259.172232,-177.689280,204931.898480,62.500076,204455.863173,100.631843,662.946600,-19.914221,657.492988,-139.508121,653.749505,59.975849,0.007114,1,0
2.167000,-57.592579,204781.373101,-177.665507,202359.117509,62.447872,202057.341626,100.317017,659.749375,-19.662871,661.017237,-139.338983,661.837719,59.974574,-0.005957,1,0
2.200000,-57.517780,204731.312015,-177.451417,203399.847660,62.490444,204225.589099,100.093991,663.527748,-19.237848,666.586095,-139.783205,660.600302,59.972837,-0.008769,1,0
2.233000,-57.613366,203298.556951,-177.435778,204043.413683,62.459952,204248.648304,100.290571,655.540541,-19.687138,660.217757,-139.718922,662.599471,59.974347,-0.000973,1,0
2.267000,-57.456894,204245.604504,-177.506916,202624.689131,62.571896,203154.295806,100.630410,663.127165,-19.580611,664.641757,-139.448753,659.712657,59.973781,0.007872,1,0
2.300000,-57.667869,203551.357037,-177.391332,203978.643268,62.537686,204984.673340,100.319282,667.785937,-19.567009,666.255700,-139.598097,655.814637,59.971046,-0.000826,1,0
2.333000,-57.390666,202908.196276,-177.436847,203704.808212,62.537135,203200.052317,100.508886,664.463927,-19.320166,668.185962,-139.653949,670.088683,59.966606,-0.004893,1,0
2.367000,-57.521154,205065.468570,-177.500821,204822.036816,62.343254,205198.674154,100.456973,664.445746,-19.253866,668.053603,-139.296942,664.940115,59.970038,-0.000346,1,0
2.400000,-57.470135,204426.400610,-177.521131,203331.232350,62.503486,202584.511550,100.692063,669.485013,-19.770540,666.202475,-139.138235,667.934927,59.964110,0.003677,1,0
2.433000,-57.556117,204890.182797,-177.452420,205578.185675,62.307325,204612.611033,100.626315,662.693956,-19.692426,664.356890,-139.497367,658.060745,59.965089,-0.012496,1,0
2.467000,-57.564163,204038.290255,-177.481944,204062.764318,62.279692,203624.836825,100.517472,670.352004,-19.536983,671.672648,-139.517910,665.560302,59.967636,-0.005844,1,0
2.500000,-57.548796,203816.364327,-177.713804,203424.610198,62.391145,202860.072929,100.335404,662.288694,-19.526381,660.143871,-139.599742,666.562213,59.974929,-0.004570,1,0
2.533000,-57.716626,205259.975963,-177.618164,203947.680499,62.348095,203467.663987,100.305175,671.499130,-19.595189,664.820086,-139.642149,665.216567,59.964985,-0.003475,1,0
2.567000,-57.720946,205186.151248,-177.621386,203279.190457,62.281746,205728.766092,100.240297,658.636964,-19.567156,663.001922,-139.501134,666.966378,59.969296,0.002793,1,0
2.600000,-57.603947,205028.930936,-177.693991,204952.720361,62.206036,203930.360496,100.260330,662.407465,-19.909912,666.036788,-139.839370,661.856679,59.965908,0.004791,1,0
2.633000,-57.681484,205230.781172,-177.640072,202675.736704,62.451621,203673.381016,100.442676,661.664010,-19.723558,664.597470,-139.683230,661.565697,59.969571,-0.003691,1,0
2.667000,-57.682435,205422.975012,-177.701289,203915.982333,62.497819,204475.303904,100.435197,670.498175,-20.023874,663.349451,-139.326807,659.732157,59.974005,-0.005257,1,0
2.700000,-57.601591,204600.410847,-177.759648,204172.813165,62.309334,203916.591432,100.438239,665.856413,-19.648891,665.523344,-139.863455,666.153037,59.965831,0.004851,1,0
2.733000,-57.662809,202863.841609,-177.703920,202911.979764,62.187168,203137.675617,100.146250,667.959359,-19.628062,665.717968,-139.414527,662.534487,59.976645,-0.006447,1,0
2.767000,-57.692318,205430.833133,-177.677969,204592.794906,62.304266,203355.784161,100.144995,667.141100,-19.636247,668.365306,-139.528722,663.728496,59.972882,-0.009837,1,0
2.800000,-57.847714,204857.588262,-177.547981,204945.405419,62.427490,203794.042674,100.129651,673.716869,-19.504436,667.495178,-139.586406,670.324087,59.969355,0.011082,1,0
2.833000,-57.666618,205797.183550,-177.741490,203630.876334,62.336445,203155.495944,100.517305,668.506641,-19.239644,664.508757,-139.599566,670.234776,59.972702,0.009388,1,0
2.867000,-57.609224,205987.386110,-177.733395,205435.664616,62.138427,204150.168563,100.713660,665.332791,-19.862672,665.960035,-139.813340,672.809488,59.966250,-0.014034,1,0
2.900000,-57.682582,204974.995164,-177.515525,203375.210012,62.308857,203460.110464,100.724729,664.179374,-19.188758,664.570866,-139.847112,660.343160,59.967336,0.005556,1,0
2.933000,-57.666378,206427.007094,-177.656423,205104.891531,62.354451,204780.363336,100.326756,665.482328,-19.622866,667.907721,-139.559735,669.384562,59.963118,0.003667,1,0
2.967000,-57.747361,205947.394942,-177.866859,203239.863431,62.433372,203666.491086,100.445976,658.118620,-19.854693,666.555742,-139.508871,660.811814,59.968294,-0.008953,1,0
3.000000,-57.644257,205690.294943,-177.858334,204696.645677,62.367302,203844.644618,100.223615,663.784014,-19.650290,664.970103,-139.536332,662.974541,59.963526,0.003647,1,0
3.033000,-57.778934,206367.531828,-177.794879,204267.476112,62.232880,204499.661826,99.972574,668.504303,-19.977846,668.575885,-139.807224,671.452284,59.968368,-0.000657,1,0
3.067000,-57.635116,204213.113084,-177.626808,203950.405328,62.383368,204290.429870,99.964704,662.762470,-19.753420,665.585532,-139.629566,659.838944,59.971857,0.001412,1,0
3.100000,-57.643038,205656.551452,-177.648999,204110.346263,62.130505,204315.077073,100.128379,659.234296,-19.895504,662.370755,-139.987057,661.860993,59.967518,0.004703,1,0
3.133000,-57.599467,204563.123731,-177.697775,203917.362558,62.363816,202744.472880,100.420643,658.993280,-19.989595,667.899689,-139.943463,664.793467,59.958986,-0.003522,1,0
3.167000,-57.721150,204229.900560,-177.680705,204101.249535,62.335266,202455.834938,100.477078,663.050806,-19.600910,657.416098,-140.106637,658.594391,59.971633,-0.004998,1,0
3.200000,-57.916702,203694.689947,-177.766617,203797.291563,62.399843,204091.103522,99.788895,657.176179,-19.665994,659.293433,-139.480280,655.993717,59.976392,0.004520,1,0
3.233000,-57.675962,204285.055582,-177.658865,203512.822178,62.288504,203611.978727,100.652915,664.314573,-19.849544,659.104272,-139.605857,656.829657,59.982331,0.010046,1,0
3.267000,-57.729118,203314.286273,-177.828124,202316.769969,62.266185,202481.471961,100.246712,655.762773,-19.730395,661.892352,-139.757786,664.715287,59.969665,0.006197,1,0
3.300000,-57.755194,204225.584846,-177.817307,205079.197059,62.084818,204548.837166,100.197542,661.789760,-19.917346,664.860194,-139.901045,654.065076,59.973052,-0.005998,1,0
3.333000,-57.676482,204508.041600,-177.727935,205168.023496,62.107038,202981.609077,100.395470,653.164957,-19.877684,663.428698,-139.539330,664.322359,59.974724,-0.004273,1,0
3.367000,-57.648983,204303.136627,-177.889066,203533.834794,62.229886,201839.657751,100.484170,662.379560,-19.845975,657.836687,-139.833940,661.468826,59.974335,0.001942,1,0
3.400000,-57.843746,206183.724371,-177.735809,203763.226317,62.185722,204750.245483,100.154365,663.171360,-19.963122,666.244296,-140.027847,658.308581,59.974710,-0.013698,1,0
3.433000,-57.543615,205392.397114,-177.804968,204695.126832,62.278219,204471.109979,100.306529,661.569179,-20.042361,652.466499,-139.901427,659.880256,59.972034,-0.001883,1,0
3.467000,-57.549251,204194.340840,-177.548837,205186.340127,62.337617,204592.296987,100.334445,659.415430,-19.438918,653.877190,-139.677165,664.967147,59.971212,-0.000035,1,0
3.500000,-57.751704,203999.090886,-177.644230,205527.234424,62.182048,202354.164302,99.995918,664.252513,-19.542100,658.504224,-139.604379,665.339422,59.971466,0.007772,1,0
3.533000,-57.575847,205276.976738,-177.532367,206786.431131,62.183300,203202.627746,100.268087,668.408627,-19.597510,663.814563,-139.591970,661.101714,59.963106,0.001548,1,0
3.567000,-57.794340,205364.381422,-177.701916,206000.881324,62.225753,202749.285890,100.551009,662.511872,-19.995164,666.372343,-139.520752,666.266964,59.968879,0.009272,1,0
3.600000,-57.609524,204383.122818,-177.911988,205384.310296,62.401595,204689.224043,100.650866,654.624256,-19.899338,658.906451,-139.535156,658.138498,59.965368,-0.002905,1,0
3.633000,-57.773058,204799.146413,-177.822624,203117.688368,62.344725,204287.771874,100.118796,667.951524,-19.992528,660.928439,-139.447959,661.264795,59.971399,-0.005902,1,0
3.667000,-57.648578,203427.711689,-177.733501,203688.315923,62.302188,203761.654579,100.158080,661.979554,-19.428024,665.693213,-139.530414,663.579857,59.971294,0.004887,1,0
3.700000,-57.660043,203962.721982,-177.577864,202768.797443,62.544003,202657.799828,100.035914,664.445493,-19.575240,665.873789,-139.768150,662.756015,59.970296,-0.010795,1,0
3.733000,-57.566734,203770.462873,-177.439382,203979.964340,62.495612,202959.934320,100.057285,669.419276,-19.698621,668.444555,-139.672363,673.535486,59.979557,0.005753,1,0
3.767000,-57.755593,203918.944640,-177.559467,202418.002212,62.481827,202304.077113,100.390644,660.261630,-19.597738,665.840120,-139.525699,667.414439,59.980092,0.006681,1,0
3.800000,-57.559200,205276.115752,-177.728694,202918.141712,62.242699,202711.271749,100.518604,667.002808,-19.555192,663.004816,-139.511506,660.512864,59.973846,0.002292,1,0
3.833000,-57.712933,202570.152312,-177.674318,203317.960910,62.404644,203158.136517,100.510714,657.548635,-19.851568,663.729642,-139.925699,673.731623,59.980626,0.001230,1,0
3.867000,-57.749079,203917.494908,-177.754473,205275.511240,62.328638,203240.131527,100.457250,668.065945,-19.616500,668.144580,-139.738000,662.577564,59.971713,-0.007557,1,0
3.900000,-57.755217,204184.181543,-177.883162,202382.971896,62.140810,203093.457812,100.255929,669.798135,-19.835432,662.031476,-139.925168,670.769288,59.967646,-0.009292,1,0
3.933000,-57.671040,204965.771704,-177.710745,203249.499779,62.262882,202785.826642,100.390417,669.026673,-19.945993,670.195476,-139.487673,669.593980,59.976179,-0.006860,1,0
3.967000,-57.861565,204539.447169,-177.686344,203708.310733,62.172841,203980.729861,100.411806,664.218590,-19.804998,664.438632,-139.880616,663.403132,59.973573,0.005613,1,0
4.000000,-57.763454,204883.767939,-177.550637,202166.576461,62.204390,203222.370750,99.994687,665.823000,-19.511013,667.709579,-139.758772,670.022057,59.972578,0.004071,1,0
4.033000,-57.597974,203387.943774,-177.823878,204451.922876,62.298769,203543.327504,100.523239,667.851313,-19.676410,668.287810,-139.322721,662.813887,59.973617,0.013048,1,0
4.067000,-57.755658,202831.436672,-177.577524,203778.648557,62.272701,203207.767753,100.429856,663.907970,-20.011925,667.186281,-139.728322,668.479170,59.979722,0.002812,1,0
4.100000,-57.680451,203128.692705,-177.744693,204635.556653,62.198771,203554.290015,100.495335,665.209604,-19.660027,668.556022,-140.044118,664.821364,59.970504,0.002051,1,0
4.133000,-57.678024,203848.655596,-177.768722,203252.542955,62.205964,203575.920546,100.517913,668.248247,-19.675880,663.707492,-139.719234,672.881616,59.969313,-0.009259,1,0
4.167000,-57.451926,203424.929560,-177.698050,203287.712153,62.163512,203087.941074,100.639047,674.399522,-19.829126,664.539951,-139.635433,668.248636,59.969521,-0.001481,1,0
4.200000,-57.609206,203362.407734,-177.730671,204153.878078,62.261878,203781.945437,100.409345,672.506007,-19.954649,667.899356,-139.756470,659.119740,59.966128,-0.006666,1,0
4.233000,-57.676006,202235.669821,-177.607654,203707.827804,62.211007,202382.914029,100.108336,663.561361,-19.857314,673.044017,-139.455895,669.263113,59.975209,-0.016983,1,0
4.267000,-57.854569,203260.580582,-177.602495,202900.837739,62.286987,200313.905588,100.175933,671.902833,-19.939304,667.111032,-140.160060,667.021699,59.975303,0.010326,1,0
4.300000,-57.674821,203368.889987,-177.771362,204549.793494,62.287748,203069.685305,100.198583,671.587845,-20.066371,662.815652,-140.293274,673.011003,59.976465,-0.006758,1,0
4.333000,-57.684934,203494.770577,-177.776980,204075.201223,62.433013,202108.029426,100.136305,670.390438,-19.898600,668.511908,-139.911122,670.792807,59.973649,-0.002886,1,0
4.367000,-57.800353,204777.129448,-177.674199,202716.463618,62.369600,202521.835076,100.276533,668.292479,-19.749847,668.536569,-139.707098,672.669444,59.970638,-0.003918,1,0
4.400000,-57.682960,202470.461293,-177.681587,203399.704145,62.330135,203505.650011,100.514936,668.267720,-19.410311,670.861226,-139.658474,669.139150,59.965657,-0.009308,1,0
4.433000,-57.440699,204058.797304,-177.708219,203167.781115,62.333240,201569.341014,100.392103,667.680470,-19.662585,670.511987,-139.811883,668.469014,59.961579,0.006655,1,0
4.467000,-57.709225,204043.588464,-177.624420,202921.181903,62.410105,204510.638246,100.112195,670.717566,-19.503987,672.721487,-139.742305,671.764093,59.970078,-0.001940,1,0
4.500000,-57.746432,202750.691590,-177.562262,202629.323748,62.209137,200438.990691,100.104733,667.455192,-19.463796,673.340143,-139.407842,679.845498,59.970514,-0.014351,1,0
4.533000,-57.585817,204266.312194,-177.799060,202667.563897,62.458375,203343.717287,100.126043,668.701506,-20.048721,672.719197,-139.646544,669.032502,59.962809,0.000609,1,0
4.567000,-57.718619,202444.730828,-177.676404,202880.520976,62.271643,203144.535395,100.409119,669.564765,-19.696792,672.575687,-139.729158,665.383738,59.965181,0.000500,1,0
4.600000,-57.826395,201937.730348,-177.691469,203475.811061,62.239369,202495.402758,100.261645,673.418759,-19.926887,670.393666,-139.625161,671.556379,59.964896,-0.006760,1,0
4.633000,-57.649156,204510.023367,-177.803474,204747.363540,62.197807,201918.764659,100.307392,677.894984,-19.610158,678.004360,-139.830138,666.357462,59.967226,-0.003828,1,0
4.667000,-57.789810,201476.173946,-177.836675,202034.933306,62.348939,200621.740753,99.975701,671.762978,-19.724916,668.551081,-139.560331,668.029267,59.958409,0.009931,1,0
4.700000,-58.076583,203045.322231,-177.630012,202203.465070,62.266276,202104.608727,99.807012,675.831422,-19.976899,670.585267,-139.987583,670.972116,59.962726,0.000540,1,0
4.733000,-57.670816,204086.648231,-177.493100,203034.623338,62.388140,203257.589661,100.688262,667.445291,-19.626989,670.361145,-139.319468,670.805807,59.961122,-0.005821,1,0
4.767000,-57.612648,202410.024343,-177.594358,206198.477129,62.185479,203975.790978,100.121430,666.759529,-19.797530,671.014714,-139.818980,669.104778,59.965543,0.004970,1,0
4.800000,-57.580705,203255.500593,-177.614015,203667.245215,62.282882,201750.099512,100.115703,663.986197,-19.558315,666.465840,-139.514974,669.884817,59.964686,-0.010815,1,0
4.833000,-57.804884,202434.909777,-177.606045,203682.977675,62.370869,204784.024211,100.153103,671.402571,-19.530399,671.001382,-139.614519,671.216565,59.957318,-0.006593,1,0
4.867000,-57.739989,204126.201563,-177.581885,203268.555513,62.246407,202560.887019,100.242849,672.306056,-19.479193,674.077440,-139.783056,665.817005,59.960184,0.001972,1,0
4.900000,-57.645700,203488.248614,-177.687926,201925.238479,62.227028,201524.986946,100.688766,672.892186,-19.688025,667.351254,-139.731060,671.787462,59.951070,0.000106,1,0
4.933000,-57.760839,202369.225486,-177.899714,203289.286972,62.127799,202753.033594,100.054909,676.997888,-19.765827,669.392272,-139.687575,669.496980,59.964012,-0.001850,1,0
4.967000,-57.731857,203230.195226,-177.801532,202963.442474,62.153080,200837.898881,100.370056,671.107716,-20.076811,673.886971,-139.955054,673.837618,59.961972,0.000134,1,0
5.000000,-57.669716,200336.696452,-177.692497,202487.263460,62.250046,202965.876508,100.068766,672.215592,-19.651513,674.968975,-139.812517,674.486604,59.950638,0.007139,1,0
5.033000,-57.707139,202202.653814,-177.648869,202045.614236,62.235250,202028.591501,100.606888,672.678444,-19.736113,678.481354,-139.594379,669.063310,59.950985,-0.007139,1,0
5.067000,-57.706563,201763.517257,-177.832513,201768.860704,62.368859,203686.931008,100.594110,670.352777,-20.032578,671.368968,-139.671666,676.732249,59.948706,0.019763,1,0
5.100000,-57.712986,202583.993009,-177.607127,201910.013459,62.306439,200892.078223,100.145758,670.576154,-19.583569,667.863925,-139.644421,674.880743,59.952636,-0.011894,1,0
5.133000,-57.677591,201565.691235,-177.587431,203428.973816,62.163076,202577.019983,100.636247,666.342998,-19.624112,671.629495,-139.705300,671.818293,59.949900,0.001662,1,0
5.167000,-57.677806,203134.853284,-177.881842,202230.702453,62.324810,202527.254196,100.495010,675.122074,-19.924402,671.703526,-139.577171,668.692385,59.955839,-0.004288,1,0
5.200000,-57.688901,203457.526544,-177.630803,202445.188037,62.448632,203197.056736,100.547685,670.906260,-19.332018,675.769388,-139.434511,671.984370,59.949572,0.006134,1,0
5.233000,-57.559090,203198.424801,-177.800377,202290.790518,62.530661,204917.916350,100.412693,677.496004,-19.760061,670.739585,-139.707384,675.570329,59.954796,0.000763,1,0
5.267000,-57.484822,202735.743712,-177.554717,203064.998359,62.294358,201393.129017,100.674044,667.774929,-19.469782,670.755489,-139.722250,671.881010,59.948967,0.002580,1,0
5.300000,-57.855552,202755.200897,-177.742707,201534.613709,62.383908,202661.081796,100.543926,668.713196,-19.362738,673.595373,-139.386771,674.225558,59.954493,0.006054,1,0
5.333000,-57.487096,203750.833658,-177.621373,202512.740812,62.281541,202577.372998,100.611896,673.008107,-19.587396,665.691024,-139.699797,670.427611,59.940909,0.000047,1,0
5.367000,-57.478831,204090.200869,-177.791054,202813.478995,62.294914,202714.426426,100.700702,670.307515,-20.031145,669.724477,-139.617831,675.957075,59.953809,-0.008414,1,0
5.400000,-57.634269,203410.239886,-177.703136,203426.549915,62.327269,203543.971115,100.521513,670.268351,-19.833040,674.530883,-139.704993,674.534792,59.952199,-0.007718,1,0
5.433000,-57.632807,203189.607351,-177.704738,202930.427567,62.440407,203010.958535,100.114356,675.473251,-20.020187,671.451146,-139.564103,673.933318,59.950376,0.004956,1,0
5.467000,-57.790764,202664.280968,-177.726723,202856.534274,62.429158,203040.751101,100.003568,664.900962,-20.080601,681.512802,-139.340826,671.825383,59.953048,-0.012067,1,0
5.500000,-57.595161,203928.986924,-177.792026,203396.818056,62.536250,203327.368559,100.350536,673.592927,-19.769575,672.913788,-139.395392,673.213332,59.947759,0.004349,1,0
5.533000,-57.735144,201638.092321,-177.593903,201756.627806,62.303665,203230.202052,100.543095,669.988338,-19.603716,672.601286,-139.814383,666.245294,59.957893,-0.003289,1,0
5.567000,-57.549643,202378.328996,-177.730511,203632.172021,62.453223,203919.984899,100.545371,682.053591,-19.745797,675.494130,-139.649324,677.887328,59.947738,-0.007233,1,0
5.600000,-57.610662,203038.849497,-177.581233,202606.970480,62.457729,203710.331150,100.290465,676.534657,-19.719708,673.732494,-139.686032,674.309258,59.949720,0.003221,1,0
5.633000,-57.658956,202675.513288,-177.662771,202841.083645,62.531913,203908.604779,100.438637,675.877458,-19.607278,678.527107,-139.603555,675.904910,59.951293,-0.014571,1,0
5.667000,-57.603278,201594.715175,-177.710580,202597.064111,62.530936,202979.926950,100.606136,671.725338,-19.689469,674.730531,-139.535517,673.700697,59.953231,0.010507,1,0
5.700000,-57.833905,202109.517633,-177.691153,202844.976451,62.336136,201813.860903,100.112655,674.263504,-19.754146,667.015063,-139.346202,678.806629,59.954451,0.011500,1,0
5.733000,-57.514968,202685.234175,-177.696546,202343.148676,62.312912,203116.027489,100.377916,670.705488,-19.651932,676.712927,-139.922218,670.273637,59.948162,-0.002773,1,0
5.767000,-57.580160,202043.176999,-177.763739,202165.061413,62.268038,202170.907739,100.317794,674.402939,-20.000549,680.483851,-139.600012,671.050906,59.956619,0.005014,1,0
5.800000,-57.704940,203899.960178,-177.697447,203333.199745,62.565313,203021.762669,100.307290,677.831790,-19.836087,677.034471,-139.425945,671.459655,59.945381,0.005953,1,0
5.833000,-57.699478,204540.760096,-177.782777,204464.959129,62.284972,203294.767952,99.977974,672.573544,-19.633923,671.284223,-139.855070,679.264921,59.950690,0.005960,1,0
5.867000,-57.534135,202870.249089,-177.773314,202275.112632,62.375630,201835.971440,100.333132,669.273036,-19.783456,670.635438,-139.821923,670.953810,59.952716,0.003568,1,0
5.900000,-57.635962,204710.251840,-177.516806,201804.747115,62.385268,201181.735905,100.428841,675.405574,-19.395064,667.588024,-139.591682,677.502064,59.950790,0.003555,1,0
5.933000,-57.546356,204093.593174,-177.702091,202030.656234,62.252767,202511.350104,100.857031,667.255889,-19.707481,670.958742,-139.560943,671.844391,59.950012,0.005343,1,0
5.967000,-57.512825,201218.135803,-177.617895,205457.013900,62.601045,201441.523543,100.586580,673.468325,-19.616596,666.269599,-139.281954,672.349524,59.948779,-0.001656,1,0
6.000000,-57.761122,203782.894730,-177.539757,201448.169774,62.374309,201385.288194,100.462366,668.685890,-19.581330,660.587091,-139.518509,670.494710,59.943963,0.001111,1,0
6.033000,-57.650604,203986.141023,-177.705654,202581.061877,62.461491,201098.091137,100.239978,666.114472,-19.576833,670.239693,-139.635736,675.034393,59.949650,-0.000481,1,0
6.067000,-57.599920,202804.009653,-177.545068,204175.651029,62.459621,203242.829505,100.388296,671.277786,-19.584451,674.907243,-139.568089,664.608805,59.953448,0.015835,1,0
6.100000,-57.506055,204671.268116,-177.540897,203063.543183,62.511196,204082.016267,100.348730,667.779868,-19.510233,670.154126,-139.748733,664.302769,59.948383,-0.005184,1,0
6.133000,-57.470307,204501.515182,-177.638249,204416.773764,62.296389,202233.379728,100.292222,672.579843,-19.765654,669.811991,-140.067943,673.431662,59.946666,-0.006356,1,0
6.167000,-57.589063,203799.668901,-177.504111,203518.299671,62.454048,203803.391348,100.233148,668.366762,-19.089811,664.300054,-139.509675,673.585430,59.950546,0.001614,1,0
6.200000,-57.571746,203976.386417,-177.528871,201827.941558,62.621601,203749.297438,100.648117,667.831935,-19.731873,661.444252,-139.546042,668.545839,59.959292,0.000901,1,0
6.233000,-57.510622,201738.743639,-177.541807,202963.216846,62.505813,203953.457824,100.153617,663.806498,-19.711853,663.594925,-139.345769,673.376414,59.958172,-0.003162,1,0
6.267000,-57.616808,205523.398221,-177.507388,204018.958467,62.233654,202884.303461,100.390967,666.046157,-19.395295,667.852495,-139.897048,668.238035,59.954970,0.008531,1,0
6.300000,-57.610839,203728.946055,-177.481825,202670.150936,62.558039,202756.069927,100.050294,662.554759,-19.235220,665.733757,-139.450907,669.814285,59.960620,-0.005350,1,0
6.333000,-57.299053,203751.060648,-177.674624,202083.428112,62.592442,205260.575247,100.774512,660.943501,-19.788113,668.456283,-139.309766,669.361490,59.960692,-0.000928,1,0
6.367000,-57.433956,202173.492321,-177.488529,202907.125878,62.551190,204147.599322,100.417594,666.352341,-19.416338,666.500673,-139.570673,661.455933,59.956533,-0.006893,1,0
6.400000,-57.337093,202252.826605,-177.528770,204463.881573,62.558608,203984.359189,100.741549,669.211430,-19.388948,660.952552,-139.153011,667.668572,59.955091,-0.001880,1,0
6.433000,-57.545205,203362.631460,-177.411284,203797.281930,62.651027,203007.848325,100.423506,661.659921,-19.425336,666.247006,-139.449728,672.593976,59.960331,0.005051,1,0
6.467000,-57.300532,203323.753377,-177.410177,203700.982042,62.639963,204240.728611,100.786195,667.123924,-19.606478,667.277358,-139.360800,668.681238,59.955707,-0.004315,1,0
6.500000,-57.222702,204087.988072,-177.558770,202745.850128,62.389604,201132.665791,100.942288,669.109840,-19.677604,672.121430,-139.786318,664.567459,59.952192,-0.013800,1,0
6.533000,-57.520904,202357.191347,-177.519874,202987.444775,62.374536,202408.448998,100.302108,668.994450,-19.195500,676.218697,-139.626794,672.459903,59.952817,0.003460,1,0
6.567000,-57.418521,203137.360597,-177.500329,203997.794987,62.562121,203901.826490,100.506251,676.635238,-19.350459,671.938293,-139.095002,672.125399,59.960643,-0.001333,1,0
6.600000,-57.405632,204299.128913,-177.481251,204990.750291,62.378503,203613.412596,100.413852,669.750991,-19.860436,673.421177,-139.785632,668.626720,59.957616,0.002473,1,0
6.633000,-57.539284,202730.548878,-177.452002,202923.698848,62.469207,203086.131861,100.337130,674.456996,-19.338361,671.653913,-139.689058,678.494499,59.966881,-0.004179,1,0
6.667000,-57.393945,204403.217017,-177.301090,204773.657486,62.375851,202892.770163,100.618911,675.837103,-18.917740,671.865157,-139.629050,673.207903,59.968293,-0.004174,1,0
6.700000,-57.316453,203135.358632,-177.618817,201477.097078,62.388354,202009.915420,100.751843,672.779618,-19.736729,677.486548,-139.577412,673.997424,59.964495,-0.001816,1,0
6.733000,-57.565236,204414.238571,-177.464862,204184.566108,62.635492,203107.374411,100.580199,673.652752,-19.446030,676.708523,-139.556639,676.025596,59.953267,0.003202,1,0
6.767000,-57.304972,204367.496193,-177.422789,201276.548588,62.640699,203346.961453,100.797040,665.068971,-19.448427,671.295499,-139.083890,672.626935,59.953266,-0.004533,1,0
6.800000,-57.225131,203416.863390,-177.457305,203586.829009,62.411133,202990.954331,100.809024,674.227233,-19.162454,668.537828,-139.737086,671.014587,59.958343,0.017017,1,0
6.833000,-57.329067,205069.283541,-177.571305,203722.156180,62.401707,202529.342438,100.530962,667.856013,-19.412896,676.814028,-139.608588,669.850235,59.961225,0.004427,1,0
6.867000,-57.478332,201935.665088,-177.542443,203849.111638,62.522121,202983.283926,100.650208,674.913569,-19.698219,680.106453,-139.748598,675.523606,59.959783,-0.002062,1,0
6.900000,-57.503099,203600.464412,-177.356823,202008.078311,62.524568,204465.184327,100.541460,672.587942,-19.305326,673.919688,-139.445342,676.955005,59.953966,-0.000673,1,0
6.933000,-57.584666,203798.622316,-177.212391,202753.572451,62.485563,205154.832982,100.274385,672.584695,-18.961917,670.782247,-139.493277,673.847878,59.968500,0.003041,1,0
6.967000,-57.391935,203924.901231,-177.544810,204473.446302,62.457439,203537.926291,100.654270,673.522397,-19.325073,674.263391,-139.842576,679.628513,59.958171,0.003914,1,0
7.000000,-57.429044,205484.949599,-177.414629,202274.920099,62.544865,202848.002231,100.654810,673.790978,-19.386664,671.664641,-139.694573,676.277541,59.949683,0.003069,1,0
7.033000,-57.413638,202690.467022,-177.338581,202913.862015,62.504021,204034.460390,100.846776,675.031073,-19.228544,674.686550,-139.672255,671.173223,59.956716,0.008109,1,0
7.067000,-57.729412,203605.303326,-177.548809,203241.602131,62.732012,202533.443545,100.360883,678.600165,-19.557704,676.061786,-139.244240,666.625897,59.953791,-0.000491,1,0
7.100000,-57.260054,203488.879809,-177.585650,201499.619650,62.490269,203441.058400,100.589729,676.842045,-19.635976,665.497906,-139.348442,669.206770,59.947902,-0.006715,1,0
7.133000,-57.652970,203210.414959,-177.462320,203766.525392,62.594955,202842.069545,100.172018,674.144765,-19.449029,675.069850,-139.429873,668.612769,59.944415,0.010481,1,0
7.167000,-57.366706,202925.785434,-177.507848,201743.172103,62.395385,201895.674614,100.660177,668.087300,-19.721303,670.476629,-139.878067,673.349646,59.954910,-0.002897,1,0
7.200000,-57.550862,203780.917707,-177.762186,203483.871375,62.514220,201573.175394,100.345200,670.234349,-19.692587,669.840323,-139.396838,671.696135,59.952723,0.008213,1,0
7.233000,-57.604303,205555.629241,-177.493151,202502.897427,62.527757,202525.892551,100.368258,664.081959,-19.583743,662.834236,-139.910166,670.663758,59.950102,0.004138,1,0
7.267000,-57.642170,204904.965848,-177.503114,203161.422690,62.566994,202985.224039,100.428056,676.001508,-19.705691,672.589112,-139.515780,671.741431,59.953169,0.007027,1,0
7.300000,-57.697155,202137.519581,-177.554572,204011.023743,62.441108,202662.807929,100.249783,668.676091,-19.346446,668.310899,-139.566609,667.598493,59.947117,-0.003885,1,0
7.333000,-57.550744,202567.964143,-177.702867,205905.347184,62.442374,204113.555825,100.393493,669.433709,-19.649187,672.118328,-139.450223,670.245829,59.951525,0.015587,1,0
7.367000,-57.524157,205155.233091,-177.487542,203616.510313,62.612514,202524.895389,100.195351,659.120168,-19.380581,667.665864,-139.216885,668.385905,59.945658,0.005456,1,0
7.400000,-57.683823,204085.015303,-177.477613,202290.457322,62.423274,201912.918337,100.378751,671.343600,-19.892841,667.005233,-139.526672,664.665406,59.953819,0.001106,1,0
7.433000,-57.487429,203400.812824,-177.553292,203315.960782,62.320513,203993.364300,100.796200,666.638317,-19.626351,666.603703,-139.742777,669.952628,59.959794,0.009453,1,0
7.467000,-57.643404,203247.302900,-177.658915,202360.200586,62.475495,203276.203567,100.235157,671.762877,-19.734750,666.887648,-139.426259,668.221517,59.949547,-0.007991,1,0
7.500000,-57.656398,201949.394708,-177.704707,202279.197293,62.317974,202587.361028,100.540001,664.155749,-19.542702,666.949064,-139.834624,669.367629,59.943341,0.010952,1,0
7.533000,-57.516275,202005.140004,-177.674286,203143.416372,62.425961,201856.277749,100.212540,662.939289,-19.574511,666.785927,-139.300524,663.179400,59.944706,-0.011531,1,0
7.567000,-57.608962,204763.440068,-177.524099,203181.573476,62.373266,201386.868575,100.348222,665.234304,-19.692339,655.268692,-139.497599,667.475152,59.944244,-0.000138,1,0
7.600000,-57.438370,202628.843476,-177.677955,204033.784600,62.412930,202000.849444,100.588658,667.452857,-20.053817,664.773074,-139.763021,663.780827,59.953280,-0.001718,1,0
7.633000,-57.548042,203012.633052,-177.853873,204021.840339,62.383297,201544.148574,100.772470,666.041760,-19.955285,666.875124,-139.655794,666.192538,59.945136,-0.006920,1,0
7.667000,-57.639220,203169.114396,-177.327898,205651.136650,62.316844,203241.487870,100.015002,661.793047,-19.270073,665.941070,-139.666265,660.973063,59.944901,0.002772,1,0
7.700000,-57.607750,204176.865428,-177.633362,203594.885189,62.370979,201735.150743,100.395668,656.255796,-19.787319,661.866308,-139.775120,668.292546,59.947536,-0.004998,1,0
7.733000,-57.620294,202987.951257,-177.674725,203523.242391,62.341388,204016.587141,100.379378,668.615179,-19.677331,666.806044,-139.629336,661.915025,59.938760,-0.001726,1,0
7.767000,-57.650031,204784.436979,-177.612281,203024.144907,62.242232,201698.976785,100.340894,666.730386,-19.409841,663.231064,-139.885994,660.962886,59.950482,0.009475,1,0
7.800000,-57.639651,204649.858903,-177.670963,203083.056317,62.293699,204379.947025,100.448215,663.799063,-19.702548,666.208706,-139.823407,657.829746,59.938024,0.012187,1,0
7.833000,-57.638918,204601.543787,-177.585463,202281.160428,62.565231,202879.720156,100.537297,661.064869,-19.834973,661.375875,-139.595020,665.239107,59.938309,-0.009634,1,0
7.867000,-57.631134,203418.952845,-177.389636,202977.547979,62.407864,203271.692901,100.713358,657.183335,-19.171015,664.308901,-139.430971,662.055466,59.937247,-0.011740,1,0
7.900000,-57.567731,203671.373338,-177.571276,203407.969385,62.374490,203202.197004,100.736025,664.290509,-19.603884,663.967074,-139.408225,653.817763,59.941415,0.001442,1,0
7.933000,-57.472123,203945.440067,-177.532866,203549.025858,62.252457,204139.913487,100.275356,662.416670,-19.370878,663.978540,-139.560456,655.462370,59.941576,0.006473,1,0
7.967000,-57.654353,204903.678968,-177.566357,203314.000320,62.321177,201262.873875,100.141026,653.693582,-19.138879,656.445691,-139.755416,657.440015,59.942052,0.000726,1,0
8.000000,-57.403828,203302.990403,-177.611376,202996.868181,62.107664,202227.804595,100.876289,661.258297,-19.348840,657.752043,-139.921540,662.612458,59.941789,-0.000405,1,0
8.033000,-57.485242,203130.704537,-177.624319,204078.398140,62.679757,203356.420970,100.258409,662.001081,-19.908444,657.011459,-139.405996,656.610684,59.942455,0.010512,1,0
8.067000,-57.549914,203744.465037,-177.565651,201763.904513,62.306145,203797.283251,100.386126,657.145604,-19.677800,655.623057,-139.878285,653.164908,59.944981,-0.002476,1,0
8.100000,-57.584036,206089.297392,-177.535292,202761.855237,62.347497,205091.527640,100.777824,651.367014,-19.569546,653.155557,-139.489528,660.161468,59.944472,-0.012001,1,0
8.133000,-57.608518,204251.889949,-177.639466,203758.940143,62.365051,203343.154431,100.313295,658.496057,-19.466126,657.945579,-139.630579,665.315401,59.941928,0.011211,1,0
8.167000,-57.633048,205514.802797,-177.652135,204525.548893,62.407558,202781.387483,100.320838,657.718273,-19.606352,660.604046,-139.800725,653.328387,59.944168,-0.010360,1,0
8.200000,-57.478080,202524.209530,-177.585774,204055.383242,62.323609,201341.475857,100.346650,650.195363,-19.512642,659.931878,-139.631563,657.241637,59.941928,0.008890,1,0
8.233000,-57.488715,203384.251311,-177.758821,203170.979185,62.262102,202996.063512,100.331387,663.641457,-19.621167,665.559400,-139.816619,657.024206,59.945692,0.002426,1,0
8.267000,-57.557573,204122.055637,-177.758651,203294.968459,62.538587,201544.992269,100.283548,669.865141,-19.826577,666.925334,-139.526881,660.810158,59.945887,-0.000615,1,0
8.300000,-57.625142,202624.394600,-177.681862,204233.334601,62.434027,203430.532912,100.743850,655.994373,-19.325129,660.889413,-139.933431,664.194889,59.940285,0.007856,1,0
8.333000,-57.597888,203663.773003,-177.745209,202740.158948,62.332143,201879.122510,100.801019,666.194727,-19.620646,661.977756,-139.968911,656.323583,59.941316,-0.006260,1,0
8.367000,-57.545307,204938.122821,-177.448215,202320.078106,62.290641,202237.437463,100.683644,655.980217,-19.307187,664.091595,-140.006614,663.666075,59.943615,0.006589,1,0
8.400000,-57.572742,204367.795768,-177.579725,205536.902423,62.528190,203432.087307,100.281563,664.978463,-19.979243,652.348765,-139.523173,669.010307,59.949514,0.011321,1,0
8.433000,-57.659081,203194.259967,-177.410143,203339.550984,62.409233,204068.754574,100.560190,661.560362,-19.384223,653.725047,-139.411587,666.480741,59.957889,0.001524,1,0
8.467000,-57.709417,204006.089963,-177.527928,204029.052916,62.298250,203976.818194,100.377346,657.752037,-19.785196,665.944948,-139.762402,661.999492,59.943674,-0.005091,1,0
8.500000,-57.480405,203217.899846,-177.415948,202754.330743,62.509854,203115.976474,100.756923,659.154837,-19.247111,658.771243,-139.500002,656.008628,59.941502,-0.002147,1,0
8.533000,-57.635046,203848.411461,-177.620662,203988.167311,62.471753,203638.661074,100.338399,663.293957,-19.608388,660.502756,-139.471259,666.599856,59.947663,0.001090,1,0
8.567000,-57.583354,203039.466074,-177.644653,203118.723098,62.580748,203448.659348,100.523945,660.660860,-19.505649,665.578929,-139.142739,663.063914,59.938696,-0.003776,1,0
8.600000,-57.751444,202665.215970,-177.550965,203250.076389,62.387231,203656.047451,100.055414,655.279117,-19.789924,660.875209,-139.320714,660.118426,59.941211,0.004239,1,0
8.633000,-57.442440,203025.034602,-177.774002,204318.399725,62.701440,203608.767901,100.505939,659.695614,-19.580176,659.052649,-138.998493,664.705218,59.943422,-0.004338,1,0
8.667000,-57.329368,203714.512983,-177.514017,202273.375280,62.644525,201967.724351,100.420047,661.631238,-19.480103,662.483339,-139.119658,661.997338,59.940742,-0.005931,1,0
8.700000,-57.441772,203022.066309,-177.486368,202078.835749,62.464320,202640.811692,100.517928,655.834412,-19.855294,653.514571,-139.395409,665.662549,59.939909,0.001109,1,0
8.733000,-57.364281,202184.230048,-177.398953,203069.864425,62.505209,201812.261307,101.138107,657.618844,-19.216561,655.636080,-139.432936,661.785315,59.935601,-0.007028,1,0
8.767000,-57.476373,202928.145975,-177.676653,202115.301868,62.506876,202478.533472,100.569971,656.579860,-19.428828,660.893298,-139.316610,659.434468,59.936654,-0.003162,1,0
8.800000,-57.674805,202727.034203,-177.641691,201900.457534,62.354653,202431.499204,100.016634,660.112025,-19.509395,659.695250,-139.296651,662.304554,59.945177,0.006423,1,0
8.833000,-57.465551,204425.907388,-177.649649,202980.460315,62.446343,203803.646520,100.575054,660.458351,-19.568787,660.216231,-139.690514,655.632561,59.939858,-0.008347,1,0
8.867000,-57.372678,203419.103974,-177.578432,203713.712410,62.451445,201883.784856,100.632720,662.191542,-19.629135,664.090739,-139.113102,662.641761,59.948442,0.002939,1,0
8.900000,-57.558488,203837.245485,-177.624011,203502.656583,62.542226,203638.234831,100.605299,663.854627,-19.682821,653.062113,-139.098346,659.032925,59.951428,-0.006498,1,0
8.933000,-57.465156,203906.545867,-177.513975,204084.726500,62.413731,202051.923777,100.474461,658.198145,-19.539657,664.287492,-139.921806,664.892384,59.941301,-0.009305,1,0
8.967000,-57.398390,204375.507727,-177.696391,202959.319144,62.230536,204582.248868,100.925936,658.933557,-19.937780,657.447909,-140.077970,658.097748,59.948171,0.006419,1,0
9.000000,-57.516183,202394.598165,-177.321974,204494.801186,62.614923,203100.468730,100.210590,662.399938,-19.470577,657.382640,-139.739756,655.024583,59.954464,0.001905,1,0
9.033000,-57.461291,203568.690511,-177.576998,203367.246585,62.442077,202529.294360,100.643310,660.680771,-19.341469,656.138498,-139.439862,652.399486,59.946711,-0.016019,1,0
9.067000,-57.401998,203203.771019,-177.687321,205141.393861,62.474484,202683.748899,100.103980,658.500553,-19.882584,654.828292,-139.739064,655.678681,59.946816,-0.003125,1,0
9.100000,-57.509154,204275.966211,-177.685402,204328.652746,62.478767,202588.466590,100.523824,662.375230,-19.363960,660.430172,-139.254289,660.459189,59.947113,-0.006620,1,0
9.133000,-57.635395,203904.105475,-177.755989,205079.500677,62.395092,203634.982860,100.637256,661.649564,-19.532459,659.331476,-139.705006,656.068033,59.947887,0.008330,1,0
9.167000,-57.615773,204525.399500,-177.475243,203262.161604,62.505288,204160.767091,100.238566,663.436913,-19.645064,657.593722,-139.561463,657.449825,59.943902,0.001903,1,0
9.200000,-57.663505,203430.911860,-177.486917,203385.384959,62.345877,203085.918507,100.589398,655.344816,-19.516308,668.350748,-140.036765,664.016532,59.954004,0.007496,1,0
9.233000,-57.593062,203401.030700,-177.605043,202986.139482,62.463621,203469.690320,100.385612,658.713172,-19.384275,657.109464,-139.258013,669.462643,59.942547,-0.010735,1,0
9.267000,-57.546835,203493.871016,-177.683145,204911.444715,62.266712,203295.276764,100.509100,667.042156,-19.428786,661.942715,-139.865654,657.251043,59.943343,-0.007855,1,0
9.300000,-57.600351,202259.962757,-177.655217,203566.974552,62.402719,202664.173761,100.490084,668.818331,-19.759492,663.163693,-139.358147,666.001606,59.941882,-0.005064,1,0
9.333000,-57.702477,203870.908475,-177.705138,205007.006476,62.329591,203194.132695,100.267500,664.599905,-19.683596,662.212851,-139.704348,661.711040,59.940300,0.005253,1,0
9.367000,-57.698732,205194.392216,-177.696146,202845.782080,62.454165,201956.144618,101.020188,662.828297,-19.965628,663.793549,-139.440935,663.794362,59.934825,-0.004712,1,0
9.400000,-57.589040,204999.471597,-177.665927,204202.445468,62.334383,204066.058854,100.053840,666.872215,-19.448485,661.900806,-139.634098,666.309117,59.946740,-0.001127,1,0
9.433000,-57.494094,203183.616396,-177.723914,204286.639905,62.392413,201442.134967,100.427340,664.646431,-19.578173,665.627690,-139.822096,664.177810,59.943419,-0.000305,1,0
9.467000,-57.619399,204444.946648,-177.716778,201905.811591,62.351259,203685.969990,100.515128,670.862199,-19.714194,666.023537,-139.723460,667.398913,59.938874,0.001011,1,0
9.500000,-57.707284,205046.585306,-177.805089,202106.819855,62.503066,203968.993791,100.419110,671.055379,-19.952697,664.399590,-139.561042,666.834092,59.941792,-0.006321,1,0
9.533000,-57.743685,202852.028153,-177.705570,205036.068027,62.375847,204114.463032,100.278624,669.537589,-19.867515,666.135548,-139.788737,674.773529,59.943128,-0.003044,1,0
9.567000,-57.458952,202796.141291,-177.561491,201637.482150,62.458729,202889.683801,100.809450,663.081470,-19.383166,668.997576,-139.635972,667.146504,59.931720,0.002672,1,0
9.600000,-57.608518,203478.480348,-177.745087,202925.062248,62.221528,203485.883920,100.201712,664.812165,-19.582670,669.485138,-139.721040,665.031618,59.936397,0.007529,1,0
9.633000,-57.704543,202516.477303,-177.664681,203490.905175,62.296463,203531.490035,100.214802,673.113192,-19.773681,664.038437,-139.683617,664.254856,59.929948,-0.004843,1,0
9.667000,-57.722716,203812.413920,-177.576973,202365.175434,62.046095,201822.098915,100.250863,669.909207,-19.719847,666.407459,-140.005577,670.276886,59.928210,-0.001284,1,0
9.700000,-57.821598,205092.998652,-177.774574,203691.704962,62.185461,203281.484408,100.140678,665.532480,-19.650253,659.219777,-139.871015,659.982110,59.932006,-0.002282,1,0
9.733000,-57.837991,204156.970842,-177.563415,201460.102273,62.195995,204466.446013,100.124810,666.867556,-19.498709,666.254151,-139.890078,660.603169,59.941841,-0.000223,1,0
9.767000,-57.866029,204296.298177,-177.774591,203978.213514,62.266467,202568.634259,100.282226,672.776833,-19.601561,666.877706,-139.502228,661.364120,59.939462,-0.008337,1,0
9.800000,-57.569774,202603.303957,-177.886264,203719.627400,62.234548,202588.214979,100.474311,659.466821,-19.655766,658.766615,-139.750212,663.509819,59.951502,0.006086,1,0
9.833000,-57.713520,202681.967785,-177.828177,203441.190337,62.183013,203921.008313,100.263333,660.095674,-19.571971,658.662878,-139.951204,663.285294,59.947072,-0.006331,1,0
9.867000,-57.648943,203708.078893,-177.691516,205147.436241,62.272150,203415.243062,100.222292,655.655134,-19.640237,659.120684,-139.538964,660.442021,59.941092,-0.008266,1,0
9.900000,-57.650125,204221.186729,-177.720530,203350.993413,62.202654,203409.398383,99.965454,658.241806,-19.700886,661.088710,-139.970161,660.346307,59.946845,0.003782,1,0
9.933000,-57.717540,203153.971806,-177.441246,205124.802346,62.410295,203193.718126,100.299313,667.233734,-19.544913,652.832914,-139.510095,659.537227,59.947786,0.002381,1,0
9.967000,-57.473024,204969.526561,-177.665040,203976.064852,62.270935,203109.931374,100.789304,663.053134,-19.613582,659.824573,-139.932374,660.849843,59.939267,-0.009340,1,0
10.000000,-57.696426,202802.085661,-177.494718,203232.436536,62.443832,203549.638905,100.376318,663.001440,-19.932266,662.767188,-139.208971,661.689569,59.947277,-0.006204,1,0
10.033000,-57.727962,203865.381555,-177.672623,202546.700565,62.299170,202956.023669,100.420934,665.940504,-19.648675,664.765365,-139.835052,669.002132,59.956566,0.009992,1,0
10.067000,-57.708864,203511.566620,-177.747325,202975.911696,62.217987,203080.662704,100.416641,660.577386,-19.914670,661.318077,-139.644449,663.790187,59.944321,0.003664,1,0
10.100000,-57.740275,203881.065239,-177.530333,203454.070853,62.323887,202614.730954,100.237541,661.978418,-19.744797,659.611258,-139.762807,653.669363,59.948332,0.002044,1,0
10.133000,-57.622129,203521.880707,-177.673486,203100.018730,62.512286,204436.420169,100.674504,666.273595,-19.928178,668.662952,-139.436924,659.188879,59.945029,0.004554,1,0
10.167000,-57.754530,204785.009561,-177.473487,204380.162661,62.382146,203441.242442,100.208862,657.926738,-19.611358,665.725196,-139.664598,665.168077,59.939671,-0.002975,1,0
10.200000,-57.535945,204114.922474,-177.651279,203584.992390,62.280128,204542.539404,100.286642,665.659068,-19.880924,665.740635,-139.684964,667.276484,59.948303,0.010188,1,0
10.233000,-57.469782,202059.986909,-177.635151,205113.722799,62.342979,202822.109075,100.552043,669.950951,-19.261835,664.227852,-139.691635,660.903371,59.942066,-0.000486,1,0
10.267000,-57.508435,202804.571156,-177.586838,203200.810436,62.463304,203233.340729,100.684019,673.637632,-19.635024,669.512979,-139.623612,670.660716,59.936655,-0.000395,1,0
10.300000,-57.660948,203207.060806,-177.522891,202490.962359,62.482398,203624.780546,100.346488,669.981345,-19.693878,667.423194,-139.556962,669.513380,59.936763,-0.005072,1,0
10.333000,-57.665813,204463.652533,-177.465608,204486.036953,62.426512,203492.964045,99.974186,668.878217,-19.700719,663.721056,-139.649408,668.685244,59.944584,-0.003456,1,0
10.367000,-57.414361,204070.047846,-177.585214,205527.952926,62.408640,203429.125227,100.563154,668.763512,-19.410132,667.647181,-139.430938,666.251150,59.948121,-0.002137,1,0
10.400000,-57.670578,204924.160836,-177.456077,202657.608800,62.303037,202836.464369,99.954566,662.677074,-19.029844,664.149223,-139.387575,673.553608,59.938555,0.006459,1,0
10.433000,-57.537589,204004.571388,-177.544305,204307.467235,62.541754,204538.134485,100.927647,666.584926,-19.514815,666.077798,-139.636700,672.763573,59.941759,0.013822,1,0
10.467000,-57.608214,205959.781189,-177.598289,205571.846741,62.482916,201929.400525,100.276789,669.156724,-19.596240,666.757485,-139.795624,666.188256,59.937807,-0.001798,1,0
10.500000,-57.700616,205591.802263,-177.459937,204546.621316,62.495489,201145.529215,100.194281,666.885796,-19.363138,668.587091,-139.713651,661.497559,59.940272,0.000959,1,0
10.533000,-57.477571,203366.503221,-177.482518,202224.439166,62.596793,202017.484523,100.888978,669.417986,-19.712393,665.300660,-139.560925,667.554882,59.943644,-0.012405,1,0
10.567000,-57.553375,203734.297031,-177.595264,202360.074907,62.365710,202456.935988,100.398423,664.665382,-19.786659,667.934526,-140.082928,661.771981,59.937755,-0.005409,1,0
10.600000,-57.408142,201750.110115,-177.423533,204125.556270,62.416805,204487.883079,100.943658,671.039500,-19.159936,668.966854,-139.649479,670.231527,59.942543,0.003090,1,0
10.633000,-57.632842,202195.258594,-177.462759,203909.842492,62.490478,202705.916428,100.226320,668.015360,-19.395144,666.988974,-139.714110,669.647731,59.939781,0.007085,1,0
10.667000,-57.464917,202999.247017,-177.376076,203923.320212,62.576116,201065.602635,100.635525,663.635549,-19.603759,663.514496,-139.386157,666.025990,59.946484,0.007577,1,0
10.700000,-57.473079,202919.678775,-177.617008,202072.663673,62.431173,203522.216116,100.628620,665.860958,-19.891937,666.110371,-139.643052,665.952141,59.944160,0.002123,1,0
10.733000,-57.525036,202121.172773,-177.443473,202334.936039,62.517586,202777.581684,100.434250,668.913333,-19.513151,669.356450,-139.781352,666.218668,59.938207,0.001569,1,0
10.767000,-57.473562,204639.679794,-177.580477,202806.697370,62.402899,202807.946156,100.511562,661.129151,-19.418452,668.120916,-139.643907,667.903861,59.936914,-0.003140,1,0
10.800000,-57.437906,202579.467748,-177.551919,203764.651618,62.393498,200799.322592,100.601565,669.221105,-19.675107,662.356181,-139.789953,666.851297,59.946708,0.000773,1,0
10.833000,-57.646209,202371.683244,-177.518690,204737.765628,62.515753,201723.322430,100.532876,662.519149,-19.441011,665.106397,-139.242265,661.903865,59.945318,0.007741,1,0
10.867000,-57.550249,203617.687869,-177.516435,202670.315910,62.527095,202644.085724,100.495340,661.353057,-19.207094,659.824420,-139.511557,656.998827,59.935652,0.010353,1,0
10.900000,-57.423753,203456.519747,-177.554586,202230.782441,62.606608,201423.819539,100.487590,657.538610,-19.550725,663.854322,-139.199133,656.802434,59.938242,0.007985,1,0
10.933000,-57.530592,202230.239189,-177.690942,200849.089842,62.394748,200889.346649,100.256126,664.594305,-20.038712,666.035988,-139.924068,659.623681,59.944693,0.003370,1,0
10.967000,-57.281248,202879.014478,-177.361760,201179.194595,62.516051,203402.404250,100.589732,665.916746,-19.419388,663.246728,-139.693875,658.711347,59.942010,-0.008236,1,0
11.000000,-57.445114,202775.387808,-177.554187,204169.845541,62.624126,201811.255284,100.672121,662.560940,-19.613668,658.320039,-139.572535,662.786714,59.939162,-0.011549,1,0
11.033000,-57.689343,202885.295126,-177.634450,202700.642948,62.383912,202123.840666,100.338895,664.579984,-19.640123,658.518154,-139.407014,664.906266,59.936067,-0.006569,1,0
11.067000,-57.542600,202611.622985,-177.515058,202125.608824,62.299513,201553.217796,100.482509,662.879748,-19.906499,664.473784,-139.781914,659.220366,59.946464,0.001610,1,0
11.100000,-57.665211,204652.508770,-177.515972,201476.337328,62.487986,202353.623168,100.125402,663.146894,-19.694607,664.235520,-139.474751,658.745659,59.945951,0.013863,1,0
11.133000,-57.363396,203550.395543,-177.505049,202764.176125,62.490374,202312.020951,100.902141,656.277297,-19.417123,654.754327,-139.382214,657.484534,59.932792,0.002745,1,0
11.167000,-57.688446,202491.479032,-177.420730,204159.781226,62.335510,200423.422084,100.343192,661.196672,-19.693731,659.546846,-139.305751,664.464044,59.938546,0.005289,1,0
11.200000,-57.428901,204504.448478,-177.791250,201472.472216,62.360054,201085.709031,100.594192,666.900070,-20.009327,663.113991,-139.728161,663.678477,59.941733,-0.004896,1,0
11.233000,-57.486989,203757.013560,-177.586059,202240.561242,62.262500,202154.331199,100.422048,659.855778,-19.599265,674.175723,-139.849484,662.617690,59.939686,-0.013964,1,0
11.267000,-57.639980,202498.673616,-177.823608,203779.413456,62.424792,202935.440142,100.246066,666.166569,-19.622927,664.975722,-139.446889,663.429589,59.949898,0.007000,1,0
11.300000,-57.434469,203493.274883,-177.556049,202505.009344,62.335534,203513.465770,100.583930,662.750528,-19.733872,671.311085,-139.380132,665.620788,59.940765,-0.000259,1,0
11.333000,-57.659289,200790.503943,-177.430886,201093.435996,62.299973,202891.333040,100.327365,663.199868,-19.369944,663.489543,-139.786841,662.463938,59.942756,-0.016644,1,0
11.367000,-57.656747,200872.505780,-177.695365,202824.591964,62.410678,201497.941445,100.130320,663.222262,-19.584694,659.994647,-139.297454,668.779729,59.943477,0.004468,1,0
11.400000,-57.550676,202909.099275,-177.503154,201718.803567,62.306355,201809.529388,100.493834,661.611870,-19.374274,665.064310,-139.498610,658.765033,59.940435,-0.006875,1,0
11.433000,-57.352697,202529.881253,-177.711162,201744.208915,62.461037,201267.629787,100.836549,667.756607,-20.043633,665.219349,-139.299019,666.182816,59.950439,0.007201,1,0
11.467000,-57.348250,201150.053657,-177.430621,200866.502056,62.665793,203125.383357,100.361595,665.355545,-19.266280,667.359190,-139.316662,670.194200,59.945297,0.002825,1,0
11.500000,-57.489139,203189.216973,-177.550821,202423.520251,62.526138,201719.209372,100.299563,669.598049,-19.590182,664.096610,-139.413239,672.337490,59.947873,-0.010775,1,0
11.533000,-57.305504,201134.971992,-177.343814,203209.891677,62.496410,201699.906780,100.714766,668.740522,-19.222081,662.029232,-139.550049,668.633409,59.941993,0.001232,1,0
11.567000,-57.258166,202037.581211,-177.316587,201289.994121,62.442471,201968.699418,100.483478,668.876353,-19.486570,661.290583,-139.562962,667.891925,59.941698,0.006076,1,0
11.600000,-57.411339,203240.226007,-177.521102,201181.493741,62.535342,203084.840868,100.533699,667.229099,-19.460079,659.569400,-139.314791,667.156558,59.949492,-0.009048,1,0
11.633000,-57.330725,202914.437706,-177.350254,201301.052411,62.544779,201408.013754,100.393837,668.334084,-19.183573,667.216851,-139.651482,665.709148,59.941740,0.003571,1,0
11.667000,-57.261666,202058.510954,-177.659138,202709.818825,62.393501,203118.531517,100.743037,660.518237,-19.898650,662.788541,-139.593875,667.597177,59.941723,0.007491,1,0
11.700000,-57.397251,203062.913429,-177.545119,203041.476526,62.518065,202317.079061,100.797585,668.723971,-19.664118,665.926932,-139.372442,672.159852,59.938367,0.003098,1,0
11.733000,-57.548309,201597.158506,-177.473762,201244.038621,62.604408,203316.988166,100.272395,665.872477,-19.552861,672.784396,-139.447942,666.288916,59.937592,0.003093,1,0
11.767000,-57.426477,203003.086406,-177.360628,202272.277492,62.638258,202138.487355,100.251634,667.556644,-19.475653,668.905227,-139.532489,670.480324,59.935424,-0.009581,1,0
11.800000,-57.271159,202910.187532,-177.454058,202986.210329,62.558910,202616.101061,101.070224,668.677206,-19.550921,665.124651,-139.309853,666.879278,59.934810,-0.013277,1,0
11.833000,-57.153411,202720.695682,-177.477211,203186.027485,62.545172,202951.566741,100.728136,673.478730,-19.339387,668.544223,-139.444988,660.369059,59.939112,-0.005968,1,0
11.867000,-57.225319,203853.159196,-177.495206,202453.211574,62.708604,202851.836483,100.588071,665.593222,-19.364692,665.773697,-139.238901,664.246892,59.935304,0.000304,1,0
11.900000,-57.343215,202064.851014,-177.290005,201783.007309,62.699435,203040.992484,100.540496,666.785144,-19.394379,661.616335,-139.237063,668.879881,59.939235,-0.002068,1,0
11.933000,-57.239811,200662.504054,-177.424889,201525.522094,62.643027,203485.272420,100.828593,664.938785,-19.631060,661.260887,-139.087480,665.480412,59.941879,-0.007469,1,0
11.967000,-57.403569,202765.042152,-177.380734,201820.491300,62.662119,202253.364434,100.597848,664.696546,-19.552224,668.447332,-139.678757,670.472962,59.947577,-0.005571,1,0
12.000000,-57.316536,201624.238228,-177.280761,203215.433995,62.693580,202795.842014,100.538445,659.366303,-19.605106,662.503607,-139.461245,659.705448,59.945590,0.001073,1,0
12.033000,-57.254747,202047.426753,-177.158137,202302.146767,62.765682,204070.955226,100.540585,660.292645,-19.500070,663.675673,-139.205999,665.118198,59.934650,0.003194,1,0
12.067000,-57.444965,204286.159775,-177.486163,201662.246955,62.762278,201600.166419,100.660054,672.763748,-19.630741,664.195849,-139.269291,662.590914,59.937523,-0.006028,1,0
12.100000,-57.358443,200670.542380,-177.328050,200913.557165,62.751435,201331.246897,100.741697,664.282822,-19.371764,660.307805,-139.263471,667.361283,59.943655,-0.004315,1,0
12.133000,-57.477037,202703.506737,-177.438594,202121.868172,62.702604,202567.532783,100.423728,663.741580,-19.363025,669.115250,-139.137394,658.092011,59.941784,-0.000332,1,0
12.167000,-57.370790,202637.062363,-177.356303,201528.516137,62.630667,202697.928342,101.007241,659.162594,-19.156389,655.251828,-139.232785,663.369134,59.939302,-0.003494,1,0
12.200000,-57.314984,201803.879054,-177.353280,202331.067445,62.714919,201658.870393,100.532690,661.294967,-19.173571,660.176237,-139.287829,660.194804,59.950737,0.003172,1,0
12.233000,-57.254769,201932.024086,-177.391939,203016.590857,62.782836,201024.769101,100.870764,656.651839,-19.485749,659.982354,-139.224991,651.223827,59.947194,-0.005983,1,0
12.267000,-57.450661,201189.719120,-177.513919,203399.166767,62.773571,202684.926510,100.787907,660.149710,-19.491898,659.451292,-139.420668,664.347035,59.939963,0.003382,1,0
12.300000,-57.422651,203600.321342,-177.349796,204355.041582,62.490138,202330.273075,101.028758,661.103657,-19.417520,651.919642,-139.361945,658.287524,59.948297,-0.007307,1,0
12.333000,-57.263939,201341.094594,-177.273729,201644.156487,62.640654,202710.870676,100.476680,656.513201,-19.305489,657.586636,-139.071599,657.023279,59.948074,0.002725,1,0
12.367000,-57.182064,202910.640571,-177.496487,201457.320309,62.566956,202056.205489,100.595939,661.614021,-19.409326,656.129310,-139.314418,662.747112,59.941913,-0.002883,1,0
12.400000,-57.320824,203376.931556,-177.458736,202428.270945,62.718623,202703.735458,100.995796,662.315307,-19.626220,666.371713,-139.356572,655.353506,59.945683,0.000676,1,0
12.433000,-57.266584,202853.897256,-177.233428,203567.665310,62.572744,202533.259364,100.845602,663.636685,-19.131958,667.341099,-139.937697,654.454957,59.946474,0.009578,1,0
12.467000,-57.238363,202913.213633,-177.319430,202816.144422,62.684938,201797.259976,100.684567,660.473693,-19.074901,655.533138,-139.290252,656.211946,59.953151,-0.004500,1,0
12.500000,-57.269559,204185.919580,-177.231137,204026.078972,62.651829,201668.563510,100.520855,654.152707,-19.408517,651.356920,-139.049945,656.255047,59.952424,-0.008367,1,0
12.533000,-57.339258,203451.747999,-177.458843,203845.071379,62.817767,204101.574335,100.820363,658.375597,-19.528046,662.280020,-139.269534,657.984730,59.952106,-0.010055,1,0
12.567000,-57.357522,202663.104951,-177.301416,202426.286195,62.693207,203457.385659,100.723852,654.825071,-19.356712,658.687188,-139.251294,662.568665,59.957154,0.000274,1,0
12.600000,-57.458923,204754.490228,-177.258083,202905.450516,62.708263,204496.853687,100.455040,658.171892,-18.871013,658.051785,-139.802833,655.972176,59.957670,0.006992,1,0
12.633000,-57.342408,204249.210319,-177.333530,203025.450589,62.661358,204183.617594,100.729519,662.996444,-19.573746,660.196390,-139.210259,664.428565,59.954264,0.008641,1,0
12.667000,-57.214330,204179.811135,-177.124866,203374.598620,62.490239,202565.845102,100.788836,660.661199,-19.094666,656.045698,-139.343536,660.298938,59.961722,0.001658,1,0
12.700000,-57.416705,204611.939343,-177.282787,202920.148923,62.516781,203051.805523,100.654234,665.298787,-19.205271,660.401881,-139.130102,662.554453,59.960574,-0.003601,1,0
12.733000,-57.499806,204318.013347,-177.214568,205703.393573,62.653611,203678.353820,100.329307,663.356849,-19.141236,659.230076,-139.444316,668.750654,59.964619,0.004307,1,0
12.767000,-57.524290,202821.487471,-177.638606,204197.351431,62.684995,204204.793820,100.267368,667.084829,-19.993979,663.773507,-139.369353,662.623432,59.963501,-0.000939,1,0
12.800000,-57.568921,203446.559026,-177.410122,203510.646455,62.594113,203983.888350,100.768683,664.405616,-19.726980,673.460807,-139.235829,666.176506,59.956152,-0.005717,1,0
12.833000,-57.577048,204186.308326,-177.617919,203798.202192,62.635855,203200.348806,100.344654,665.269867,-19.425846,664.762166,-139.200233,665.157880,59.957402,0.009680,1,0
12.867000,-57.416622,203156.103197,-177.448078,201670.935480,62.517784,203814.286929,100.378416,655.327051,-19.536748,662.468436,-139.362796,657.538297,59.956924,0.000010,1,0
12.900000,-57.468540,203781.861538,-177.558437,204652.594433,62.712262,204267.359772,100.665524,657.174590,-19.239857,662.502098,-139.349818,665.336634,59.951431,-0.001855,1,0
12.933000,-57.459172,202339.070620,-177.464720,203069.626921,62.564294,204094.558028,100.564328,651.574113,-19.158019,654.009147,-139.207079,655.879236,59.955576,-0.000302,1,0
12.967000,-57.386340,202958.999372,-177.577672,202525.168120,62.684131,204793.568820,100.669888,660.591416,-19.620023,658.917722,-139.227260,659.734884,59.959366,-0.021925,1,0
13.000000,-57.400863,203364.607887,-177.425362,203684.617071,62.555204,203097.623066,100.705941,659.669798,-19.792353,660.086222,-139.425049,657.520935,59.954166,-0.003103,1,0
13.033000,-57.441545,204060.319006,-177.261897,201837.453018,62.508993,202140.186274,100.742932,659.704668,-19.057689,670.064411,-139.380570,657.971641,59.964591,0.000174,1,0
13.067000,-57.357761,203338.469160,-177.460784,203089.178575,62.380685,203333.917020,100.617250,660.848462,-19.341954,663.628313,-139.702923,667.389638,59.962908,0.006535,1,0
13.100000,-57.458622,203706.502148,-177.554184,202518.099200,62.564174,203410.505984,100.539937,656.090706,-19.460084,658.940008,-139.452208,656.288339,59.960053,0.004057,1,0
13.133000,-57.395854,203465.839039,-177.348880,203905.208562,62.654433,203064.013822,100.238393,664.697084,-19.341589,653.258641,-139.540845,663.317394,59.962703,-0.008916,1,0
13.167000,-57.349939,204220.815979,-177.446942,203748.867644,62.417395,202629.916728,100.601488,669.593065,-19.214237,653.427942,-139.587913,660.725301,59.956171,-0.013642,1,0
13.200000,-57.487727,204071.072741,-177.297589,205251.731629,62.619857,204337.157187,100.639205,661.852516,-19.325171,665.384011,-139.581770,667.345039,59.963031,-0.005000,1,0
13.233000,-57.555004,202930.928720,-177.484727,203100.643082,62.487852,203032.704350,100.059635,663.342896,-19.530493,664.522768,-139.332761,665.339212,59.968399,-0.005818,1,0
13.267000,-57.289196,204358.127425,-177.368130,204318.894311,62.647735,202965.773205,101.000320,661.789595,-19.369597,663.745280,-139.230155,655.938477,59.956565,-0.014805,1,0
13.300000,-57.450296,203792.929480,-177.457021,204322.596442,62.573886,202728.465145,100.447532,659.629114,-19.274611,660.801268,-139.507298,657.154097,59.962332,0.005490,1,0
13.333000,-57.256591,205649.057053,-177.557692,204206.235907,62.546971,201771.404563,100.696799,660.654536,-19.187750,665.471770,-139.683609,659.946425,59.972386,0.011309,1,0
13.367000,-57.521112,204096.817828,-177.378951,203487.006846,62.488494,202975.231398,100.553500,652.398500,-19.400144,653.824223,-139.396661,657.242329,59.964725,0.007309,1,0
13.400000,-57.308339,203817.561866,-177.504267,204494.382086,62.351144,202211.363209,100.700415,659.894475,-19.605951,649.593454,-139.699589,651.638658,59.966220,-0.001708,1,0
13.433000,-57.451639,204459.443680,-177.535541,204398.674760,62.582651,203433.934466,100.434327,650.721906,-19.712013,648.684298,-139.445795,648.878250,59.958081,-0.006605,1,0
13.467000,-57.299170,204357.056402,-177.532161,202948.593156,62.756009,202657.364821,100.719899,654.142076,-19.971132,651.727043,-139.423940,653.488626,59.971317,-0.010832,1,0
13.500000,-57.234827,203077.047054,-177.568461,203874.321151,62.528833,204080.962567,100.969134,654.000189,-19.668050,651.068792,-139.344444,661.827431,59.963011,0.000892,1,0
13.533000,-57.292512,203381.397890,-177.200674,203257.758454,62.662399,202916.846854,100.776871,656.452320,-18.814847,644.456595,-139.127496,653.424566,59.967737,-0.000657,1,0
13.567000,-57.498520,204784.923518,-177.541159,204138.508870,62.530419,201969.000150,100.229227,663.097254,-19.515335,656.943948,-139.251549,656.028820,59.967613,0.008080,1,0
13.600000,-57.529438,204236.163467,-177.276127,203446.591772,62.688354,202415.566682,100.784091,647.371036,-19.436156,648.673944,-139.226662,653.017615,59.959977,-0.002016,1,0
13.633000,-57.328270,203264.139065,-177.373978,203219.809401,62.600988,203231.601030,100.725115,657.406894,-19.449309,658.124515,-139.514935,648.798445,59.961555,-0.004025,1,0
13.667000,-57.230499,201712.224079,-177.186773,205156.563511,62.701402,202084.847631,100.661285,656.402286,-18.926925,659.573288,-139.344764,650.872045,59.962961,0.011559,1,0
13.700000,-57.257327,204114.009498,-177.257794,202527.102538,62.646690,201930.555233,100.729656,652.373131,-19.128983,654.731020,-139.519397,651.654078,59.972787,-0.017170,1,0
13.733000,-57.544800,204893.609425,-177.359328,203855.363187,62.683173,202497.681512,100.213681,656.950910,-19.637508,652.934984,-139.435202,654.683921,59.966233,0.008109,1,0
13.767000,-57.434913,204354.416198,-177.347335,203215.855781,62.766425,202679.435653,100.227297,656.204521,-19.273122,653.011815,-139.394172,652.672110,59.966902,0.008322,1,0
13.800000,-57.342411,204082.174232,-177.339166,203025.799213,62.628881,201382.396410,100.649105,653.732105,-19.262374,656.182270,-139.576820,658.561949,59.968070,-0.004166,1,0
13.833000,-57.408926,203810.043847,-177.343081,204422.977532,62.575068,204529.507277,100.802553,652.011109,-19.154678,653.047252,-139.600496,653.981884,59.969025,0.011486,1,0
13.867000,-57.346001,204252.084401,-177.463274,204202.057314,62.716014,203660.387268,100.618453,655.587997,-19.348336,655.208650,-139.329161,655.551007,59.970695,-0.003651,1,0
13.900000,-57.486517,203595.398874,-177.449726,203024.728891,62.646768,204226.474747,100.620541,660.719375,-19.646754,654.474099,-139.179996,657.400985,59.971597,-0.002250,1,0
13.933000,-57.454344,204386.924337,-177.366060,203458.060794,62.741855,204044.326918,100.466059,662.331571,-19.064235,653.894849,-139.147677,655.888930,59.967582,-0.007777,1,0
13.967000,-57.283463,203825.222125,-177.377808,203800.268028,62.496164,202854.735428,100.655738,658.814868,-19.214071,658.794860,-139.687079,660.708336,59.976737,-0.001275,1,0
14.000000,-57.479039,202528.148018,-177.429305,204786.771608,62.675527,202658.017370,100.272553,660.708005,-19.643117,656.521757,-139.556976,655.895369,59.971617,-0.004722,1,0
14.033000,-57.262314,203909.738138,-177.390947,202559.079806,62.676529,201356.832730,100.651263,657.988679,-19.345858,657.794553,-139.199932,657.041217,59.964362,-0.008135,1,0
14.067000,-57.521826,203281.117536,-177.353317,203037.291157,62.467829,202595.404131,100.534398,662.527266,-19.420223,659.384993,-139.283383,659.812138,59.966343,0.004679,1,0
14.100000,-57.401517,203879.552586,-177.507147,203346.463264,62.630838,200942.678445,100.616356,656.516584,-19.816334,655.725796,-139.640107,656.531719,59.964563,0.001145,1,0
14.133000,-57.452904,204812.756978,-177.355551,201384.253143,62.469998,203072.381149,100.464638,650.422848,-19.360855,655.333191,-139.476222,656.238027,59.970738,0.008141,1,0
14.167000,-57.454222,203480.671340,-177.649213,203630.256490,62.432761,202996.576909,100.302626,653.737068,-20.036910,645.442109,-139.660677,649.323861,59.967177,-0.011611,1,0
14.200000,-57.465168,203774.129557,-177.383229,203513.600307,62.422132,202883.591372,100.365449,652.325879,-19.599379,652.736994,-139.757453,654.620429,59.967629,0.001571,1,0
14.233000,-57.350441,202988.988901,-177.321691,200802.340116,62.787149,201797.683693,100.645232,656.077328,-19.358811,653.930805,-139.132655,660.774083,59.969189,-0.001286,1,0
14.267000,-57.436144,203095.279016,-177.444861,203195.575023,62.589074,202400.993481,100.074889,653.156268,-19.071953,651.689269,-139.382018,655.906704,59.964995,-0.001938,1,0
14.300000,-57.349262,202248.535897,-177.287989,204023.789222,62.476506,202225.391247,100.757273,653.285888,-19.378542,654.439631,-139.851069,654.301734,59.968879,0.004659,1,0
14.333000,-57.232679,202699.284777,-177.112107,201444.789260,62.681198,203719.135348,100.856401,657.879914,-19.018332,660.833388,-139.352902,657.225362,59.965208,-0.005584,1,0
14.367000,-57.427990,202024.232999,-177.558574,202114.829457,62.414761,200118.219839,100.570073,652.471647,-19.413182,651.628071,-139.381147,661.845009,59.966614,-0.005899,1,0
14.400000,-57.388968,202747.486188,-177.358862,202724.127567,62.612370,202605.249010,100.313678,660.993853,-19.492790,657.589918,-139.511767,661.270536,59.968276,-0.001734,1,0
14.433000,-57.544423,204247.802712,-177.280011,202208.586647,62.614847,202225.531979,100.253244,650.765426,-19.143026,656.396213,-139.195790,656.793815,59.958266,-0.005477,1,0
14.467000,-57.591816,202667.518760,-177.442949,202525.418553,62.704279,201130.559592,100.340545,658.979674,-19.391339,655.001346,-139.043848,651.096867,59.957152,0.001250,1,0
14.500000,-57.499187,202501.777799,-177.333825,203028.157116,62.534192,201792.729343,100.277356,658.927759,-19.498620,655.885105,-139.433314,654.063315,59.975792,-0.002556,1,0
14.533000,-57.512458,202221.643150,-177.421931,202797.672394,62.615511,202484.040996,100.453283,656.915806,-19.437069,658.036832,-139.319032,657.031221,59.970232,-0.005716,1,0
14.567000,-57.550630,202223.970845,-177.452444,201475.405300,62.662558,201160.482129,100.618007,654.239800,-19.635256,658.604258,-139.317086,661.448620,59.968284,0.009070,1,0
14.600000,-57.432947,201815.472199,-177.427563,201597.299278,62.663859,201574.632837,100.534480,655.001112,-19.301340,651.482763,-139.304869,654.366505,59.967022,0.000716,1,0
14.633000,-57.469478,202424.275453,-177.407375,203053.354790,62.639562,203368.455715,100.530233,658.724011,-19.190982,661.484264,-139.308673,655.985963,59.965914,-0.002145,1,0
14.667000,-57.612090,202650.144621,-177.443669,202052.873986,62.449421,201645.460070,100.259116,660.350634,-19.418646,650.671888,-139.868360,658.489169,59.965217,-0.003656,1,0
14.700000,-57.406194,203326.025230,-177.508925,202229.979015,62.477161,201855.890338,100.248418,652.902584,-19.799030,656.038528,-139.531703,659.519126,59.966733,0.001323,1,0
14.733000,-57.411908,201947.262604,-177.429580,202647.220805,62.466952,201999.673803,100.714464,652.450263,-19.250831,652.407313,-139.711057,651.676375,59.977459,0.006445,1,0
14.767000,-57.371339,202335.783260,-177.324887,202890.923818,62.456229,202593.976077,100.956320,651.352077,-19.276998,650.350939,-139.325137,655.857989,59.965816,0.001104,1,0
14.800000,-57.695500,201408.288428,-177.558769,202123.712269,62.523562,202738.146632,100.132879,654.752783,-19.501660,653.835253,-139.445370,662.063811,59.965523,-0.001795,1,0
14.833000,-57.403338,201903.022481,-177.519094,202110.071822,62.675547,199979.682478,100.564490,656.186703,-19.520221,662.788798,-139.182137,653.716698,59.977153,0.001171,1,0
14.867000,-57.358369,203913.228803,-177.467678,201925.527217,62.548831,201852.870769,100.682775,654.262972,-19.205115,655.711603,-139.462962,652.094037,59.975803,-0.002068,1,0
14.900000,-57.343093,202574.638611,-177.441296,202070.458414,62.615652,203308.273208,100.554111,649.775065,-19.651033,645.577170,-139.440871,655.057282,59.966071,0.001662,1,0
14.933000,-57.494762,203575.298165,-177.200040,201672.754902,62.479081,200698.249545,100.332906,652.382051,-19.445619,648.005208,-139.636975,655.625456,59.977093,-0.004725,1,0
14.967000,-57.130158,202018.495063,-177.204069,201915.048955,62.659352,201956.867912,101.123635,654.844532,-19.335581,648.508405,-139.488541,662.574424,59.979199,0.010898,1,0
15.000000,-57.422772,202700.401571,-177.401102,202806.622717,62.675315,203250.314088,100.398232,653.633027,-19.431233,657.176655,-139.291309,653.219020,59.970795,-0.007027,1,0
15.033000,-57.472112,200551.663751,-177.410823,203736.164235,62.489610,200856.547587,100.777641,655.570812,-19.145442,648.427731,-139.436447,653.862023,59.972448,-0.000535,1,0
15.067000,-57.440728,201148.913948,-177.598282,202280.831256,62.511194,201584.303674,100.578861,655.104688,-19.632884,658.680675,-139.405241,656.315967,59.970800,0.001252,1,0
15.100000,-57.445386,202430.368232,-177.337881,203446.435995,62.545796,200471.792325,100.738565,653.605257,-19.353224,653.192814,-139.634552,655.290750,59.977173,-0.002045,1,0
15.133000,-57.399903,202688.196642,-177.418048,201786.985834,62.592895,201667.541549,100.331100,653.944711,-19.364507,651.815806,-139.186540,658.158862,59.968351,-0.001257,1,0
15.167000,-57.376367,203046.218096,-177.636391,204537.165373,62.391629,200931.202415,100.232257,655.176684,-19.535111,651.218063,-139.817838,653.164729,59.965529,0.006257,1,0
15.200000,-57.479648,203038.947887,-177.467532,203339.345039,62.461075,201688.576448,100.665422,647.837787,-19.669800,648.176279,-139.441868,655.086088,59.971760,-0.003462,1,0
15.233000,-57.387414,201529.063922,-177.574812,200559.085328,62.649170,201305.808136,100.724034,643.167689,-19.420933,646.914212,-139.451841,653.004848,59.974902,0.002359,1,0
15.267000,-57.331536,202386.107804,-177.442000,201711.176282,62.457157,202696.501509,100.433371,658.722500,-19.514943,647.852392,-139.332225,649.441683,59.973655,0.007282,1,0
15.300000,-57.425183,201502.601118,-177.543563,201462.849382,62.572164,201889.409841,100.520343,647.013695,-20.183948,649.959322,-139.396662,649.541325,59.976584,0.007985,1,0
15.333000,-57.535157,202762.175409,-177.419533,201735.330323,62.527591,202036.790940,100.547246,647.520779,-19.477466,651.426428,-139.691796,655.417837,59.969704,0.000429,1,0
15.367000,-57.443184,199534.343196,-177.390473,202284.828724,62.414815,202334.208407,100.686489,651.578805,-19.364963,655.711967,-139.354140,664.107691,59.972637,-0.005228,1,0
15.400000,-57.622304,200840.851206,-177.403106,200949.248977,62.391162,201557.041930,100.855059,659.344876,-19.317331,649.252789,-139.672990,650.547803,59.964162,0.012277,1,0
15.433000,-57.552857,201237.838066,-177.419934,200824.729729,62.664824,201547.772474,100.632706,644.692889,-19.493548,649.946501,-139.255930,656.627462,59.971616,0.001860,1,0
15.467000,-57.535583,202648.483406,-177.391440,200698.934613,62.508405,202677.389407,100.519518,654.227812,-19.377421,652.333440,-139.592309,646.737448,59.965381,-0.004345,1,0
15.500000,-57.454033,201357.525505,-177.453682,202580.297960,62.686104,201008.473314,100.893751,649.611317,-19.471033,654.876321,-139.203582,650.597668,59.967457,0.003875,1,0
15.533000,-57.481377,203683.627985,-177.505453,202587.602295,62.623639,201509.134036,100.743942,650.917127,-19.361585,652.609838,-139.313807,651.295612,59.964476,0.013693,1,0
15.567000,-57.405848,202638.345397,-177.312945,202543.462964,62.530832,202429.172629,100.773741,656.774890,-19.465649,648.654404,-139.467532,653.510526,59.969291,0.006887,1,0
15.600000,-57.362810,203169.105360,-177.290914,202732.320282,62.573528,202620.132840,100.507105,654.234795,-19.609100,654.978069,-139.498294,653.068067,59.961297,-0.003270,1,0
15.633000,-57.405955,202041.803122,-177.300859,203424.270831,62.637061,202896.785777,100.415995,650.465563,-19.440214,654.570781,-139.263510,659.894080,59.969661,-0.000633,1,0
15.667000,-57.336164,201622.199479,-177.359342,202911.631388,62.626899,200854.631777,100.704826,653.353860,-19.509835,652.102744,-139.339533,649.588925,59.976828,0.014542,1,0
15.700000,-57.243083,202468.614743,-177.598033,201888.979262,62.575851,201258.996518,100.511028,651.872341,-19.703923,652.360598,-139.547794,651.463034,59.959543,-0.008764,1,0
15.733000,-57.385207,200330.307624,-177.510608,200417.488359,62.694351,200599.156757,100.611692,651.565506,-19.864962,653.945021,-139.523548,650.412009,59.970206,-0.005090,1,0
15.767000,-57.547757,202093.281924,-177.436309,199937.245981,62.501209,201268.350896,100.666653,649.575065,-19.251241,649.884674,-139.360965,656.997788,59.968214,0.007996,1,0
15.800000,-57.487728,202350.525498,-177.371271,202291.553932,62.537392,201957.562453,100.526830,652.317357,-19.567181,651.619385,-139.502968,647.864139,59.968564,0.000619,1,0
15.833000,-57.467995,201396.864104,-177.408500,202861.396967,62.683738,201277.137864,100.419916,649.542417,-19.244837,650.558864,-138.996029,649.820068,59.974504,0.010080,1,0
15.867000,-57.433268,202184.610443,-177.422530,201961.986480,62.645925,203639.020413,100.527912,653.548109,-19.433409,654.962014,-139.486438,650.136520,59.972551,0.005652,1,0
15.900000,-57.495055,201106.629705,-177.499504,200111.220781,62.574675,201150.855288,100.771217,645.834234,-19.548109,651.055638,-139.154287,651.975634,59.970761,0.004984,1,0
15.933000,-57.394935,201621.740131,-177.164780,203851.486684,62.461481,201239.659278,100.741272,653.667254,-19.567295,656.097155,-139.529552,645.088114,59.964757,0.001043,1,0
15.967000,-57.520183,201468.001727,-177.370265,201368.421525,62.652388,201968.945761,100.361694,646.454617,-18.999858,650.205161,-139.313949,652.259370,59.963274,0.006393,1,0
16.000000,-57.423635,201830.832112,-177.321348,205284.896483,62.523546,203471.069998,100.913186,649.184322,-19.019838,647.873030,-139.486884,652.757319,59.967112,-0.002209,1,0
16.033000,-57.345316,202130.750219,-177.181186,200673.693913,62.394805,201766.163889,100.638368,650.123155,-18.937314,648.868211,-140.072978,646.161185,59.964084,-0.009106,1,0
16.067000,-57.595781,201557.435513,-177.470876,203732.969382,62.721003,201424.220617,100.425003,656.385570,-19.590506,654.800713,-139.455826,654.556107,59.967597,-0.008372,1,0
16.100000,-57.434105,203310.032274,-177.496049,202947.016652,62.615892,202967.496642,100.505426,650.240737,-19.526225,651.181447,-139.409704,652.861925,59.966660,0.004638,1,0
16.133000,-57.441396,201902.260202,-177.390883,203149.034549,62.449194,200409.717043,100.334091,647.928260,-19.336964,655.099036,-139.492986,652.298523,59.975483,-0.008265,1,0
16.167000,-57.548805,202372.784857,-177.346510,202732.337553,62.508277,199646.125991,100.284386,652.917824,-19.311893,647.712669,-139.320904,644.832967,59.969759,0.001995,1,0
16.200000,-57.455135,201786.562958,-177.323278,203156.431285,62.694857,202207.866379,100.377243,648.772831,-19.393852,653.707179,-139.011233,654.698294,59.968624,0.001782,1,0
16.233000,-57.579781,204102.738009,-177.473434,200236.431767,62.572884,201907.648427,100.518431,650.749491,-19.047250,656.404030,-139.456907,653.505716,59.973894,-0.011717,1,0
16.267000,-57.316833,203953.417878,-177.414845,202534.232312,62.674365,201029.586498,100.793288,652.979746,-19.375382,649.727239,-139.514350,648.959103,59.972873,-0.005039,1,0
16.300000,-57.598699,204419.964128,-177.362074,200242.619355,62.619033,201557.775203,100.454102,655.766450,-19.263554,641.066703,-139.606277,653.163727,59.968854,-0.005137,1,0
16.333000,-57.269875,202780.464643,-177.477497,202205.847766,62.615765,202084.083739,100.968233,648.367957,-19.712634,646.297956,-139.320750,648.521711,59.964329,-0.012148,1,0
16.367000,-57.268569,202718.731098,-177.445708,203202.671285,62.711727,202520.968072,100.675319,649.908234,-19.304602,649.043412,-139.131424,647.244069,59.963837,-0.001757,1,0
16.400000,-57.333369,202478.248225,-177.152640,202276.529398,62.866558,202276.468331,100.574730,653.038985,-19.335007,651.085015,-139.070809,651.442279,59.972518,0.005979,1,0
16.433000,-57.265346,203079.801786,-177.335883,202111.008275,62.750594,202361.147553,100.679149,651.880660,-19.169102,651.129442,-139.238107,648.177005,59.960534,0.002229,1,0
16.467000,-57.436678,202750.250971,-177.451540,204276.240159,62.601991,200533.473385,100.632060,650.065341,-19.587530,660.145088,-139.485470,656.691608,59.967214,0.013791,1,0
16.500000,-57.304796,201847.592502,-177.351360,203741.415647,62.634946,200997.247815,100.677931,651.384335,-19.761313,650.166261,-138.909904,652.276312,59.964633,-0.002522,1,0
16.533000,-57.412018,202771.523657,-177.052122,202277.603386,62.564017,202866.327157,100.792701,645.735103,-19.002731,642.123809,-139.517286,651.928614,59.966214,-0.008673,1,0
16.567000,-57.328744,204232.262712,-177.442806,201322.513352,62.795689,202712.111240,100.563435,639.886852,-19.277173,648.978859,-139.091135,649.155597,59.964757,0.006800,1,0
16.600000,-57.424994,202624.992825,-177.233390,202370.571937,62.633250,202312.878093,100.605641,644.593043,-19.199338,648.571953,-139.594342,647.888564,59.967141,-0.003106,1,0
16.633000,-57.314713,201547.691631,-177.509867,202670.239232,62.427943,201911.225964,101.078047,648.775749,-19.573648,652.181617,-139.480379,652.713959,59.960014,0.004877,1,0
16.667000,-57.516281,203352.978988,-177.399747,201481.453615,62.623378,202083.013485,100.716472,648.952677,-19.629668,657.344085,-139.377590,653.194028,59.957064,-0.002218,1,0
16.700000,-57.329263,203781.276996,-177.239348,201085.130931,62.706396,200818.016009,100.515679,655.289754,-19.264638,647.057900,-138.936582,655.802520,59.960930,0.001818,1,0
16.733000,-57.431978,201493.064785,-177.380564,202301.296018,62.794260,201807.634159,100.606555,646.366442,-19.764454,651.232923,-139.351179,655.621275,59.960518,-0.005611,1,0
16.767000,-57.399964,202133.214592,-177.242184,202315.385427,62.702975,202293.762541,100.505757,650.539762,-19.167661,646.455985,-139.123278,649.696766,59.959645,-0.014619,1,0
16.800000,-57.428730,204360.085481,-177.359905,203624.982750,62.748524,202502.753019,100.501035,647.950727,-19.433322,647.979742,-139.191005,654.126568,59.962135,0.003854,1,0
16.833000,-57.273403,203344.940392,-177.508848,202071.097296,62.687505,203768.732866,100.971968,643.869204,-19.280195,642.981415,-139.076648,647.987881,59.955302,0.000335,1,0
16.867000,-57.140287,202301.563713,-177.458554,202138.856934,62.737556,200347.148920,100.675882,647.445768,-19.538085,650.046593,-139.250898,654.610680,59.959669,0.000050,1,0
16.900000,-57.422216,202735.017493,-177.609381,202557.647106,62.559158,204143.500919,100.774150,647.884981,-19.753043,647.089192,-139.757401,644.431073,59.963402,0.006275,1,0
16.933000,-57.203118,201627.842354,-177.341145,201523.986322,62.761172,202929.484807,101.050329,653.351844,-19.270244,653.630429,-139.343450,651.726524,59.957548,-0.001225,1,0
16.967000,-57.408349,202394.342466,-177.300732,204308.947967,62.757517,201871.820318,100.801895,650.570669,-19.205140,654.492489,-139.199546,642.582116,59.959605,0.003414,1,0
17.000000,-57.455434,203404.994501,-177.255546,201597.021449,62.670468,201683.619643,100.411722,646.348395,-19.210500,652.444031,-139.607652,652.657773,59.963618,0.001596,1,0
17.033000,-57.401354,202278.931266,-177.299426,201697.748866,62.601671,201344.856633,100.651362,651.813758,-19.340592,657.516625,-139.380030,649.332701,59.968836,0.012591,1,0
17.067000,-57.310688,201344.401735,-177.192285,201541.935497,62.449249,200489.605489,100.673233,656.804920,-19.033603,654.890438,-139.578671,650.085696,59.962868,0.002618,1,0
17.100000,-57.386387,202481.477862,-177.393067,202392.551338,62.709272,200087.065959,101.050047,652.834552,-19.358957,647.020776,-139.022262,653.847353,59.964914,-0.004550,1,0
17.133000,-57.170733,201385.590461,-177.348930,201479.903912,62.753940,201023.919430,100.916745,654.177638,-19.708197,654.512346,-139.031837,658.860754,59.962445,-0.000663,1,0
17.167000,-57.342820,201368.143899,-177.399504,201258.924867,62.661077,201364.176801,100.610610,651.205356,-19.712770,648.774809,-139.151456,652.140370,59.960272,-0.000390,1,0
17.200000,-57.311384,200218.878573,-177.341529,203256.300126,62.582064,200524.940076,100.523064,649.234304,-19.046402,650.210976,-139.606701,652.521306,59.957907,0.000367,1,0
17.233000,-57.310361,201830.560312,-177.330419,201142.081734,62.736593,201719.601983,100.696131,649.232733,-19.547277,652.453839,-139.218793,653.968368,59.954114,0.001095,1,0
17.267000,-57.159018,201247.478006,-177.369130,201684.291600,62.524844,201339.001885,100.821745,652.506550,-19.744768,649.470331,-139.392107,644.937082,59.962740,0.001038,1,0
17.300000,-57.389032,202045.760692,-177.398103,203131.139370,62.484531,200287.502264,100.239807,649.532647,-19.564199,641.507710,-139.724252,648.049558,59.952878,0.003369,1,0
17.333000,-57.489255,202075.661171,-177.520719,200387.890331,62.624715,201753.678224,100.171270,649.596265,-19.599989,654.854089,-139.342977,651.243346,59.954680,0.008085,1,0
17.367000,-57.371257,202648.684086,-177.198314,203924.520908,62.657303,201157.092444,100.793092,647.693540,-19.252258,647.618184,-139.174153,651.502954,59.950160,-0.015546,1,0
17.400000,-57.357496,201924.388019,-177.366943,202208.695100,62.679151,201523.742715,100.573115,648.829180,-19.282940,648.470148,-139.193218,645.952245,59.959405,-0.012773,1,0
17.433000,-57.368622,202629.737928,-177.244236,199750.879257,62.533232,200058.797257,100.829534,648.668465,-19.581614,650.735316,-139.496865,652.254400,59.956215,-0.000305,1,0
17.467000,-57.584406,203089.676546,-177.406065,202020.882945,62.574747,201708.874296,100.429162,651.808961,-18.839267,641.279310,-139.557041,650.008442,59.954417,-0.009970,1,0
17.500000,-57.554810,203492.424283,-177.508600,201085.403067,62.660226,201826.113307,100.523244,649.508183,-19.196555,649.103872,-139.434450,644.425439,59.954851,0.003819,1,0
17.533000,-57.428511,201460.715153,-177.384870,203648.156053,62.606051,202567.076169,100.552269,644.255204,-19.492307,645.453945,-139.671127,647.317191,59.956522,0.011549,1,0
17.567000,-57.267879,201937.431387,-177.312828,202403.712171,62.594955,201540.797963,100.489751,645.398489,-19.103101,648.183679,-139.414966,645.050248,59.956042,0.006811,1,0
17.600000,-57.328532,204181.488764,-177.318372,200526.859131,62.613205,201395.439983,100.792051,643.635627,-19.205437,647.687139,-139.812151,651.507418,59.959011,-0.007402,1,0
17.633000,-57.227112,202634.528104,-177.436346,202591.898088,62.779926,201781.418237,100.721756,658.466074,-19.461883,651.902133,-139.312408,648.317737,59.958913,0.010065,1,0
17.667000,-57.376575,201331.358261,-177.066161,200938.346838,62.566139,201049.764023,100.762169,654.210774,-19.204652,646.894678,-139.487194,654.554804,59.953418,-0.005795,1,0
17.700000,-57.433161,203119.518374,-177.347299,202652.446235,62.616090,201229.982628,100.697896,649.817910,-19.132022,650.787963,-139.262644,648.836040,59.948212,-0.007023,1,0
17.733000,-57.162608,202581.249787,-177.317576,202594.430141,62.507386,202922.129078,101.215196,656.610501,-19.554604,653.080816,-139.344359,653.612782,59.951742,-0.005501,1,0
17.767000,-57.331666,201362.777511,-177.328884,201099.803714,62.653122,201378.050280,100.607660,653.037594,-19.111901,652.292005,-139.677117,655.753747,59.958804,-0.014358,1,0
17.800000,-57.515503,201348.386707,-177.512066,200447.479382,62.674518,201285.978593,100.500929,653.140445,-19.573132,651.404211,-139.046064,656.021168,59.965372,-0.013165,1,0
17.833000,-57.434335,202249.233498,-177.474055,201682.262230,62.734056,201108.775403,100.498466,653.785774,-19.583530,641.183591,-139.128959,649.907577,59.952902,-0.001227,1,0
17.867000,-57.335119,201874.683365,-177.368146,201635.029991,62.679395,202535.825679,100.569336,653.940038,-19.366899,649.081756,-139.261632,651.220316,59.960020,-0.001060,1,0
17.900000,-57.372228,202355.254993,-177.262430,201793.380824,62.630932,201107.135456,100.563749,650.087319,-19.380416,648.132707,-139.322823,648.810926,59.945715,0.004094,1,0
17.933000,-57.311180,201877.213179,-177.326726,202331.438257,62.645156,199018.648382,100.846228,645.322936,-19.199779,651.162309,-139.567413,648.940416,59.961827,-0.000449,1,0
17.967000,-57.277964,202351.269564,-177.332330,203451.902278,62.512733,202079.790912,100.960866,647.990029,-19.575416,641.223242,-139.602667,650.215180,59.957666,-0.002282,1,0
18.000000,-57.290199,201543.115852,-177.352247,201749.023137,62.656801,201927.026211,100.925467,652.097309,-19.586017,645.444046,-139.503878,649.355255,59.955529,-0.003990,1,0
18.033000,-57.233354,201823.894900,-177.270869,201754.563827,62.618338,201398.226110,100.623998,653.880236,-19.416012,654.291709,-139.090028,649.742359,59.963766,0.006544,1,0
18.067000,-57.246835,200568.552661,-177.252538,203192.521625,62.889291,203290.946197,100.292732,651.829100,-19.292798,654.748389,-138.869640,654.971782,59.949792,-0.001549,1,0
18.100000,-57.258958,201547.676959,-177.166591,201487.108708,62.747649,200978.653089,100.665607,649.757968,-19.024247,658.779394,-139.114033,656.451870,59.955433,0.004225,1,0
18.133000,-57.200352,204280.693215,-177.316879,204252.700852,62.779300,203264.079579,100.933407,647.930130,-19.311438,655.018597,-139.166849,655.443353,59.964833,-0.009552,1,0
18.167000,-57.283756,201422.138779,-177.235176,202987.314431,62.807926,201649.242970,100.755381,649.126217,-19.172087,652.682942,-139.210055,655.811228,59.950951,-0.003575,1,0
18.200000,-57.298124,203311.549488,-177.112421,201480.727274,62.697994,202009.732142,100.573852,652.727759,-19.081097,652.488246,-139.576195,653.577290,59.955742,-0.001172,1,0
18.233000,-57.061206,204376.702948,-177.118429,202313.576104,62.660026,203167.004853,101.015766,656.050783,-18.855651,655.474511,-139.357927,650.069449,59.955879,0.008771,1,0
18.267000,-57.194316,201662.436171,-177.502006,201804.455989,62.868552,203191.551086,101.066929,654.325081,-19.257809,656.851436,-139.338680,650.369814,59.957741,0.002965,1,0
18.300000,-57.264108,203785.276796,-177.186334,201874.698619,62.866504,203381.079710,100.930341,662.021602,-19.344713,653.391401,-139.162136,657.696697,59.967946,0.002072,1,0
18.333000,-57.335863,202467.184417,-177.131746,203906.226417,62.744866,199950.447728,100.819659,653.818596,-19.193301,659.076155,-139.375828,661.049279,59.972340,-0.000613,1,0
18.367000,-57.188822,203263.391302,-177.191984,204178.697734,63.032473,203382.454194,101.215685,662.620273,-19.116882,662.608075,-139.103659,655.044085,59.956741,-0.005876,1,0
18.400000,-57.300661,203696.105810,-177.097537,202614.709848,62.868324,201976.935116,101.089536,658.957341,-19.179779,663.029540,-139.173748,661.454246,59.961409,-0.000461,1,0
18.433000,-57.236092,202442.352269,-177.269984,200848.130692,62.693577,202847.254934,100.835596,658.510769,-19.543198,667.641488,-139.435949,661.465696,59.965704,-0.011269,1,0
18.467000,-57.059285,202270.025173,-177.416442,203991.211233,62.948545,201475.814227,100.401841,662.046472,-19.513111,656.350279,-139.133003,660.476044,59.963533,0.005326,1,0
18.500000,-57.103729,201972.484641,-177.095689,202222.644548,62.689946,203459.410486,100.660617,661.451533,-18.796858,667.055441,-139.342799,664.740966,59.955340,0.002569,1,0
18.533000,-57.117497,202058.729031,-177.371420,203724.358367,62.855689,201295.045034,101.063175,667.839936,-19.224579,662.482774,-139.009191,656.067818,59.965727,-0.005298,1,0
18.567000,-57.369655,202102.619525,-177.212824,203050.885072,62.676783,201508.657567,100.622338,658.686520,-19.467079,654.243599,-139.105604,659.522899,59.958171,-0.004085,1,0
18.600000,-57.351196,203247.922254,-177.440978,202394.981220,62.600803,201041.997036,100.572723,664.216720,-19.568608,665.730548,-139.678476,656.533185,59.960338,0.004524,1,0
18.633000,-57.468006,201852.322887,-177.322545,203416.211410,62.760055,203072.794547,100.788624,664.210216,-19.457293,661.132513,-139.021702,662.751826,59.954669,-0.005312,1,0
18.667000,-57.358603,202245.694275,-177.416574,203646.966557,62.661265,202991.290610,100.563616,662.612653,-19.416357,663.551379,-139.305008,657.363640,59.947918,-0.009346,1,0
18.700000,-57.529296,201452.893683,-177.444569,203373.098560,62.840595,202025.323471,100.375389,661.670929,-19.501913,663.567434,-139.039248,662.374154,59.964117,-0.008056,1,0
18.733000,-57.412100,202702.805925,-177.480649,201737.044835,62.645653,202219.309700,100.597509,661.902728,-19.671417,657.954612,-139.017735,657.727933,59.960502,0.010359,1,0
18.767000,-57.321447,203621.200932,-177.421310,203252.089805,62.520616,202471.656218,100.913654,660.738527,-19.385938,668.111261,-139.656379,657.893256,59.958474,-0.009213,1,0
18.800000,-57.456216,202843.866428,-177.250863,203087.923812,62.659981,201667.414603,100.616686,668.369591,-18.956284,668.435062,-139.161354,659.906064,59.965425,0.007481,1,0
18.833000,-57.463857,202686.475590,-177.505744,204466.315077,62.778649,202398.556538,100.398176,662.845376,-19.432784,659.348630,-139.150319,663.556045,59.969753,-0.012503,1,0
18.867000,-57.328682,202800.910082,-177.565547,201751.479704,62.620923,203429.310288,100.717393,666.841206,-19.448686,662.802751,-139.638159,671.695493,59.967271,0.004544,1,0
18.900000,-57.481359,201307.792888,-177.432560,203030.332308,62.440258,202376.102064,100.625733,667.621613,-19.287841,668.878180,-139.820647,670.937911,59.968744,0.004959,1,0
18.933000,-57.359889,203470.050555,-177.432350,203872.385279,62.644020,201042.963550,100.834649,668.186430,-19.619518,671.273405,-139.163188,664.601316,59.954635,0.006919,1,0
18.967000,-57.437611,202607.852726,-177.444673,204506.817790,62.563168,201147.096024,100.568997,667.374160,-19.463390,668.638448,-139.858531,669.220836,59.961577,0.008401,1,0
19.000000,-57.467916,201338.542464,-177.327214,202483.834517,62.581403,203128.607208,100.422033,670.927348,-19.347197,664.780581,-139.465522,660.088669,59.949167,-0.002375,1,0
19.033000,-57.690984,202757.859104,-177.245413,202809.568479,62.483550,202939.398387,100.274556,666.577791,-19.109400,667.608417,-139.439554,664.485437,59.958368,-0.003108,1,0
19.067000,-57.513662,202038.682003,-177.292160,204016.091837,62.624798,204439.644211,100.663194,666.967523,-19.393022,665.009103,-139.614817,661.311807,59.953941,-0.008526,1,0
19.100000,-57.295953,202598.375048,-177.463299,204977.667029,62.620699,202237.142926,100.906775,661.643435,-19.263171,669.288151,-139.480031,660.812804,59.966474,-0.000234,1,0
19.133000,-57.328733,203128.745439,-177.518059,202908.901534,62.676422,202187.002523,100.918533,665.993045,-19.570920,660.601759,-139.292306,664.572765,59.962717,-0.003617,1,0
19.167000,-57.506244,204731.480141,-177.632170,203190.845605,62.413615,203002.907030,100.334775,661.432676,-19.732397,662.474356,-139.384409,660.970203,59.959241,-0.006010,1,0
19.200000,-57.681806,202987.022173,-177.552845,203070.807129,62.574434,201618.859016,100.449911,661.796579,-19.600341,663.321314,-139.681389,660.837954,59.966306,0.002310,1,0
19.233000,-57.675469,203017.183857,-177.523922,203278.968635,62.524774,202659.737978,100.212802,659.978790,-19.619808,660.747501,-139.525998,662.930951,59.969192,-0.007421,1,0
19.267000,-57.335223,203834.226553,-177.519631,201836.541236,62.439946,202414.964699,100.537997,659.472514,-19.479721,666.676467,-139.527368,658.583920,59.968007,-0.009546,1,0
19.300000,-57.730689,204776.632234,-177.363126,203080.143118,62.580851,203241.539110,100.388029,666.839768,-19.492932,662.742766,-139.515131,659.651267,59.973351,-0.007879,1,0
19.333000,-57.495932,204281.608259,-177.552728,203338.974498,62.341834,203407.823143,100.556963,667.848583,-19.411110,666.889299,-139.742333,668.077994,59.970830,-0.000078,1,0
19.367000,-57.452371,203172.044156,-177.543948,203273.675356,62.349056,203837.555371,100.706728,660.163265,-19.240809,668.118858,-139.545621,661.383720,59.971687,0.000138,1,0
19.400000,-57.316593,202483.087474,-177.471843,204117.979375,62.512642,204014.212615,100.664209,666.824423,-19.513710,668.374662,-139.605194,661.173005,59.966226,-0.007934,1,0
19.433000,-57.438160,203115.896668,-177.448476,203365.585191,62.429428,201828.198057,100.797259,660.140605,-19.357241,662.418994,-139.664808,664.224922,59.957238,-0.005556,1,0
19.467000,-57.467345,203609.206208,-177.379758,201779.550692,62.336520,202552.085117,100.518871,662.873320,-19.887645,664.422820,-139.407585,662.341192,59.966340,-0.002798,1,0
19.500000,-57.516497,203292.725264,-177.495962,201334.578661,62.307218,203749.976300,100.444102,659.527927,-19.586676,669.767253,-139.799757,672.726730,59.961923,-0.001284,1,0
19.533000,-57.351755,203229.575778,-177.635675,203030.068668,62.581106,203295.000485,100.476870,660.763414,-19.826857,659.175686,-139.517377,662.390635,59.958817,0.005782,1,0
19.567000,-57.322717,202936.185143,-177.470744,202824.471673,62.498249,203559.686019,100.581032,669.803733,-19.098995,660.040716,-139.621466,664.913882,59.966801,0.009754,1,0
19.600000,-57.389396,203690.175245,-177.251645,203153.980678,62.532984,203826.358415,100.550497,657.519427,-19.130036,667.618983,-139.607776,654.741693,59.959428,0.020820,1,0
19.633000,-57.445638,203289.517522,-177.498822,203104.477437,62.491887,202763.390576,100.134660,657.914588,-19.614659,662.768280,-139.605389,661.660300,59.954917,-0.009752,1,0
19.667000,-57.429487,201843.568705,-177.391182,202633.221760,62.343334,203382.674964,100.708116,663.531434,-19.657120,665.121394,-139.568656,663.616032,59.962133,0.002778,1,0
19.700000,-57.405439,201982.865800,-177.421506,203874.169010,62.553819,202660.182324,100.635200,665.981857,-19.242484,668.435906,-139.439346,666.123221,59.961239,-0.010108,1,0
19.733000,-57.355337,204112.395311,-177.384363,202394.068879,62.809939,201416.615293,100.748277,667.143809,-19.327614,658.791059,-139.032187,657.039057,59.963561,-0.002232,1,0
19.767000,-57.220435,202279.010736,-177.374343,202933.180995,62.547687,203641.987739,100.749953,661.882311,-18.970982,663.821402,-138.846705,653.375915,59.965884,-0.009658,1,0
19.800000,-57.372665,202461.994533,-177.533071,203457.928340,62.442436,203342.159080,100.850748,661.428002,-19.410497,664.459228,-139.324424,660.253930,59.962059,0.003729,1,0
19.833000,-57.263566,201804.813927,-177.383907,203965.950047,62.437737,202056.236972,100.815803,661.689830,-19.158654,665.306947,-139.538330,663.838494,59.957232,-0.009586,1,0
19.867000,-57.423476,203938.672571,-177.240826,202891.225342,62.652179,203594.274225,100.694597,666.471261,-19.178567,666.495950,-139.443047,661.735780,59.969825,-0.012399,1,0
19.900000,-57.219406,203886.869839,-177.139339,202180.895605,62.763214,203126.071713,100.766730,660.047882,-18.914675,668.145833,-139.080471,668.876082,59.959898,0.008479,1,0
19.933000,-57.338961,202504.776201,-177.123669,204183.560794,62.821931,203955.112811,100.602119,659.656042,-19.246899,669.443552,-139.036691,659.227947,59.961551,0.004069,1,0
19.967000,-57.177263,201605.664270,-177.303076,202911.604238,62.764103,201730.529923,100.975013,668.784317,-19.597653,669.779928,-139.133078,666.137217,59.961316,-0.006871,1,0
20.000000,-57.126959,203603.239450,-177.345202,202396.834373,62.747908,203695.742576,101.073828,674.489801,-19.297920,667.306625,-139.371392,666.654663,59.965823,0.003440,1,0
20.033000,-57.388208,203006.770336,-177.176955,202454.767141,62.587882,203092.681962,100.361015,672.959139,-19.058794,670.871543,-139.308124,667.098983,59.964989,0.000704,1,0
20.067000,-57.377620,202919.344590,-177.269395,202343.027808,62.580369,202402.264526,100.379394,660.748748,-19.220436,666.622039,-139.557404,665.450340,59.968985,0.000729,1,0
20.100000,-57.377395,202146.879285,-177.259017,203388.881435,62.530474,204035.893850,100.516740,660.500037,-19.052845,666.922043,-139.705281,665.869733,59.959860,0.002691,1,0
20.133000,-57.264188,201511.802263,-177.256338,202720.372991,62.814988,200865.101728,100.957504,667.201045,-19.519602,673.245981,-139.058474,668.670019,59.963605,-0.005208,1,0
20.167000,-57.276055,202396.988037,-177.350950,204277.891541,62.796526,202300.490519,100.665120,670.117753,-19.254004,665.865610,-139.239894,672.434407,59.965157,-0.000532,1,0
20.200000,-57.251408,202002.696242,-177.214828,203204.522495,62.765253,203989.630854,100.870792,668.692163,-19.151908,668.120151,-139.441158,670.263664,59.955484,0.003617,1,0
20.233000,-57.292462,201991.936346,-177.366868,202608.005675,62.736726,202007.371164,101.018908,669.545400,-19.352437,670.126097,-139.066378,664.542412,59.962231,0.004597,1,0
20.267000,-57.294590,202631.081831,-177.383253,202845.698849,62.501014,204503.831616,100.754119,669.563010,-19.069459,670.688835,-139.453870,665.173014,59.963286,0.013560,1,0
20.300000,-57.439682,202815.162578,-177.254182,202845.906830,62.605262,201936.566423,100.658406,666.379394,-19.030887,669.571920,-139.706834,671.275378,59.962287,0.006546,1,0
20.333000,-57.466797,202380.848338,-177.208977,203427.199070,62.595939,203262.696530,100.769110,663.366818,-19.179026,673.478529,-139.655852,669.548193,59.960465,-0.003068,1,0
20.367000,-57.302828,203078.435044,-177.438007,202954.672999,62.406169,204426.558221,100.980353,668.854923,-19.411128,669.173529,-139.601836,668.977982,59.962297,0.004071,1,0
20.400000,-57.177724,204212.792917,-177.248491,202567.309206,62.721346,202870.757333,100.776773,666.026633,-19.247538,659.700288,-139.003203,664.570870,59.973492,-0.013283,1,0
20.433000,-57.264626,203656.792665,-177.294612,203060.474210,62.615243,201111.128194,100.848669,666.099286,-19.295271,668.560949,-139.676688,666.034327,59.970889,-0.002140,1,0
20.467000,-57.380827,203889.527603,-177.399734,200741.703090,62.776241,203052.371810,100.783921,664.309624,-19.406850,667.303859,-139.291989,670.267784,59.969520,-0.009168,1,0
20.500000,-57.188496,202791.886937,-177.481566,203753.491311,62.710531,201392.155479,100.869077,668.226071,-19.443344,669.843891,-139.439602,667.560358,59.969614,-0.004444,1,0
20.533000,-57.456871,203502.517530,-177.370090,203292.465627,62.821997,202825.501374,100.418575,667.386721,-19.476393,664.775288,-139.234791,661.625084,59.964554,0.008877,1,0
20.567000,-57.590039,202026.548047,-177.266448,202623.917079,62.809397,202514.542196,100.315292,667.805338,-19.353068,664.567871,-139.345234,665.464842,59.969152,0.004208,1,0
20.600000,-57.145489,202285.356143,-177.429269,202430.372965,62.656941,203261.767033,100.622517,664.932921,-19.197807,661.597836,-139.671207,663.344564,59.971720,0.005976,1,0
20.633000,-57.419122,202816.751075,-177.271543,201967.238182,62.671759,203055.262566,100.721602,663.206255,-19.373310,666.579779,-139.405415,663.352095,59.970860,-0.013192,1,0
20.667000,-57.416263,203138.747930,-177.334733,202449.652376,62.874088,202522.765378,100.616786,670.848059,-19.199232,667.739495,-139.226854,662.636639,59.968036,0.000822,1,0
20.700000,-57.349347,202302.352585,-177.375822,203997.319364,62.800271,202527.262829,100.498419,661.370095,-19.648083,663.709301,-139.114287,664.535318,59.970889,0.003719,1,0
20.733000,-57.292340,201613.046487,-177.370887,203458.504192,62.852306,202857.313831,101.273091,664.714240,-19.468864,668.461708,-139.111712,670.600841,59.973869,-0.000434,1,0
20.767000,-57.326055,202629.374618,-177.505819,202304.620048,62.557122,203876.894774,100.952712,670.634655,-19.564493,667.544664,-139.405487,666.735812,59.968621,0.007058,1,0
20.800000,-57.511201,202602.688903,-177.433597,202031.254610,62.520594,203048.239958,100.762364,666.556661,-19.280126,669.794338,-139.307641,666.671228,59.967365,0.002134,1,0
20.833000,-57.292923,202665.467716,-177.314149,202573.692182,62.608187,201933.456456,100.443398,665.631242,-19.537515,666.072176,-139.208825,665.030384,59.966719,-0.004992,1,0
20.867000,-57.352081,201243.277691,-177.208406,202558.492295,62.655176,202646.920161,101.032474,675.334658,-19.306224,664.408076,-138.964755,664.845945,59.973682,0.007321,1,0
20.900000,-57.196315,201356.247349,-177.285092,202627.407737,62.734145,202405.942384,101.060588,667.843387,-18.998193,669.562397,-139.082733,666.895892,59.975838,0.007091,1,0
20.933000,-57.256323,203086.693595,-177.543183,201399.572981,62.680369,201496.632953,100.595542,668.261749,-19.964839,668.773115,-139.306037,674.081914,59.972569,-0.010439,1,0
20.967000,-57.428919,205176.487695,-177.428948,201918.556480,62.357418,201996.003026,100.544587,669.051264,-19.322920,671.247066,-139.398369,667.446611,59.977785,0.005106,1,0
21.000000,-57.286976,203422.730951,-177.575968,203577.461523,62.634675,201299.259578,100.438926,671.022995,-19.681445,672.906417,-139.368999,675.680040,59.979918,0.000101,1,0
21.033000,-57.417074,203080.846110,-177.310515,202748.087231,62.566868,201633.287480,100.531487,667.919870,-19.489655,675.561066,-139.717075,674.022128,59.967057,0.008477,1,0
21.067000,-57.502668,202659.418543,-177.394850,201003.551286,62.644625,202521.345176,100.566210,677.933684,-19.337589,674.284912,-139.226381,674.008181,59.971967,-0.004650,1,0
21.100000,-57.405235,203409.746163,-177.408698,203302.490348,62.495519,201904.192634,100.690042,669.236152,-19.759256,663.863906,-139.626808,669.189771,59.978769,-0.004699,1,0
21.133000,-57.320947,201544.118960,-177.482175,200900.982060,62.621664,201772.474853,100.576431,671.378397,-19.759094,674.685799,-139.591447,669.704845,59.982364,-0.000151,1,0
21.167000,-57.299673,202601.655603,-177.163012,202996.033734,62.554627,203191.582683,100.580561,671.406601,-19.291504,660.296836,-139.355815,668.215672,59.980419,-0.003973,1,0
21.200000,-57.296170,202482.681116,-177.276672,201832.523682,62.663928,203356.290764,100.826320,665.130584,-19.279071,667.793904,-139.397273,668.874836,59.975637,0.013395,1,0
21.233000,-57.373941,202533.182491,-177.083417,202169.499412,62.581245,202446.044590,100.392311,670.018815,-19.149502,665.038502,-139.382213,669.478605,59.978968,-0.004092,1,0
21.267000,-57.372452,203707.031622,-177.299504,200637.454639,62.818460,202741.270220,100.656834,663.047020,-19.569676,668.735193,-139.304438,668.726374,59.975199,0.012707,1,0
21.300000,-57.397064,201902.178445,-177.336625,200871.991056,62.694904,202959.211880,100.691973,665.094665,-19.251900,664.470344,-139.361226,665.476881,59.976476,-0.013815,1,0
21.333000,-57.396418,203280.198019,-177.145121,203396.717462,62.784196,202310.494495,100.575523,662.509176,-19.195128,661.344047,-139.244579,665.652282,59.974756,0.008966,1,0
21.367000,-57.325401,202322.535915,-177.156307,202132.854750,62.664375,202104.695536,100.324966,668.444461,-19.705020,670.834181,-139.266233,668.043487,59.974113,-0.007692,1,0
21.400000,-57.258177,202561.115421,-177.562829,202801.688682,62.441802,201497.210400,100.659104,671.824219,-19.601882,668.044016,-139.168116,673.660831,59.960025,0.005401,1,0
21.433000,-57.316554,202421.205042,-177.356445,201528.221777,62.683631,202533.941719,100.728628,670.396816,-19.423029,668.604134,-139.293538,671.878211,59.965325,0.008431,1,0
21.467000,-57.353095,202154.104933,-177.346307,201730.232618,62.660462,201489.920235,100.975017,665.224608,-19.558535,669.370370,-139.291306,668.958467,59.972376,-0.004325,1,0
21.500000,-57.256985,204211.699991,-177.398069,202983.197568,62.637503,201734.120112,100.754873,666.947618,-19.216256,667.450551,-139.281314,670.333070,59.966927,-0.010018,1,0
21.533000,-57.332076,201992.281881,-177.165131,202796.922121,62.677328,202643.637846,100.300217,661.648486,-19.219361,667.721111,-139.563349,668.239312,59.964664,-0.003485,1,0
21.567000,-57.284300,202409.131563,-177.250164,202924.965818,62.642448,201035.496150,100.481520,668.619106,-19.305290,664.984553,-139.290452,660.232917,59.962691,0.009880,1,0
21.600000,-57.363450,202539.542481,-177.303752,202438.014673,62.767431,202695.635614,100.590655,668.903806,-19.327991,667.040474,-139.177970,668.695452,59.973813,-0.015135,1,0
21.633000,-57.412475,202991.820363,-177.320066,203249.960441,62.725217,201642.339344,100.864309,671.087874,-19.389950,670.311875,-139.453664,666.224413,59.966790,0.006369,1,0
21.667000,-57.218912,201623.712796,-177.422562,202546.173384,62.503114,200213.826451,100.833778,666.395166,-19.431039,660.347984,-139.304328,662.511713,59.966656,-0.002144,1,0
21.700000,-57.293529,201695.727023,-177.383864,203038.420370,62.727044,201364.837638,100.679377,665.144864,-18.886790,666.041159,-139.421180,665.953748,59.962066,-0.025545,1,0
21.733000,-57.343529,202702.473134,-177.261480,202016.515797,62.892824,201592.337864,100.307059,665.579679,-19.272129,667.921832,-139.011585,662.134213,59.963726,0.004348,1,0
21.767000,-57.405975,201355.493551,-177.251424,203080.320783,62.827064,202624.092761,100.803353,666.962347,-19.408926,659.705637,-139.108145,666.672014,59.961867,-0.007616,1,0
21.800000,-57.329993,201144.656248,-177.137060,202489.211497,62.964844,202484.350018,100.913246,668.248950,-19.061386,665.030619,-139.162722,668.587817,59.970561,-0.004078,1,0
21.833000,-57.197155,202100.985794,-177.193957,201934.137359,62.970713,201448.150035,101.020718,663.798555,-19.260878,666.338287,-138.973307,663.991982,59.960463,0.010904,1,0
21.867000,-57.120474,200876.114870,-177.270856,202059.678499,62.781704,202069.013043,100.751209,660.854694,-19.448632,668.003575,-139.209381,665.923315,59.963152,-0.003453,1,0
21.900000,-56.935906,202378.588357,-177.065877,201598.107244,62.732362,201545.086605,101.122634,664.046170,-19.126320,667.783776,-139.001943,667.458672,59.968790,-0.003309,1,0
21.933000,-57.092664,200771.484902,-177.118251,202133.804062,62.794856,199853.807179,100.716330,672.181464,-19.075468,662.169652,-139.160368,663.040145,59.968192,0.000400,1,0
21.967000,-57.168768,203227.307994,-177.144243,204095.315329,62.899351,201587.209820,100.838401,669.015831,-19.414441,665.789965,-139.265893,667.518672,59.973463,0.001832,1,0
22.000000,-57.299983,202895.170194,-177.204650,202144.363100,63.081815,201570.917976,100.890969,669.556363,-19.496112,662.773908,-139.085565,665.565466,59.968592,0.002126,1,0
22.033000,-57.291067,201793.553948,-176.983158,201973.210277,62.998960,201920.044985,100.354908,664.404945,-18.878004,669.023116,-139.070842,663.270980,59.974235,0.003359,1,0
22.067000,-57.307795,201098.299723,-177.014243,202145.239304,62.811728,202253.425828,100.925320,665.465217,-18.979248,672.552926,-139.155428,668.534957,59.971179,-0.005665,1,0
22.100000,-57.199124,201068.623282,-177.045231,200643.892496,62.982625,202049.095043,100.702380,662.341948,-18.873119,662.860669,-139.137480,659.911236,59.971455,0.012796,1,0
22.133000,-57.124980,203286.016440,-177.121377,201006.473723,62.888349,201212.291210,100.831574,666.990244,-19.182842,672.305245,-139.109050,667.425200,59.966720,-0.005879,1,0
22.167000,-57.112193,201894.253352,-177.030607,201011.229402,62.925968,200403.468055,100.755214,667.181718,-19.283965,660.791991,-139.094405,662.547919,59.963306,-0.002846,1,0
22.200000,-57.014851,200855.283622,-177.051074,201474.599600,62.890024,200789.731826,100.974296,664.914383,-18.849242,668.414718,-138.744301,669.077629,59.969705,0.013881,1,0
22.233000,-57.085252,199820.250875,-177.308235,199860.302230,62.852975,201899.407404,100.899616,668.027734,-19.539638,660.558893,-138.972119,665.683106,59.969817,0.009094,1,0
22.267000,-57.033499,201824.303566,-177.110855,201016.677426,62.899681,199951.345927,100.703992,666.193528,-19.025718,668.047599,-139.297382,670.164691,59.960677,0.001610,1,0
22.300000,-57.301448,201281.400442,-177.193044,200962.305215,62.868145,200032.514984,100.873883,669.602117,-19.264275,670.056220,-139.222059,666.312160,59.957769,-0.002822,1,0
22.333000,-56.961795,200098.576739,-177.118863,201315.153521,62.865866,200584.439655,101.430536,665.351583,-18.872062,667.071645,-139.143421,668.115487,59.966036,-0.018001,1,0
22.367000,-57.189141,201202.373698,-176.896699,201541.541695,63.057863,201009.672312,100.753296,665.738298,-18.918007,667.125101,-139.020668,670.135593,59.961214,0.003658,1,0
22.400000,-57.120444,200725.625597,-176.966089,200150.516846,62.963157,200060.566749,101.169681,669.227673,-18.805226,670.459394,-138.988345,669.908220,59.957722,0.003196,1,0
22.433000,-57.181494,201506.948775,-176.988132,201409.252414,62.974811,200835.121045,100.470892,667.438238,-19.291938,670.747834,-139.112768,667.621236,59.955969,0.005874,1,0
22.467000,-57.024981,200923.802274,-177.178096,200618.797780,62.872034,202863.994330,100.907234,657.520623,-19.306587,662.083409,-139.125796,664.782596,59.958294,0.000830,1,0
22.500000,-57.159403,200732.757100,-177.171309,200693.532667,63.000953,199944.886280,100.726135,656.608065,-19.013651,663.158392,-138.992990,659.434857,59.957594,-0.004383,1,0
22.533000,-57.194410,201588.478330,-177.070119,200016.879518,62.637223,199677.150634,100.613566,659.146346,-19.157558,664.724143,-139.286713,661.699171,59.962010,-0.000629,1,0
22.567000,-57.275213,201060.689354,-177.123965,200840.249832,62.923936,199758.209025,100.501152,668.580283,-19.361482,660.737806,-139.027006,666.071101,59.957718,-0.001956,1,0
22.600000,-57.129010,199659.248435,-177.133664,199895.351864,62.549925,201342.572122,100.841573,670.130884,-18.806548,663.877960,-139.601452,663.636704,59.957568,0.008891,1,0
22.633000,-57.237714,200448.210980,-177.144743,201732.848809,62.628261,201995.483404,100.694094,670.879384,-19.271573,662.943685,-139.709299,664.854423,59.947639,0.004271,1,0
22.667000,-57.157893,200782.922747,-177.087371,200378.683847,62.920226,200232.326226,100.687978,668.071434,-18.958548,660.367038,-139.316219,660.383515,59.958660,-0.005067,1,0
22.700000,-57.102051,201210.705990,-177.271635,202560.734796,63.024974,200375.940232,100.987674,667.220291,-19.444214,666.316415,-139.228603,665.134567,59.953204,0.001807,1,0
22.733000,-57.250331,201183.574481,-177.123697,200830.057479,62.919729,200778.682369,100.778243,668.366971,-19.188646,666.170860,-139.234348,663.786794,59.949970,0.016700,1,0
22.767000,-57.155339,200856.854867,-177.356388,201831.280728,62.737611,200851.019214,100.658130,667.054361,-19.285477,670.172558,-139.021887,668.857112,59.955561,-0.000084,1,0
22.800000,-57.120383,200829.164727,-177.207331,200900.832097,62.871285,200894.003265,100.853938,671.672279,-19.017217,670.701488,-139.032147,672.624644,59.957294,0.013240,1,0
22.833000,-57.090573,202453.199456,-177.309689,201181.595095,62.717017,199525.107289,100.723753,667.871891,-19.182735,668.454334,-139.304754,661.591032,59.959663,-0.005450,1,0
22.867000,-57.227834,202833.099250,-177.245198,201428.871237,62.848018,201255.693134,100.897252,670.169466,-19.249750,663.406639,-139.402680,666.264002,59.948063,0.001989,1,0
22.900000,-57.229032,200812.335552,-177.311660,202004.559736,62.781683,200581.120284,100.827409,665.180870,-19.375360,663.948670,-139.252861,670.247834,59.958961,-0.000459,1,0
22.933000,-57.248224,201309.946643,-177.185271,201193.142152,62.920502,200091.642086,101.082193,667.503788,-18.864715,666.870388,-138.852193,668.561675,59.963465,-0.003652,1,0
22.967000,-57.000629,200447.345446,-177.237559,200334.479294,62.956271,200958.403782,100.941857,667.573737,-19.410530,670.931936,-139.191233,670.752933,59.960488,-0.005407,1,0
23.000000,-57.078639,202947.040428,-177.073522,201730.079711,62.827049,200817.591689,100.815954,676.850389,-19.238660,669.111402,-139.299263,673.223946,59.956982,-0.001741,1,0
23.033000,-57.063517,202574.095802,-177.122081,201129.037795,62.780960,200501.793578,100.867437,669.828751,-19.139741,669.437374,-139.211587,674.367801,59.950175,0.003695,1,0
23.067000,-57.149822,200113.360975,-177.209856,202254.954659,62.854416,200614.723085,100.994137,671.019500,-19.251726,667.756741,-138.917143,667.129684,59.955378,-0.008019,1,0
23.100000,-57.113158,200543.152855,-177.114668,202504.391793,63.129281,201062.056080,101.041163,673.624088,-19.466659,671.929176,-139.074402,667.402626,59.947764,0.010525,1,0
23.133000,-57.029334,200647.240740,-177.143144,200908.169309,62.759023,201931.306003,101.290218,668.743337,-18.961585,666.339504,-139.068904,669.125329,59.945532,0.002229,1,0
23.167000,-57.211198,201231.029772,-177.282420,200834.881530,62.888412,199573.100341,100.968889,667.258706,-19.412268,670.239064,-139.036670,666.675182,59.955164,0.006579,1,0
23.200000,-57.157865,201995.870207,-177.165732,200840.001104,62.963865,201980.255597,100.992328,671.402110,-19.433888,676.324647,-138.931491,671.707493,59.962662,-0.002166,1,0
23.233000,-57.122778,201482.712351,-177.052075,200116.556955,62.841437,200762.872190,101.170209,670.458062,-18.724725,673.348492,-139.070595,667.311096,59.958110,-0.005952,1,0
23.267000,-57.162078,201172.696565,-177.231478,200901.910208,62.844162,202154.640693,100.841194,673.210716,-19.009978,674.882261,-139.177462,668.723099,59.954614,0.001279,1,0
23.300000,-57.290597,202613.272793,-177.197465,200139.441536,62.712105,202412.354909,100.834007,670.225665,-19.227318,669.936704,-138.852353,662.049947,59.961096,-0.016826,1,0
23.333000,-57.171079,201948.408496,-177.495707,203313.239471,62.714878,202133.158977,100.741332,674.681323,-19.508653,669.056982,-139.033473,672.901182,59.955909,0.014341,1,0
23.367000,-57.455069,200654.082531,-177.243760,200127.128567,62.784146,198152.582905,100.424111,666.933281,-19.512236,665.510370,-139.310561,665.352800,59.960781,-0.000961,1,0
23.400000,-57.356830,200513.912747,-177.277683,202347.376439,62.891394,201193.471610,100.601664,668.091641,-19.356097,671.187021,-139.214109,660.200983,59.956145,-0.000914,1,0
23.433000,-57.230431,201569.206011,-177.233618,203231.855887,62.904016,200781.039744,100.851372,673.459420,-19.286145,672.110274,-139.168035,664.443048,59.955677,-0.001614,1,0
23.467000,-57.260644,202341.592791,-177.242383,201422.413919,62.603447,201083.932461,100.884861,670.197682,-19.097176,669.517762,-139.394235,668.451730,59.956923,0.010819,1,0
23.500000,-57.314881,201749.993356,-177.230718,201192.037112,62.761034,200866.732039,100.703345,668.090176,-19.454635,671.862260,-139.429353,669.027859,59.958347,-0.012101,1,0
23.533000,-57.347722,202638.412758,-177.207908,201751.202192,62.725626,201800.697748,100.325880,671.173249,-19.046358,662.390164,-139.561801,663.914902,59.960925,-0.004333,1,0
23.567000,-57.322709,202476.732591,-177.098033,199714.387508,62.794609,201158.002227,100.543667,672.964872,-19.164545,670.022968,-139.255144,664.768423,59.955603,-0.006545,1,0
23.600000,-57.168768,201501.572286,-177.245453,201935.512611,63.073920,202176.162163,100.681303,665.792775,-19.110182,667.690752,-138.896406,671.462833,59.956079,-0.008625,1,0
23.633000,-57.199288,201925.689800,-177.218356,202122.927041,62.716849,203249.264021,100.803142,666.802648,-19.119516,670.232493,-139.504247,664.657926,59.947711,-0.006789,1,0
23.667000,-57.340076,202046.465342,-177.137805,201673.964942,62.727813,202475.980247,100.448515,667.518833,-19.272639,669.360810,-139.145152,665.861917,59.952935,-0.001249,1,0
23.700000,-57.168880,201915.341908,-177.105511,201625.346556,62.626307,201191.263505,100.883710,676.863783,-19.095019,670.512428,-139.434394,671.735465,59.951792,0.011483,1,0
23.733000,-57.226941,202924.939489,-177.303142,199706.840266,62.798415,202467.500659,100.787694,657.913326,-19.570651,658.933492,-138.983153,667.543511,59.952823,-0.001060,1,0
23.767000,-57.188388,200769.903576,-177.207505,202876.136288,62.766000,200351.950879,100.935273,661.572772,-19.338020,666.476355,-139.424199,662.267993,59.955938,0.001500,1,0
23.800000,-57.462654,200394.260818,-177.242450,201233.222399,62.712573,201025.791605,100.248801,656.751219,-19.035413,660.020126,-139.118634,667.683310,59.953478,0.004726,1,0
23.833000,-57.042453,202355.041543,-177.220594,198770.751238,62.676280,200959.222467,101.245482,660.919096,-19.141579,658.715438,-139.520670,663.386263,59.952189,0.011848,1,0
23.867000,-57.243010,200896.877854,-177.296030,201773.693451,62.638561,202015.482345,100.860594,658.669466,-19.825793,659.558852,-139.649696,663.818119,59.949980,-0.001472,1,0
23.900000,-57.335519,202208.414814,-177.377289,200016.185190,62.861330,202092.309313,100.414933,660.035202,-19.238967,655.655102,-138.940373,663.149053,59.952340,0.001188,1,0
23.933000,-57.264358,201208.094587,-177.192552,201797.503470,62.820031,200793.159154,100.800539,664.014681,-19.179597,661.362621,-139.096272,655.846425,59.957674,-0.002147,1,0
23.967000,-57.265020,199503.137402,-177.330354,200339.384101,62.792371,200537.157934,100.873199,657.840335,-19.191766,663.609394,-139.266467,664.123673,59.962617,0.004203,1,0
24.000000,-57.142186,202790.216707,-177.202275,201127.029224,62.865363,201099.395563,100.638260,664.475052,-19.325619,666.400716,-139.093289,656.200853,59.962389,0.000586,1,0
24.033000,-57.319977,201134.496963,-177.318906,200528.753878,62.557316,200843.791646,100.454422,664.958816,-19.339248,660.798394,-139.370204,657.591455,59.954798,0.008131,1,0
24.067000,-57.264525,201580.527099,-177.051716,201427.270008,62.948796,200294.303571,101.052445,660.404605,-19.111225,663.389513,-139.170524,668.068470,59.961035,-0.000663,1,0
24.100000,-57.231747,203049.247658,-177.412149,201354.649352,62.706279,201536.441191,100.744407,665.570803,-19.553522,660.074412,-139.171848,666.866584,59.955893,0.000608,1,0
24.133000,-57.402912,200937.951354,-177.314158,201484.644347,62.803187,201325.878925,100.452889,662.777284,-19.510550,655.332237,-139.307699,660.755561,59.957989,-0.008079,1,0
24.167000,-57.335523,201075.610662,-177.237955,201113.044511,62.837731,202417.561491,100.660742,667.348226,-18.999478,664.276912,-138.975676,669.407210,59.955614,-0.006117,1,0
24.200000,-57.065930,200915.046085,-177.254909,203520.861196,62.741368,201135.259927,100.922686,661.852900,-19.094334,660.313472,-139.033253,669.709718,59.959225,-0.003194,1,0
24.233000,-57.504719,202602.476961,-177.269335,201412.038426,62.656603,203010.064966,100.638970,662.949266,-19.252303,659.803283,-139.478014,666.911577,59.952209,-0.022123,1,0
24.267000,-57.326860,201371.136095,-177.255035,200675.728727,62.963173,202969.268142,100.759178,662.555362,-19.007659,658.489926,-138.983418,664.910186,59.957424,0.008333,1,0
24.300000,-57.444633,200925.024978,-177.165738,200357.431582,62.687014,200672.607957,100.710754,666.568580,-19.140767,664.847604,-139.165028,659.447654,59.957248,-0.010216,1,0
24.333000,-57.107476,201537.396522,-177.282375,202228.999449,62.561652,201193.243830,100.644078,664.361868,-19.659474,664.917166,-139.471480,663.960199,59.944149,-0.001253,1,0
24.367000,-57.183769,201845.592688,-177.247812,203660.362493,62.563036,198833.843731,100.837138,660.692411,-19.167822,662.424113,-139.205345,666.678594,59.947725,-0.003075,1,0
24.400000,-57.328832,202437.710112,-177.245703,202655.063769,62.649127,199555.426345,100.739754,654.010900,-19.182517,666.321431,-139.613567,662.495606,59.950554,0.002759,1,0
24.433000,-57.333402,202032.140232,-177.232974,201586.562793,62.705295,202851.558798,100.611431,657.797408,-19.206631,657.854827,-139.129648,659.463930,59.960419,0.007709,1,0
24.467000,-57.160869,201171.802264,-177.290141,201202.757747,62.810755,202675.966629,100.415609,652.497446,-19.283745,660.636952,-139.303635,658.473101,59.962784,-0.016973,1,0
24.500000,-57.234977,201804.462647,-177.201190,201717.228981,62.799402,200466.832663,100.713662,662.855723,-19.232172,657.943959,-139.415234,657.050020,59.964898,-0.002108,1,0
24.533000,-57.326914,200776.152484,-177.210795,202882.763759,62.746100,202451.697233,100.805577,656.589256,-19.351651,659.007322,-139.293668,658.388615,59.956787,-0.005511,1,0
24.567000,-57.274981,201069.310697,-177.186805,200674.346546,62.805287,202076.034109,100.550983,663.390336,-19.152570,659.053428,-139.210457,659.758167,59.953898,0.000946,1,0
24.600000,-57.239136,202706.048351,-177.050490,199191.265060,62.628481,201445.006396,100.940426,653.672783,-18.940465,657.708180,-139.506950,665.474908,59.965796,-0.011953,1,0
24.633000,-57.392824,200925.497743,-177.201354,200937.004302,62.888265,200853.989567,100.626525,663.268346,-19.209625,658.503001,-139.050066,662.866034,59.962126,0.009773,1,0
24.667000,-57.435744,202737.960456,-177.246712,201435.366215,62.762698,201185.426941,100.499674,652.912856,-19.224685,663.288564,-139.035828,663.274450,59.958624,0.004770,1,0
24.700000,-57.247277,202417.848575,-177.189095,203411.409526,62.855641,202252.463776,100.809263,654.820176,-19.299012,660.582801,-139.345945,660.504591,59.965968,-0.004792,1,0
24.733000,-57.346158,202529.000807,-177.358461,201588.820625,62.799646,202095.536070,100.722285,658.333823,-19.734604,660.384549,-139.371179,655.951005,59.957091,0.001600,1,0
24.767000,-57.339680,203058.966590,-177.311583,203169.333795,62.708947,201491.708239,100.387799,650.562499,-19.573036,657.715626,-139.201081,659.010237,59.962777,-0.000670,1,0
24.800000,-57.298161,201638.112290,-177.310230,201881.717379,62.827650,203020.299071,100.829133,662.402186,-19.087693,660.093568,-138.956810,661.028679,59.964324,-0.000852,1,0
24.833000,-57.208865,202326.893455,-177.186915,203559.875683,62.719577,202505.903065,100.456332,660.323796,-19.056742,660.831615,-139.319777,662.814531,59.957965,-0.006489,1,0
24.867000,-57.367164,201872.246684,-177.322494,202344.444544,62.667227,202723.490417,100.291273,653.947988,-19.307747,651.897937,-139.598414,647.660711,59.963661,0.001212,1,0
24.900000,-57.469027,202450.419678,-177.308354,201432.347561,62.655646,202517.378621,100.434939,659.047774,-18.891020,663.317592,-139.461438,662.770985,59.965266,-0.003210,1,0
24.933000,-57.290239,200877.170268,-177.189154,202034.140818,62.722524,202611.954393,100.512108,650.298689,-19.059049,653.565504,-139.433601,655.295232,59.964445,-0.003788,1,0
24.967000,-57.342575,201820.540607,-177.502404,201601.901996,62.764934,200860.075245,100.527806,656.787584,-19.777766,653.502967,-138.966535,657.045448,59.959843,0.011808,1,0
25.000000,-57.422178,200226.934009,-177.157834,203166.126318,62.585471,201932.331944,100.705546,651.968973,-19.588004,653.805813,-139.109360,655.947424,59.970933,0.002121,1,0
25.033000,-57.254430,201411.290549,-177.317773,202154.741977,62.650337,201199.920339,100.370641,656.709658,-19.401748,653.419574,-139.327069,649.459353,59.959541,0.003347,1,0
25.067000,-57.341797,202594.178785,-177.321840,202033.683348,62.812097,202427.928548,100.869406,642.485488,-19.245974,652.092602,-138.950741,658.764091,59.961737,-0.009798,1,0
25.100000,-57.206386,202841.620954,-177.332648,201177.010203,62.709845,202177.553253,100.670886,652.757897,-19.549100,649.949378,-139.096714,648.661218,59.955536,-0.007744,1,0
25.133000,-57.245448,202277.805832,-177.355833,203110.088666,62.602577,202497.064071,100.996515,650.707708,-19.173672,655.147402,-139.277048,653.522499,59.960082,-0.009924,1,0
25.167000,-57.266121,202524.838168,-177.492143,203873.416748,62.608241,202072.613161,100.806496,655.034714,-19.379261,639.658986,-139.545315,648.660000,59.963963,-0.009092,1,0
25.200000,-57.220407,203242.309292,-177.286021,201922.937162,62.730680,203053.278480,100.540975,649.158685,-18.970544,649.193719,-139.206305,643.931569,59.969728,-0.003365,1,0
25.233000,-57.375954,202742.520744,-177.668399,201421.229234,62.693553,201855.302629,100.688414,654.941985,-19.719246,651.007967,-139.717318,653.357647,59.964457,0.003338,1,0
25.267000,-57.280630,201420.871571,-177.403685,204449.126822,62.679568,202077.198042,100.707798,643.670123,-19.494318,646.483291,-139.400224,654.291935,59.963028,-0.010813,1,0
25.300000,-57.263245,202716.812815,-177.181159,201943.597554,62.769710,201590.204491,100.691792,657.375495,-19.050973,649.677155,-138.901755,648.311158,59.966167,-0.006298,1,0
25.333000,-57.249905,202574.121046,-177.235292,202602.834787,62.797545,202663.726083,100.713963,649.119824,-19.273911,649.797897,-139.157977,653.039076,59.971011,0.002391,1,0
25.367000,-57.207746,201687.935904,-177.551882,202501.339500,62.662268,202821.061546,100.687180,644.954416,-19.801324,649.661428,-139.278533,651.337552,59.968739,0.005929,1,0
25.400000,-57.235321,203408.609163,-177.399713,202013.840512,62.729995,204258.784493,100.832474,646.043514,-19.564246,652.206790,-139.086389,648.557370,59.970896,-0.008063,1,0
25.433000,-57.549651,202259.691470,-177.317199,202750.934903,62.623534,200436.499744,100.382215,647.403995,-19.315338,644.944968,-139.515216,639.537014,59.970649,0.003658,1,0
25.467000,-57.296256,202847.438755,-177.492719,204120.803563,62.798061,203149.595369,100.544977,643.903306,-19.776208,642.201292,-139.233324,649.205000,59.962988,0.009196,1,0
25.500000,-57.305184,201489.177625,-177.361186,202833.754770,62.614814,201957.307454,100.736252,646.215680,-19.281705,647.708287,-139.335356,649.165209,59.984171,0.006690,1,0
25.533000,-57.380990,202006.855566,-177.260111,202615.154929,62.810372,201582.614815,100.587377,649.626131,-19.320177,652.127050,-138.654992,641.035961,59.966560,0.007779,1,0
25.567000,-57.213061,202166.716839,-177.187974,201118.228390,62.711278,202035.262163,100.616901,647.439463,-19.089165,644.831222,-139.336910,650.043174,59.970680,0.006345,1,0
25.600000,-57.203665,202530.939458,-177.246076,202984.696743,62.672651,203253.838277,101.013002,642.624692,-19.338603,647.242375,-139.382175,653.151379,59.973280,0.008541,1,0
25.633000,-57.282652,202768.890213,-177.133589,202915.039486,62.613559,202666.282980,100.775251,648.081878,-19.170689,646.433098,-139.255509,646.576977,59.966217,-0.007287,1,0
25.667000,-57.283035,202153.364633,-177.620724,201828.784339,62.643528,201568.452884,100.713264,653.849593,-19.615625,646.874981,-139.151471,646.923598,59.968392,0.007138,1,0
25.700000,-57.466510,203394.490489,-177.176886,203099.243596,62.706259,202063.544213,100.282722,646.228461,-19.360171,648.470028,-139.477949,649.427075,59.960045,-0.015721,1,0
25.733000,-57.502140,201430.229319,-177.369815,202894.026062,62.632705,200230.345734,100.690923,647.427183,-19.376780,653.070779,-139.323507,647.525321,59.969498,-0.002393,1,0
25.767000,-57.401552,201646.878589,-177.369449,200695.342135,62.731533,201730.129273,100.709593,652.921489,-19.604813,647.033533,-139.085707,652.890204,59.966226,-0.002209,1,0
25.800000,-57.203027,199585.093881,-177.372524,201354.675911,62.627347,200332.318183,100.879469,650.089783,-19.381955,651.055675,-139.393636,652.355210,59.965095,0.009313,1,0
25.833000,-57.142526,200838.081739,-177.182432,201467.174797,62.782102,201224.793541,100.695816,646.595435,-19.297038,648.773660,-139.303670,643.496218,59.970644,-0.006953,1,0
25.867000,-57.346221,201163.172032,-177.181791,201679.494023,62.820164,201183.410148,100.434033,648.213556,-19.363069,655.015018,-139.086963,648.350172,59.961798,0.001513,1,0
25.900000,-57.237588,201228.273804,-177.341352,200872.541663,62.599117,202583.557200,100.843606,652.083711,-19.349905,648.451435,-139.112083,647.171522,59.962018,-0.005587,1,0
25.933000,-57.330226,203732.791573,-177.175513,201805.607600,62.575280,200543.824239,100.810513,644.572146,-19.166543,642.934132,-139.596927,641.202158,59.962493,0.007349,1,0
25.967000,-57.223400,203871.572661,-177.232141,202835.666634,62.697999,201071.413438,100.660927,643.654413,-19.512631,644.723941,-139.416941,648.262772,59.967752,0.006756,1,0
26.000000,-57.379346,202541.481823,-177.177527,201811.410349,62.797783,201748.585835,100.514473,647.282449,-19.205062,649.537591,-139.025215,647.550499,59.963753,0.006169,1,0
26.033000,-57.215480,202695.545257,-177.269375,201694.675638,62.719813,200966.962779,100.883046,640.367418,-19.269093,647.749139,-139.280910,643.650813,59.967509,0.003184,1,0
26.067000,-57.376082,201928.019927,-177.202970,202390.101173,62.514525,203580.664881,100.609279,641.804672,-19.430291,642.717944,-139.266067,637.698689,59.959463,-0.007770,1,0
26.100000,-57.405282,201887.410806,-177.336897,203456.875244,62.722156,200474.929268,100.266753,644.927098,-18.902397,639.763688,-139.316881,645.550060,59.963861,0.005802,1,0
26.133000,-57.312761,201542.878719,-177.377503,203149.311246,62.735691,202060.884743,100.530588,639.648312,-19.334253,642.795460,-139.184014,635.935355,59.972098,-0.010762,1,0
26.167000,-57.279387,202515.921610,-177.290815,201944.073984,62.737308,200700.678180,100.311564,644.409895,-19.403302,641.878863,-139.555669,638.564567,59.963652,0.004437,1,0
26.200000,-57.447196,202913.279050,-177.496181,203443.295663,62.547592,202100.596262,100.737263,643.583045,-19.584674,643.349986,-139.235555,650.183789,59.961721,-0.000162,1,0
26.233000,-57.449413,204155.990082,-177.310947,201647.531333,62.719347,202121.499515,100.688466,643.596729,-18.986209,640.514663,-139.519471,641.447449,59.961117,0.003962,1,0
26.267000,-57.316047,201985.187525,-177.313601,200519.000259,62.572750,201632.181460,100.608047,646.587449,-19.332067,642.952554,-139.150090,640.862254,59.962473,0.003662,1,0
26.300000,-57.407602,201892.756799,-177.514234,201169.863287,62.623464,202041.076667,100.460887,654.756909,-19.627308,643.326095,-139.296265,642.059419,59.972786,0.004269,1,0
26.333000,-57.514462,203767.182478,-177.444319,203371.507956,62.862171,200777.743126,100.211503,641.661698,-19.391428,639.989302,-139.373431,650.459418,59.965795,-0.001484,1,0
26.367000,-57.412142,201582.896847,-177.269389,202113.896001,62.722755,201310.099216,100.624247,642.845610,-19.032262,639.759061,-139.267503,643.274617,59.963521,-0.002257,1,0
26.400000,-57.255897,202432.439691,-177.296997,201751.906869,62.791091,200519.897824,100.671509,642.746690,-19.215967,643.656035,-139.201295,641.893433,59.957078,0.008707,1,0
26.433000,-57.351716,201458.203064,-177.387795,201274.147402,62.811332,201239.117454,100.569117,639.184243,-19.313441,648.090582,-139.381831,639.605158,59.963899,0.001754,1,0
26.467000,-57.428310,202080.624466,-177.369703,203492.657943,62.734951,202076.137753,100.398276,645.031330,-19.347601,641.001574,-139.318754,638.831803,59.960516,-0.003605,1,0
26.500000,-57.410493,202071.989288,-177.297461,201180.508938,62.686354,200477.454454,100.622815,644.638713,-19.475897,642.130693,-139.113598,634.364229,59.955195,-0.006559,1,0
26.533000,-57.418173,202205.597833,-177.611115,202739.699078,62.581893,201087.369950,100.398705,641.117911,-19.589862,637.892907,-139.280472,643.136724,59.966095,-0.000793,1,0
26.567000,-57.375392,202838.866369,-177.262522,203889.906063,62.719984,202069.716358,100.503054,646.305866,-19.276615,638.135804,-139.397013,640.917118,59.955631,-0.003515,1,0
26.600000,-57.142728,202154.284175,-177.467649,202789.760933,62.534989,200636.084346,101.125697,638.915976,-19.586321,643.427208,-139.393249,641.743810,59.956731,-0.003055,1,0
26.633000,-57.337643,203755.531882,-177.469446,204260.612700,62.496496,201671.035917,100.848392,643.791277,-19.669408,641.458946,-139.669315,643.912157,59.956326,-0.007071,1,0
26.667000,-57.353680,202645.978166,-177.297121,204316.963809,62.602126,202784.094231,100.685582,645.478783,-19.616160,644.563879,-139.322366,645.003472,59.954581,0.011611,1,0
26.700000,-57.492890,202491.464762,-177.264932,204083.458147,62.619573,200830.421374,100.637403,642.492172,-19.326338,639.655254,-139.524901,642.266138,59.961880,0.005519,1,0
26.733000,-57.407116,200129.017009,-177.458972,202733.193226,62.620921,202668.429985,100.786187,643.053791,-19.424873,642.505792,-139.285023,644.486022,59.954304,0.009004,1,0
26.767000,-57.456922,202413.686429,-177.254624,200407.582112,62.512419,201995.846266,100.699744,646.302225,-19.215256,639.896398,-139.079515,642.578493,59.951699,0.002563,1,0
26.800000,-57.500823,202668.038781,-177.365338,202431.830388,62.425349,199969.762627,100.603806,635.270827,-19.301536,646.788901,-139.593026,640.723768,59.949488,0.000160,1,0
26.833000,-57.409510,201017.800141,-177.405421,201679.492068,62.458484,201426.407059,100.631309,645.027687,-19.328982,644.598365,-139.274200,643.594701,59.948916,0.012849,1,0
26.867000,-57.354611,202619.217764,-177.480927,203196.662922,62.528295,201182.619673,100.159285,635.689690,-19.397345,636.514157,-139.505370,640.725417,59.960641,0.011800,1,0
26.900000,-57.534529,201786.022969,-177.447808,201460.285593,62.533745,202450.372353,100.694393,640.587320,-19.115791,641.074384,-139.536730,635.532995,59.953007,0.006799,1,0
26.933000,-57.417830,202283.027086,-177.343933,202840.551191,62.537179,202115.703719,100.284572,635.273129,-19.328370,638.493371,-139.279896,643.965164,59.946886,-0.001983,1,0
26.967000,-57.611126,202027.147470,-177.552702,201072.487407,62.638863,203677.509324,100.656377,645.045485,-19.387783,644.534719,-139.536272,636.731484,59.949428,0.005610,1,0
27.000000,-57.487136,202257.652086,-177.485661,202199.767895,62.563077,201723.924195,100.562217,637.444739,-19.563574,632.305337,-139.589494,635.037023,59.948461,0.013038,1,0
27.033000,-57.526949,203298.634720,-177.646976,201761.174724,62.572158,200937.629911,100.428368,639.770988,-19.560494,635.597273,-139.585453,639.989498,59.950950,-0.000382,1,0
27.067000,-57.557275,201208.371544,-177.483042,203369.718723,62.506126,201991.410840,100.340569,637.258960,-19.381642,642.272891,-139.756937,636.299812,59.950639,-0.012059,1,0
27.100000,-57.410108,204375.652307,-177.473943,202766.590264,62.676586,202570.340195,100.656788,638.099545,-19.490757,629.551700,-139.429037,628.715685,59.949234,0.002734,1,0
27.133000,-57.504477,201806.234151,-177.734723,203930.252771,62.524349,203211.573139,100.281652,641.850470,-19.704037,637.909002,-139.259528,637.360492,59.944985,-0.005541,1,0
27.167000,-57.508889,202137.575248,-177.383130,203784.230369,62.662834,202246.531513,100.456877,630.489599,-19.379368,641.576342,-139.171931,646.308936,59.959902,-0.002433,1,0
27.200000,-57.451949,202085.787250,-177.420145,200657.138848,62.669232,200742.367337,100.468962,641.664170,-19.501149,631.929008,-139.628394,642.209219,59.948640,-0.008618,1,0
27.233000,-57.462088,201558.260458,-177.442127,203440.655262,62.480613,201813.710315,100.370774,639.181688,-19.591313,640.274645,-139.499840,641.411103,59.945195,-0.007479,1,0
27.267000,-57.473895,202026.266776,-177.472289,203038.797497,62.473007,201997.752885,100.579106,641.463077,-19.312714,639.055963,-139.189187,640.579685,59.955042,0.002795,1,0
27.300000,-57.310067,200400.047822,-177.601463,201688.757984,62.467939,199937.141446,100.322767,633.502239,-19.345745,632.386038,-139.620054,636.627245,59.954293,-0.017966,1,0
27.333000,-57.525952,203271.792341,-177.504751,201138.929945,62.521661,201504.079737,100.506622,640.991362,-19.288914,640.714313,-139.831057,636.818568,59.956302,0.007244,1,0
27.367000,-57.289885,203160.895826,-177.631657,201978.971518,62.515696,200900.181479,100.610447,637.626733,-19.754627,639.077574,-139.753540,634.335505,59.955513,-0.010365,1,0
27.400000,-57.402483,201149.449844,-177.464253,202530.816480,62.438534,200913.014978,100.674159,643.901770,-19.382849,639.471186,-139.745788,640.172655,59.953767,0.014520,1,0
27.433000,-57.485568,200361.219968,-177.634723,200707.285980,62.437028,201110.770738,100.555586,637.181374,-19.653644,637.283883,-139.596826,637.693967,59.950003,-0.020378,1,0
27.467000,-57.581544,201677.251148,-177.419590,200428.843780,62.408178,202393.383530,100.570211,636.654489,-19.316200,636.214736,-139.609384,636.576543,59.950639,-0.013780,1,0
27.500000,-57.635204,201232.301182,-177.526617,200651.757986,62.524017,202774.205564,100.346818,638.574023,-19.531575,637.042140,-139.251719,643.112929,59.955117,-0.004323,1,0
27.533000,-57.625165,200774.550569,-177.553180,201330.088552,62.407200,200572.709108,100.645331,636.545856,-19.520977,635.129209,-139.656986,638.485268,59.953254,0.004399,1,0
27.567000,-57.675383,202501.659391,-177.703393,203349.076440,62.533424,200698.182255,100.207666,634.019263,-19.603472,636.356299,-139.413893,641.770767,59.952495,-0.005594,1,0
27.600000,-57.588485,200599.358535,-177.409374,202075.245405,62.311666,201032.703369,100.696777,644.180883,-19.417035,638.756182,-139.438060,640.744380,59.949421,0.000453,1,0
27.633000,-57.735816,200296.814192,-177.791157,201250.168216,62.306848,200652.844816,99.758329,639.619817,-19.701286,641.131546,-139.578315,640.543370,59.949921,0.009114,1,0
27.667000,-57.667503,203431.055486,-177.621633,200722.487079,62.487642,199869.733083,100.472356,643.289157,-19.222969,643.096758,-139.636319,640.553594,59.960502,0.005144,1,0
27.700000,-57.581772,201545.599209,-177.614898,202588.906477,62.216636,201319.747134,100.613799,644.931035,-19.294019,644.846584,-139.812736,644.573503,59.956781,-0.000643,1,0
27.733000,-57.649487,201405.312248,-177.489484,201946.155577,62.374778,201055.600616,100.268417,637.164740,-19.437018,642.733042,-139.558106,634.974281,59.951853,0.018141,1,0
27.767000,-57.567860,201888.512528,-177.558050,202187.941932,62.275543,200190.143652,100.525396,633.246222,-19.716883,634.436876,-139.873439,638.604419,59.950611,-0.004487,1,0
27.800000,-57.729995,201225.672379,-177.664037,202290.122463,62.386848,201414.299681,100.310637,643.450140,-19.852816,643.274763,-139.530141,645.242406,59.954518,-0.010115,1,0
27.833000,-57.597751,203747.589890,-177.611983,200535.096103,62.353483,201178.007185,100.168069,636.182660,-19.688080,635.036501,-139.730466,641.170395,59.956394,0.006943,1,0
27.867000,-57.515464,201514.747301,-177.693156,203585.345563,62.261929,200976.147056,100.344853,639.607279,-19.613946,639.388625,-139.980193,641.571743,59.957170,-0.007429,1,0
27.900000,-57.916183,201784.265512,-177.424113,202621.821514,62.246269,203264.682756,100.379966,639.406200,-19.599134,638.496056,-139.678569,643.992110,59.957812,-0.000989,1,0
27.933000,-57.550589,203272.828555,-177.421415,202765.760178,62.228606,202749.985440,100.674747,642.264355,-19.282131,646.507647,-140.039484,639.016346,59.962900,-0.015444,1,0
27.967000,-57.766936,202997.109878,-177.716132,202580.386140,62.197202,201262.324781,100.145977,644.288425,-19.686457,639.594007,-139.600161,646.021945,59.953385,-0.007928,1,0
28.000000,-57.726697,204763.062101,-177.634558,202157.853412,62.251048,203303.048656,100.572248,643.279522,-19.841350,646.648936,-139.870426,642.265706,59.960461,-0.011442,1,0
28.033000,-57.677495,202597.329908,-177.585005,202045.341125,62.387619,203155.208586,100.218987,643.322917,-19.445770,641.320205,-139.459605,642.223197,59.967060,-0.007283,1,0
28.067000,-57.631812,202765.801348,-177.537642,202193.469975,62.403948,203565.376915,100.209991,643.401517,-19.575188,642.844388,-139.527870,641.509726,59.957937,-0.005336,1,0
28.100000,-57.481255,202324.092325,-177.750754,201618.012672,62.415834,201568.420230,100.455442,640.119634,-19.752883,642.017462,-139.900012,636.135033,59.968832,0.012227,1,0
28.133000,-57.625517,202111.434278,-177.619266,202321.270601,62.168764,202115.812899,100.422339,639.007483,-19.441664,636.096475,-139.626543,635.465027,59.964361,-0.004271,1,0
28.167000,-57.495839,202997.480229,-177.578837,202889.811790,62.075623,201777.042304,100.569411,640.594249,-19.600723,642.068817,-140.117286,642.616353,59.965198,0.004871,1,0
28.200000,-57.539286,203343.400830,-177.662378,203355.027223,62.366639,202665.869425,100.173895,639.301136,-19.486092,636.068970,-139.478580,636.611011,59.966479,0.002985,1,0
28.233000,-57.643830,204264.707564,-177.664074,202769.856659,62.436804,202292.077753,100.050781,632.754872,-19.940385,641.570738,-139.615618,632.184215,59.973919,-0.018345,1,0
28.267000,-57.634027,202350.070777,-177.602807,203157.157193,62.124215,202802.326776,100.205294,630.838859,-19.713738,634.327838,-139.865107,639.588311,59.970097,0.000940,1,0
28.300000,-57.678599,201225.900254,-177.778194,202876.614767,62.388879,201195.647572,100.564040,632.830243,-19.762414,632.370111,-140.039481,630.243235,59.968359,0.001451,1,0
28.333000,-57.530649,202734.910226,-177.554594,201951.086369,62.547857,202738.399964,100.675012,633.147254,-19.510234,634.128013,-139.545916,630.259785,59.964460,-0.006263,1,0
28.367000,-57.678037,203790.287703,-177.525146,204699.760072,62.329015,201521.611732,100.514315,635.300023,-19.175124,633.244234,-139.871263,631.867845,59.967693,0.014432,1,0
28.400000,-57.626623,204041.216955,-177.631979,202445.876331,62.302743,203055.565218,100.226143,630.371667,-19.809896,636.072605,-139.921047,630.686469,59.967411,-0.000037,1,0
28.433000,-57.611094,203942.573428,-177.685800,203286.897186,62.342832,203364.278265,100.318945,634.884477,-19.603403,641.111623,-139.671940,630.459776,59.962133,0.017471,1,0
28.467000,-57.744775,204348.113854,-177.498328,203218.447839,62.486899,202746.839953,100.068690,637.225706,-19.341957,630.345524,-139.484732,633.161231,59.960573,-0.001355,1,0
28.500000,-57.645037,205041.088051,-177.679675,202791.280003,62.533766,202218.339903,100.148979,640.803217,-19.596519,631.119295,-139.241499,631.663942,59.964368,0.003603,1,0
28.533000,-57.589668,204943.172138,-177.668876,204711.485778,62.335736,203992.438035,100.625019,636.750436,-19.769509,634.009867,-139.482621,633.097322,59.968882,-0.007532,1,0
28.567000,-57.679241,202724.723975,-177.724286,204613.473397,62.334749,202671.442060,100.503593,637.096681,-19.490729,635.501711,-139.976229,637.513482,59.963948,0.008419,1,0
28.600000,-57.575579,203291.177662,-177.728029,203468.752358,62.330125,201903.872956,100.589140,637.118089,-19.688061,630.153761,-139.671684,636.396522,59.962141,0.000929,1,0
28.633000,-57.635463,201230.425592,-177.568703,202765.252960,62.066767,204395.580047,100.619319,638.454158,-19.588798,632.953615,-139.968895,632.176366,59.960747,-0.004809,1,0
28.667000,-57.663972,202554.479835,-177.665503,200659.589156,62.149724,202069.707426,100.065008,636.664118,-19.655441,636.926075,-139.751571,632.914027,59.960417,-0.013473,1,0
28.700000,-57.743059,201858.622768,-177.726587,203156.829270,62.174279,202203.633624,100.556468,633.792398,-19.969998,640.576107,-139.752397,641.818674,59.951335,-0.004218,1,0
28.733000,-57.720542,204998.455394,-177.704598,199735.970585,62.258070,202363.873872,100.142534,636.255495,-19.993122,631.708369,-139.802394,631.373131,59.952549,0.004554,1,0
28.767000,-57.721152,202155.634530,-177.663071,204016.058312,62.239297,201997.425485,100.212592,635.072469,-19.377316,637.543243,-139.976162,628.736702,59.952674,0.002032,1,0
28.800000,-57.643895,201413.746569,-177.568663,202484.865993,62.429231,202247.428793,100.285742,633.877180,-19.772540,634.404777,-139.609277,634.716436,59.949850,-0.016015,1,0
28.833000,-57.637638,202137.489859,-177.711865,200366.083518,62.336591,202712.723790,100.689584,629.997827,-19.870450,626.856125,-139.932682,628.135053,59.952900,-0.009949,1,0
28.867000,-57.547195,203115.042205,-177.617886,202273.493254,62.369248,202329.391774,100.534178,625.463533,-19.867931,628.577359,-139.699914,636.259964,59.947748,-0.005216,1,0
28.900000,-57.688842,203813.064355,-177.659064,202944.445746,62.594913,200311.449198,100.425975,626.680205,-19.643857,629.611135,-139.330810,623.144675,59.956590,0.001166,1,0
28.933000,-57.594737,201517.623942,-177.474326,201626.698060,62.401231,201232.660336,100.578026,627.524676,-19.483174,633.570349,-139.513415,632.278231,59.959068,0.002854,1,0
28.967000,-57.625890,202975.459015,-177.453451,202431.139832,62.543073,203041.930936,100.437750,624.478263,-19.369051,627.432106,-139.655559,629.048532,59.957388,-0.002665,1,0
29.000000,-57.616780,202590.507676,-177.445841,201597.239222,62.570266,202026.973962,100.420244,627.645214,-19.222154,628.738109,-139.425951,630.577963,59.953396,0.003646,1,0
29.033000,-57.479084,202194.881490,-177.618412,201889.423334,62.518110,201533.834457,100.259036,632.822802,-19.615617,637.283634,-139.233458,633.137555,59.956550,0.002805,1,0
29.067000,-57.534244,202638.478952,-177.538636,202405.738256,62.426241,199886.252543,100.353961,626.179037,-19.460479,632.855044,-139.526731,629.115865,59.952048,-0.001472,1,0
29.100000,-57.549844,202158.181248,-177.587524,200915.555632,62.390122,201327.168007,100.375522,627.069645,-19.502528,626.600306,-139.834212,630.151764,59.953087,0.005935,1,0
29.133000,-57.430415,200914.772788,-177.402695,201450.032381,62.435685,202373.845647,100.612972,624.257412,-19.405535,630.943844,-139.588690,632.662695,59.956184,0.001160,1,0
29.167000,-57.554149,201532.398111,-177.429472,202188.448704,62.448308,199741.543052,100.157460,629.203032,-19.524165,631.085125,-139.767633,628.668804,59.950655,-0.000389,1,0
29.200000,-57.653432,200827.627118,-177.493926,201060.134731,62.510199,200787.822300,100.384616,628.702816,-19.807519,624.487622,-139.815675,627.662860,59.958663,-0.017580,1,0
29.233000,-57.457832,202229.322149,-177.539222,201143.811302,62.450406,201856.255133,100.498245,630.390877,-19.732775,629.602176,-139.403308,628.730981,59.963391,0.003855,1,0
29.267000,-57.648564,203288.580215,-177.408117,202175.148517,62.746484,202685.278674,100.499961,623.417696,-19.569155,628.350760,-139.176826,627.525901,59.959687,-0.001769,1,0
29.300000,-57.430958,201760.035454,-177.432937,202918.984780,62.460778,202106.080546,100.766635,627.156234,-19.471966,629.671019,-139.307954,631.059749,59.951996,-0.007322,1,0
29.333000,-57.491699,201949.196393,-177.553168,201978.217444,62.559483,201779.475894,100.704225,631.592316,-19.331442,630.579201,-139.427031,630.579739,59.963884,-0.008460,1,0
29.367000,-57.598214,202955.668114,-177.471728,201615.996334,62.517433,199466.905634,100.316154,626.073793,-19.708046,624.088794,-139.261907,634.686305,59.955197,0.002946,1,0
29.400000,-57.395361,203237.306804,-177.605151,200950.760731,62.603357,201911.018859,100.474498,627.771396,-19.680100,625.765613,-139.513473,630.358568,59.951758,-0.007209,1,0
29.433000,-57.590209,202935.742118,-177.467126,202118.222520,62.654151,203078.397747,100.483348,626.194137,-19.513308,618.815423,-139.616405,621.228433,59.945276,0.004934,1,0
29.467000,-57.647948,202295.241658,-177.543328,202343.102901,62.354130,200512.688719,100.199287,624.180534,-19.518880,627.905129,-139.567279,627.576842,59.955548,-0.012784,1,0
29.500000,-57.529788,200129.225872,-177.504874,201784.097387,62.530817,201720.392261,100.528399,627.182333,-19.466660,626.364947,-139.385565,630.894514,59.957669,0.008495,1,0
29.533000,-57.609983,202980.190557,-177.634924,202916.696022,62.325871,201188.107731,100.067211,622.671740,-19.530753,625.424538,-140.035340,627.603112,59.964509,0.001906,1,0
29.567000,-57.586640,202625.783992,-177.605786,201269.390162,62.511004,202189.558180,100.609126,624.348217,-19.827862,627.232427,-139.441800,616.184075,59.961092,0.007913,1,0
29.600000,-57.547573,202273.255936,-177.683622,201817.827687,62.560101,202699.648717,100.289057,625.236440,-19.608443,617.790382,-139.572135,626.414522,59.971883,-0.002601,1,0
29.633000,-57.421855,202738.109281,-177.696835,201510.945111,62.471281,201448.077320,100.586327,634.017670,-19.877698,627.061543,-139.475911,627.434116,59.963400,0.013211,1,0
29.667000,-57.774564,202333.585841,-177.545689,202989.957932,62.414603,201620.011159,100.121603,631.890200,-19.559765,619.461847,-139.328249,635.771979,59.966227,0.003564,1,0
29.700000,-57.504991,203173.087106,-177.598909,202519.234095,62.325729,202916.635957,100.547994,626.796458,-19.829196,634.126869,-139.649925,626.684335,59.959097,0.006000,1,0
29.733000,-57.575049,201927.997257,-177.544965,201666.408057,62.390723,203062.048878,100.307777,628.962573,-19.511182,640.138581,-139.743218,625.631446,59.970690,0.000295,1,0
29.767000,-57.643102,200891.052125,-177.629554,202930.253825,62.131253,201992.364459,100.231735,634.671570,-19.802211,626.460299,-139.591804,632.028367,59.970327,-0.009686,1,0
29.800000,-57.543241,202652.559098,-177.779145,203099.598220,62.310842,201965.186390,100.393361,630.838716,-19.607241,631.676402,-140.017289,640.681892,59.964468,0.010606,1,0
29.833000,-57.518902,202438.051549,-177.515189,202328.953727,62.343974,201244.113610,100.431789,633.922090,-19.842531,637.667900,-139.610159,629.144490,59.966892,-0.001338,1,0
29.867000,-57.706037,203171.564162,-177.679276,202096.706583,62.344745,201839.257604,100.035031,634.327686,-19.702237,632.730311,-139.597220,636.227251,59.965717,-0.003900,1,0
29.900000,-57.590256,203336.823027,-177.464049,202323.052849,62.344392,202760.576745,100.373505,637.064706,-19.771100,629.758319,-139.537409,638.008117,59.971770,0.007144,1,0
29.933000,-57.834544,203220.909818,-177.429418,202606.880130,62.394504,201306.680184,100.274460,636.114205,-19.316887,632.486337,-139.522182,634.130532,59.975707,-0.000823,1,0
29.967000,-57.773339,203656.298337,-177.636597,201865.303963,62.674122,200797.828843,100.283812,638.974225,-19.651722,636.201538,-139.345313,637.969583,59.975153,-0.010075,1,0
30.000000,-57.543191,201512.866094,-177.584693,202143.493463,62.323105,201588.122933,100.417303,633.552153,-19.378783,636.739282,-139.606127,632.720107,59.974342,-0.004001,1,0
