TIMESTAMP,BUS36_VA_ANG,BUS36_VA_MAG,BUS36_VB_ANG,BUS36_VB_MAG,BUS36_VC_ANG,BUS36_VC_MAG,BUS36_IA_ANG,BUS36_IA_MAG,BUS36_IB_ANG,BUS36_IB_MAG,BUS36_IC_ANG,BUS36_IC_MAG,BUS36_Freq,BUS36_ROCOF,DATA_PRESENT,Event
0.000000,-59.914870,206389.474623,-179.997538,206127.690150,60.017190,207271.469875,98.179698,656.045508,-22.049718,657.933051,-141.837168,666.527172,59.941637,-0.012674,1,0
0.033000,-60.122833,209493.505149,-179.925700,206494.637819,59.854169,207697.511407,97.721450,665.257593,-22.187404,665.858117,-141.599336,659.376511,59.946404,-0.004707,1,0
0.067000,-59.992822,208492.140170,179.895206,206354.159365,59.932877,207460.337478,97.738558,659.634551,-22.137520,668.767752,-141.939055,658.244807,59.950946,0.004295,1,0
0.100000,-60.195224,208298.337998,179.913118,207626.559213,59.881705,206941.555494,98.037352,654.199500,-22.053378,662.989174,-142.360817,661.945274,59.941821,-0.008156,1,0
0.133000,-60.015518,207681.450751,179.934251,208462.290435,59.993648,208157.054010,97.994567,661.168016,-21.889959,657.965117,-141.985662,660.157630,59.940442,-0.011611,1,0
0.167000,-59.978710,206833.508279,179.803415,207498.044956,59.985086,205699.114271,98.018650,659.489068,-22.181715,659.318530,-142.297106,659.104091,59.941990,0.002072,1,0
0.200000,-60.198770,207272.208169,179.755842,207691.041626,59.882395,206376.370608,97.716518,663.154909,-22.428746,659.418414,-142.175815,662.282444,59.946507,-0.005766,1,0
0.233000,-60.131468,208086.249594,179.963121,205903.707776,60.049988,206227.187587,97.955861,658.311173,-22.055824,660.929704,-142.121020,661.640800,59.944449,-0.009658,1,0
0.267000,-60.174321,206791.412620,-179.971884,208410.844108,59.887033,208013.755915,97.670007,661.176900,-22.010791,657.062957,-142.349489,665.309286,59.946019,0.005760,1,0
0.300000,-60.032616,206987.568892,179.992385,207326.739584,59.916738,206748.418261,97.869507,657.337503,-21.965484,659.396055,-142.041574,665.504421,59.947318,0.000891,1,0
0.333000,-59.986268,207205.396101,179.893867,206455.168672,60.007633,207109.410152,98.301456,661.194579,-21.950133,660.232495,-141.924924,667.206165,59.941906,-0.009177,1,0
0.367000,-60.068188,207405.007422,179.976554,206771.945887,59.976729,206396.272145,98.104021,656.496570,-22.114617,663.051865,-141.962406,657.421067,59.940403,0.011570,1,0
0.400000,-59.943447,207323.398474,179.853844,207230.436533,59.906581,206355.721441,98.105497,653.611385,-21.844260,652.691727,-141.877517,653.877814,59.948978,0.006691,1,0
0.433000,-60.053268,208962.392880,-179.886717,208058.957272,59.796045,207395.714105,97.833338,656.212258,-21.923111,657.905431,-142.235971,665.486303,59.945912,-0.000710,1,0
0.467000,-60.130212,206830.870539,-179.994551,208039.088585,59.960747,207635.899807,97.899133,659.485828,-22.099209,657.060679,-141.799650,650.417994,59.952993,-0.009484,1,0
0.500000,-60.058803,209350.608995,-179.887742,207326.118484,60.055599,206345.669610,98.019013,656.007223,-22.019481,655.962620,-142.222442,654.295913,59.952609,-0.011483,1,0
0.533000,-60.097378,206680.023632,-179.909120,206978.862072,59.867363,207140.444218,97.822767,657.815073,-21.771706,657.491182,-141.740309,651.574147,59.944075,-0.018436,1,0
0.567000,-60.093211,209671.879864,179.952103,207894.295984,60.209135,206696.375437,97.907496,662.582377,-22.036632,658.521239,-141.455634,654.358100,59.937975,-0.000235,1,0
0.600000,-60.182947,208097.660965,179.819405,206689.593956,59.876004,205127.238137,97.725400,650.419979,-22.219148,653.501391,-141.834198,657.790957,59.948630,0.006297,1,0
0.633000,-60.009377,207888.184719,-179.848366,207898.045690,59.703538,206535.902637,97.978833,656.701585,-21.852413,646.308899,-141.990449,654.036649,59.938914,0.010553,1,0
0.667000,-60.103131,207657.023225,179.759915,206141.132757,59.836526,207026.028261,98.126770,655.618901,-22.030270,650.344895,-142.040897,650.374374,59.946797,0.010289,1,0
0.700000,-60.008691,207061.797745,179.885145,209127.353576,59.798848,206100.723013,98.038001,651.940986,-22.159105,655.679696,-142.023579,654.225630,59.936916,0.002007,1,0
0.733000,-59.940702,206970.188178,179.984737,207034.804958,60.058808,207188.126539,98.596007,654.610838,-21.808436,646.677197,-142.093751,651.600878,59.933723,0.000978,1,0
0.767000,-60.141187,206490.150452,179.879678,207125.678466,59.857537,206630.895989,97.759176,651.310549,-21.963851,650.669835,-141.931079,646.530027,59.939702,0.003400,1,0
0.800000,-60.147292,208016.217820,179.969065,206881.043244,60.151152,208453.351578,97.809832,651.280687,-22.272089,654.405386,-141.741121,650.953946,59.936111,0.004111,1,0
0.833000,-60.054712,207986.881397,179.906445,207649.511993,60.048098,207537.139444,98.106321,656.175633,-22.261004,655.067834,-142.008927,650.581218,59.939741,-0.007038,1,0
0.867000,-59.925423,206541.531862,-179.989205,207217.952458,59.674555,207696.881644,97.902325,653.316601,-21.718674,653.212233,-142.105836,658.425718,59.932372,0.007487,1,0
0.900000,-60.015579,208066.497633,-179.928199,206313.634553,60.132045,207137.990860,98.053377,653.699529,-21.840150,652.537252,-141.632267,662.725353,59.938165,0.006445,1,0
0.933000,-59.868740,206230.112749,179.927436,209057.506715,59.975307,206082.968368,98.407138,657.862991,-22.025424,647.236585,-141.979575,654.671588,59.933537,-0.015865,1,0
0.967000,-60.072392,207135.613819,179.988783,203452.707841,59.803307,207971.045308,97.743593,647.942264,-21.984105,656.453351,-142.052429,653.183527,59.938434,0.011819,1,0
1.000000,-60.015450,204956.401898,179.967051,205631.853684,60.025223,206764.555187,97.765438,654.176059,-21.916488,655.056427,-141.976648,652.220658,59.945742,-0.014550,1,0
1.033000,-60.174664,207073.972785,-179.925923,207528.188103,59.965743,206410.516467,97.480920,655.671504,-22.019388,654.382145,-142.115238,657.019207,59.943517,-0.004143,1,0
1.067000,-60.310671,207971.205013,-179.970450,205992.169235,59.930638,204725.064415,97.339823,647.657218,-22.249784,652.275902,-142.053416,655.234697,59.938459,0.001994,1,0
1.100000,-60.068065,209292.420567,-179.900699,205308.713230,59.928804,205329.157415,97.810453,652.965394,-21.915792,655.973189,-142.030156,650.566239,59.937025,0.009110,1,0
1.133000,-60.196965,206173.687774,179.689474,205390.452064,59.933029,205884.342159,97.609750,650.595017,-22.429385,652.018636,-142.062851,654.481145,59.935601,0.003535,1,0
1.167000,-60.062020,205975.356563,179.912352,207586.305289,59.830317,203705.217836,98.140281,651.437271,-22.006203,653.375000,-142.323463,648.120421,59.944924,0.021790,1,0
1.200000,-60.147369,206721.004516,179.810382,205928.713117,59.981668,205736.299263,97.793966,652.467446,-22.175236,653.705738,-142.141572,651.997979,59.931337,-0.002429,1,0
1.233000,-60.133291,207281.733499,-179.994804,207043.055952,59.928782,206098.277622,97.701787,649.159150,-22.334584,652.257912,-142.331258,650.504996,59.929474,0.000581,1,0
1.267000,-60.116038,207013.927860,179.897511,204731.510976,60.032336,205796.264478,97.853709,656.741284,-21.982210,652.500611,-141.885312,643.920563,59.939453,-0.005574,1,0
1.300000,-59.990823,205685.413178,179.807390,204555.531897,60.020467,205269.741799,97.946577,654.333865,-22.531437,656.548270,-142.294923,652.414345,59.936209,0.006636,1,0
1.333000,-60.128027,207296.136740,179.790544,205823.483670,59.794716,206111.110835,97.733384,648.555424,-22.192982,655.472639,-141.990173,657.453144,59.936548,0.001962,1,0
1.367000,-60.105879,205803.711623,179.918060,207182.022574,59.725890,206088.096174,97.583999,655.351247,-22.309184,653.273365,-142.091984,653.704915,59.939952,-0.012705,1,0
1.400000,-60.320644,205910.294314,179.774963,205999.524625,59.723235,206475.706517,97.820917,660.103521,-22.215097,655.221454,-142.400626,652.104345,59.939458,0.001671,1,0
1.433000,-60.159112,207747.770554,179.901479,205104.467300,59.963794,206200.152328,97.618932,662.970566,-21.873440,657.813530,-141.801267,656.140729,59.936838,0.008591,1,0
1.467000,-59.916801,205134.595869,179.763222,204678.685202,59.918457,207025.855391,97.759888,653.476418,-22.210700,658.397803,-142.179026,656.929116,59.938071,0.002623,1,0
1.500000,-59.958373,208923.184061,179.987650,207930.188142,59.905544,206748.078859,98.092656,664.401481,-21.970402,664.830599,-142.149642,664.702233,59.932031,-0.007218,1,0
1.533000,-60.038441,206430.679766,179.973231,204851.876407,60.058892,205661.365121,97.710144,664.073247,-21.857568,662.893650,-141.996384,660.987172,59.936133,-0.007044,1,0
1.567000,-60.286745,207082.013417,179.957076,206968.792885,59.657989,205232.153156,97.447117,663.710222,-21.890423,665.801576,-142.406586,664.557758,59.939298,0.001926,1,0
1.600000,-60.207059,205252.342642,179.890600,206926.100912,59.818111,205272.633427,97.783893,661.924932,-22.281261,660.951529,-142.126156,665.223916,59.937491,0.006796,1,0
1.633000,-60.222204,207911.015157,179.719052,205007.059968,59.756522,204957.948580,97.928235,673.446721,-22.086731,663.517177,-141.983568,667.565822,59.930513,0.000125,1,0
1.667000,-60.131541,207288.743490,179.762875,205299.358338,59.704993,205966.399522,97.647587,663.288636,-22.294290,664.938087,-142.291576,669.187654,59.935810,-0.009690,1,0
1.700000,-60.198900,204946.101524,179.780508,206251.558207,59.753511,207336.699696,97.898992,668.933548,-22.118081,667.717099,-142.023195,667.230559,59.938586,0.001844,1,0
1.733000,-60.081208,205424.043003,179.808496,205850.297387,59.725094,206948.849820,97.902507,664.720477,-22.217685,668.483204,-142.195079,668.884566,59.938010,-0.005976,1,0
1.767000,-60.022456,207243.963836,179.698676,206345.757117,59.732849,207182.880079,97.800393,662.769200,-22.078279,666.598831,-142.127699,666.036118,59.929766,0.008426,1,0
1.800000,-60.071896,206948.040705,-179.994425,204911.836370,60.104997,207790.945680,97.920733,661.234419,-22.011065,664.579242,-141.983839,662.148899,59.932811,-0.002807,1,0
1.833000,-60.090379,206891.038101,179.993406,206613.280889,59.830865,206166.192779,97.509437,655.592196,-22.016390,664.504937,-142.366769,663.992500,59.942693,0.012001,1,0
1.867000,-60.189826,204429.608922,-179.978585,205447.987497,59.820640,205482.451985,98.082951,667.105744,-22.128983,664.267224,-142.158032,663.773741,59.937909,0.012436,1,0
1.900000,-60.212918,205715.395537,179.940344,206480.165518,59.907135,207623.811020,97.551602,662.172919,-21.975699,654.753585,-142.287888,661.961529,59.933420,-0.004803,1,0
1.933000,-60.207224,207416.961232,179.818397,206036.572907,60.017106,207449.880898,97.604493,668.779859,-22.498725,657.827746,-141.759930,665.431083,59.932828,-0.012417,1,0
1.967000,-60.098885,205055.110858,179.891794,206700.736511,59.887583,205263.427679,97.994507,664.965859,-22.106970,662.393001,-141.966373,663.437527,59.931953,0.009522,1,0
2.000000,-60.142805,206863.786820,179.940656,206074.021203,59.980597,205375.862823,97.957541,658.876761,-22.068629,668.427699,-141.736771,661.657991,59.931052,-0.003058,1,0
2.033000,-60.235039,207396.245830,179.916512,206740.881008,59.720924,206313.166366,97.704993,662.438370,-22.070236,662.880005,-142.062902,661.960699,59.928665,0.007863,1,0
2.067000,-60.389838,205934.386536,179.900481,207702.531511,59.869181,206043.984574,97.573518,662.593916,-22.138099,660.518002,-142.210439,667.749126,59.930790,-0.011256,1,0
2.100000,-60.217302,206180.431643,179.930224,206712.850444,59.981853,206227.763469,97.364723,659.482890,-21.917801,663.721536,-142.137199,664.044577,59.931176,0.005569,1,0
2.133000,-60.067286,206891.000452,179.916675,206848.260702,59.941869,205221.361476,97.800328,669.835895,-22.078232,665.973001,-142.204942,663.871751,59.935160,-0.005687,1,0
2.167000,-60.039097,205763.904670,179.741040,206878.002180,59.797835,206236.602373,98.232148,662.845597,-22.076927,659.620998,-142.267416,656.242929,59.934997,-0.008580,1,0
2.200000,-60.232673,206264.624912,179.741951,206107.828659,59.852171,207259.169937,97.630168,659.355056,-22.268480,660.386173,-142.374500,665.696889,59.930676,0.004048,1,0
2.233000,-60.252608,207886.834358,179.910810,204215.106766,59.799285,205359.612228,97.790062,663.635325,-22.131945,656.858454,-142.152215,662.608485,59.936090,-0.001835,1,0
2.267000,-60.192172,205776.529446,179.776421,206924.729766,59.747769,205970.339417,97.966353,665.287587,-22.580772,664.186275,-142.144092,668.452410,59.930072,0.006048,1,0
2.300000,-60.067467,207750.912612,179.828933,205438.976865,59.851717,205879.981304,97.982649,659.262468,-22.116699,657.167572,-142.076415,667.330559,59.934643,-0.004100,1,0
2.333000,-60.205309,206665.984390,179.819035,205820.255573,59.787031,206617.807480,97.488647,662.901777,-22.312604,667.852011,-142.501961,657.062842,59.933276,-0.002900,1,0
2.367000,-60.276976,208490.471370,179.875513,206641.884622,59.609949,206552.926794,97.577787,662.263392,-22.127803,662.835116,-142.346954,665.896465,59.933930,0.016184,1,0
2.400000,-60.175619,206670.221097,179.742853,206448.254778,59.937963,206908.216169,98.047440,664.845183,-22.093399,661.583696,-142.151556,666.458159,59.930340,-0.010304,1,0
2.433000,-60.156892,206098.003841,179.685946,206100.147396,59.913114,204710.661481,97.906670,665.157667,-22.277035,658.405948,-142.078291,662.330868,59.931778,0.001537,1,0
2.467000,-60.197795,207635.860571,179.729728,205681.255707,59.821232,206978.733598,98.087559,662.435241,-22.376028,668.602603,-142.374497,659.679579,59.925132,0.000875,1,0
2.500000,-60.220149,208254.309601,179.696100,207600.624159,59.697247,206850.741078,97.387341,661.746345,-22.184719,662.172619,-142.405894,665.034064,59.922834,-0.006362,1,0
2.533000,-60.242318,206756.490287,179.707647,206922.892862,59.820621,206686.363558,98.008746,662.717826,-22.267787,670.018505,-141.910984,666.541565,59.930158,0.003415,1,0
2.567000,-60.195290,206836.810369,179.577355,206680.119390,59.706030,208766.991828,97.803161,662.513752,-22.297958,665.637401,-142.199959,663.820218,59.928833,-0.013918,1,0
2.600000,-60.068597,207069.932837,179.590898,207404.213486,59.868919,206542.598954,98.239988,661.618228,-22.431984,660.720509,-141.892455,652.379388,59.929771,0.000205,1,0
2.633000,-60.332816,207880.591552,179.805696,206463.087478,59.782989,204713.193782,97.902294,666.561440,-22.698224,661.982551,-142.096268,663.767894,59.926475,0.018495,1,0
2.667000,-60.323302,207978.251748,179.759599,207157.419829,59.745990,208068.057716,97.807087,661.704499,-22.248960,662.213704,-142.540246,664.906328,59.917919,0.001800,1,0
2.700000,-60.217824,207906.100361,179.863197,206722.180603,59.794821,205867.451183,97.845796,653.903806,-22.512879,658.901439,-142.294960,655.674712,59.926048,0.008315,1,0
2.733000,-60.012813,208228.710410,179.970229,207274.395903,59.864673,206954.037393,98.201775,654.160937,-21.929224,656.196137,-142.100368,651.433586,59.925984,-0.014667,1,0
2.767000,-60.224519,207181.162128,179.695938,207486.730292,59.747949,205780.129307,97.671442,663.004087,-22.121835,657.636312,-142.330775,659.960830,59.930549,0.008831,1,0
2.800000,-60.248859,204887.785190,179.926468,209139.857060,59.814548,205406.135067,97.962402,661.861603,-21.963277,660.460104,-142.067412,663.343917,59.929668,0.002690,1,0
2.833000,-60.160399,207419.215303,179.843777,207957.090477,59.820925,206579.942118,97.738016,662.811417,-22.185645,661.991788,-142.355774,653.740622,59.932876,0.003202,1,0
2.867000,-60.369169,207215.314315,179.944497,208173.679855,59.581690,206451.500131,97.502599,661.216544,-21.743571,665.219491,-142.376040,661.118899,59.932329,0.003772,1,0
2.900000,-60.254489,207076.154001,179.762607,206501.572571,59.754836,207361.534709,97.584162,666.218285,-22.412203,669.095905,-142.354898,664.563249,59.920191,0.001492,1,0
2.933000,-60.259516,206254.942426,179.769036,207687.961277,59.887872,206896.496014,97.608423,661.478976,-21.917400,663.184878,-142.026409,662.936981,59.923782,0.000771,1,0
2.967000,-60.215382,208084.199677,179.684777,207640.190154,59.801239,206064.331771,97.724183,668.952185,-22.665556,667.358316,-142.242518,663.301854,59.935084,0.000736,1,0
3.000000,-60.223442,207926.490207,179.657353,206201.381431,59.640031,207329.049601,98.090713,660.493055,-22.421823,663.400785,-142.169100,672.436155,59.927020,-0.008187,1,0
3.033000,-60.292615,206830.833072,179.629343,207228.515225,59.539570,207597.450294,97.507897,667.407383,-22.721664,672.761644,-142.413445,668.545023,59.924546,0.001283,1,0
3.067000,-60.407699,208014.578669,179.856531,208352.123797,59.525683,205503.347424,97.357778,665.896459,-22.164483,667.058840,-142.518636,671.217010,59.920796,0.006113,1,0
3.100000,-60.199832,208185.393777,179.705586,206214.842960,59.735229,206417.972703,97.832509,673.987743,-22.335768,666.827078,-142.328556,663.887103,59.920294,-0.004588,1,0
3.133000,-60.354768,206654.899257,179.820993,207727.641041,59.724255,205035.034442,97.601769,666.636835,-22.134049,674.198307,-142.261604,672.927129,59.915575,-0.010761,1,0
3.167000,-60.221264,206822.364404,179.624932,207473.540743,59.794985,207426.139379,97.790674,668.895644,-22.325297,670.922066,-141.968197,666.915611,59.927636,-0.001727,1,0
3.200000,-60.062107,207728.718645,179.781392,206412.721580,59.807638,208629.172666,97.809098,668.736952,-22.212239,670.700289,-142.259438,666.829077,59.925327,0.005553,1,0
3.233000,-60.143554,208553.581648,179.984133,205352.001701,59.632633,206973.715490,97.774686,671.429794,-22.055499,674.803714,-142.305449,671.007800,59.924266,-0.008389,1,0
3.267000,-59.971490,208782.660280,179.739488,208276.011448,59.824914,207074.671081,98.056171,667.401968,-22.653384,673.091945,-142.486053,675.563701,59.927872,0.003871,1,0
3.300000,-60.247005,206762.462756,179.716516,207839.837193,59.937136,207270.837614,97.635924,669.799195,-22.037989,665.562851,-141.864744,672.423223,59.928941,-0.001369,1,0
3.333000,-60.464055,208831.339295,179.859794,205849.529101,59.810462,205989.921965,97.272454,661.360173,-22.059626,671.273670,-142.339982,664.548114,59.925292,-0.011804,1,0
3.367000,-60.158068,208908.318089,179.568676,207543.311393,59.773776,206788.982162,97.907226,665.873593,-22.339186,668.467391,-142.464576,670.538133,59.926072,0.005779,1,0
3.400000,-60.395960,209011.518127,179.576894,205801.870710,59.535094,206577.637270,97.610200,680.317058,-22.338663,675.202380,-142.209020,669.787055,59.927372,0.003551,1,0
3.433000,-60.307033,208452.509851,179.730027,206871.537749,59.901879,207614.449244,97.980390,669.498064,-22.403007,669.272737,-142.103713,665.810614,59.922998,-0.004117,1,0
3.467000,-60.284294,208513.812351,179.864506,206830.988046,59.658351,203794.124560,97.592151,669.430127,-22.093290,669.116840,-142.582224,674.408898,59.923020,0.002814,1,0
3.500000,-60.418647,206072.141266,179.645015,208553.038057,59.708928,205779.219313,97.385102,669.449242,-22.168178,676.000273,-142.138570,675.861618,59.928098,0.007078,1,0
3.533000,-60.481102,207082.601848,179.699323,206832.460350,59.712100,206442.637355,97.581068,675.310936,-22.219881,670.365169,-142.098374,671.385882,59.934026,-0.019902,1,0
3.567000,-60.426979,206497.579714,179.618996,207269.852854,59.651807,206626.194310,97.343663,675.219962,-22.276798,674.774159,-142.705496,670.931949,59.934577,0.012948,1,0
3.600000,-60.266533,205849.053965,179.580807,207244.799676,59.494434,206056.495184,97.523788,675.249395,-22.419699,676.971260,-142.522874,672.637534,59.930710,0.008456,1,0
3.633000,-60.439261,207509.434391,179.570278,205599.970399,59.613875,205778.586086,97.617354,673.663317,-22.492962,666.020354,-142.295797,667.855234,59.938681,-0.006386,1,0
3.667000,-60.254181,206865.545845,179.509279,207847.679036,59.799492,206775.620453,97.689043,673.715118,-22.083391,669.694317,-142.169670,678.662911,59.940505,0.002407,1,0
3.700000,-60.273079,208296.402259,179.530498,205899.954207,59.812406,206435.371657,97.845849,672.471859,-22.284836,677.586121,-142.391077,669.296875,59.940291,-0.000351,1,0
3.733000,-60.304460,207685.258221,179.661762,207432.049485,59.765532,206024.247248,97.642124,678.718662,-22.460226,672.858328,-142.014689,676.017897,59.932591,0.001517,1,0
3.767000,-60.268907,206945.167522,179.672156,205897.581452,59.622032,206178.262300,97.747033,675.615617,-22.119767,676.786429,-142.288192,676.304048,59.930384,-0.003172,1,0
3.800000,-60.259025,208061.947743,179.572557,206918.057158,59.690888,204126.681417,98.052614,674.736947,-22.329539,682.045483,-142.533414,674.296872,59.940996,0.003557,1,0
3.833000,-60.376733,206081.655640,179.705948,205093.183434,59.698626,205362.779919,97.346542,672.027725,-22.300254,678.459785,-142.192584,681.181875,59.935057,0.000930,1,0
3.867000,-60.337247,205945.851410,179.698156,205583.358800,59.522543,205006.321809,97.903800,674.311457,-22.451395,680.470656,-142.712295,675.606473,59.932885,-0.003184,1,0
3.900000,-60.457314,206541.075324,179.803270,206273.650946,59.557105,204251.952607,97.458671,672.994953,-22.397923,674.999364,-142.692190,680.054872,59.932543,0.002421,1,0
3.933000,-60.208822,207430.470297,179.776288,205006.528978,59.926407,205947.496196,97.710992,676.883810,-22.283469,674.488856,-142.237383,680.202117,59.932545,0.001340,1,0
3.967000,-60.233730,205593.936910,179.700201,205204.224532,59.902195,205069.640182,98.058835,671.926845,-22.221209,680.869355,-142.283687,680.322696,59.932418,-0.000220,1,0
4.000000,-60.453897,205797.776032,179.554487,207391.288357,59.709563,204753.438129,97.523144,673.791294,-22.408019,679.555814,-142.388669,680.286515,59.931187,-0.001890,1,0
4.033000,-60.330151,206447.104334,179.628436,204776.388828,59.756126,204223.941456,97.527739,686.319462,-22.489789,675.342603,-142.272612,673.262036,59.939857,0.011877,1,0
4.067000,-60.478123,205182.553872,179.761997,204225.027593,59.634245,204452.154258,97.800156,681.084272,-21.978611,673.615977,-142.538871,675.404682,59.934692,-0.006863,1,0
4.100000,-60.334104,206729.779200,179.666769,203789.376057,59.747364,205478.719989,97.882160,678.547358,-22.854920,683.730069,-142.164167,677.615007,59.931533,0.001759,1,0
4.133000,-60.374970,204538.588388,179.662216,206429.657579,59.596275,205079.571086,97.774613,680.441206,-22.484027,675.436560,-142.317746,684.350364,59.930493,-0.010816,1,0
4.167000,-60.343262,204497.083450,179.584068,204802.020532,59.562624,203811.893522,97.517924,673.117410,-22.193026,684.239172,-142.537245,675.010695,59.941245,0.000620,1,0
4.200000,-60.522237,205884.766398,179.531467,206920.123603,59.663519,205787.213579,97.796721,673.660211,-22.535500,674.592873,-142.412236,671.716008,59.940178,0.006245,1,0
4.233000,-60.293437,206172.034751,179.861026,204837.982677,59.691872,204781.839664,97.667124,670.536102,-21.973399,678.527642,-142.314556,678.579371,59.935442,-0.001612,1,0
4.267000,-60.295414,206904.923370,179.838074,206043.804937,59.578170,204582.715932,97.831853,671.425602,-22.207979,670.692791,-142.422175,675.151011,59.932054,0.012774,1,0
4.300000,-60.436129,204864.320173,179.610373,203765.122006,59.574263,204283.253652,97.711242,673.611980,-22.108791,671.457143,-142.542983,671.734285,59.938758,-0.009992,1,0
4.333000,-60.278678,204902.075294,179.411200,205436.349484,59.623011,203391.254933,97.656013,668.468625,-22.366299,668.446568,-142.225154,669.322954,59.942015,-0.001405,1,0
4.367000,-60.425068,205790.295330,179.675428,204631.236361,59.570644,203860.016036,97.771319,672.990537,-22.231015,670.933507,-142.466642,665.042500,59.943051,0.005594,1,0
4.400000,-60.357732,205927.540929,179.551488,205675.768045,59.726543,202714.983913,97.583687,670.153696,-22.817938,667.809441,-142.324741,669.628665,59.937133,-0.011659,1,0
4.433000,-60.208897,204866.280688,179.654614,204847.787041,59.703516,203260.376546,97.918408,668.462635,-22.295685,669.331370,-142.171458,674.688581,59.932736,0.018883,1,0
4.467000,-60.385298,206227.175545,179.636573,205395.468615,59.635369,203227.712653,97.745473,672.705067,-22.671190,676.247193,-142.110906,666.758823,59.928866,0.008236,1,0
4.500000,-60.479120,206411.343688,179.587196,205301.120747,59.639403,205509.618493,97.544398,673.518621,-22.455838,672.123603,-142.328937,681.221717,59.931717,-0.003246,1,0
4.533000,-60.475259,203513.013518,179.907452,204523.387539,59.692014,203996.367776,97.335413,667.590466,-21.958328,675.664470,-142.313817,675.169627,59.937402,0.004324,1,0
4.567000,-60.512447,206455.275074,179.717490,204511.417026,59.644733,203088.531598,97.209099,670.316052,-22.248783,674.716113,-142.147249,670.876574,59.931975,-0.004615,1,0
4.600000,-60.346939,204373.393090,179.585061,206038.213132,59.653420,206201.887848,97.745652,666.986669,-22.441032,668.134429,-142.219345,669.522985,59.933735,0.002162,1,0
4.633000,-60.408091,204517.928347,179.615024,205948.837156,59.857817,204815.033114,97.628760,672.239297,-22.283862,671.923808,-142.096613,675.150372,59.935788,0.000519,1,0
4.667000,-60.253882,204874.249826,179.586776,204680.217412,59.683726,205842.338921,97.717776,677.330325,-22.501724,671.144326,-142.324793,667.986976,59.938949,-0.001228,1,0
4.700000,-60.286160,203805.156222,179.781768,205508.760397,59.690952,203471.634895,97.811786,664.959603,-22.154618,671.194352,-142.624571,674.834818,59.940940,0.009752,1,0
4.733000,-60.340288,206050.864884,179.711250,204255.200153,59.577457,205672.610283,97.727911,666.830072,-22.359112,671.857151,-142.288825,664.479336,59.940686,0.004609,1,0
4.767000,-60.408721,204966.708995,179.636944,204899.587080,59.642172,204566.146289,97.566985,661.428537,-22.597898,678.408093,-142.620464,664.538023,59.944925,0.003690,1,0
4.800000,-60.367428,205402.472214,179.679803,204580.675672,59.745006,203978.269991,97.570571,671.430539,-22.093478,668.807635,-142.268776,667.103565,59.946702,0.004397,1,0
4.833000,-60.261617,204132.991553,179.662403,204702.250620,59.630497,204603.677922,97.560616,671.016683,-22.367018,666.485838,-142.269669,669.022992,59.937754,-0.002466,1,0
4.867000,-60.319495,205615.529144,179.664592,204339.600111,59.641625,203164.546203,97.995650,665.056414,-22.345183,671.223302,-142.563274,669.186127,59.937096,0.000277,1,0
4.900000,-60.274181,204425.777488,179.642248,204864.822360,59.657489,202986.171143,97.493533,669.992760,-22.275076,673.526003,-142.296352,666.324225,59.946722,0.007684,1,0
4.933000,-60.253751,203563.623802,179.433383,204246.359821,59.726180,206094.576104,97.827255,671.916096,-22.861967,677.217101,-142.325856,672.727483,59.942762,0.005659,1,0
4.967000,-60.493216,204488.956151,179.681344,203742.859700,59.547518,203253.670715,97.479435,674.636707,-22.369007,672.363734,-142.289632,670.032692,59.938012,-0.006831,1,0
5.000000,-60.349762,205171.543689,179.635500,203718.414524,59.565664,204704.205996,97.696956,669.495584,-22.650174,672.408489,-142.166540,671.127814,59.944779,-0.006724,1,0
5.033000,-60.486721,206304.910358,179.501321,204984.697151,59.586337,204852.524063,97.262058,666.291958,-22.678443,672.628907,-142.727364,676.762119,59.944034,-0.005141,1,0
5.067000,-60.427353,205035.861913,179.622012,204557.742987,59.505783,205233.435958,97.358821,674.625642,-22.296907,671.323100,-142.094059,677.087670,59.947438,-0.009846,1,0
5.100000,-60.604912,205329.124352,179.754188,205700.712855,59.678090,204042.498022,97.430368,674.623376,-22.176214,686.973305,-142.024938,678.150503,59.942783,0.001298,1,0
5.133000,-60.353939,204718.092119,179.728517,207136.426910,59.496574,203207.059354,97.862010,671.968796,-21.806967,669.494912,-142.161841,674.670751,59.945090,-0.007042,1,0
5.167000,-60.438226,204953.031089,179.551571,203216.078980,59.543328,204498.473957,97.753314,672.601875,-22.465667,669.049910,-142.421725,674.513558,59.951654,-0.002495,1,0
5.200000,-60.465196,203515.376795,179.654208,204732.048732,59.682875,204123.763120,97.335231,669.927226,-22.123117,669.105066,-142.258137,671.828651,59.947166,-0.001275,1,0
5.233000,-60.308631,205907.061840,179.695207,202950.067587,59.602355,203977.996712,97.615501,672.568268,-22.300497,673.541495,-142.525621,666.459121,59.952394,0.002714,1,0
5.267000,-60.263760,204840.743418,179.704458,206476.267720,59.560419,204768.279345,97.849484,683.805049,-22.587957,675.194812,-142.494514,671.157470,59.952814,-0.003770,1,0
5.300000,-60.574390,204150.250153,179.677095,205212.187104,59.728209,203846.254661,97.089085,673.148211,-22.174749,671.198855,-142.479455,668.043999,59.950560,0.004268,1,0
5.333000,-60.362985,205768.213420,179.629576,205152.369081,59.838877,205352.925135,97.699072,675.117513,-22.617727,668.520989,-142.128194,673.830582,59.944371,-0.004790,1,0
5.367000,-60.292972,204931.070112,179.377570,204327.811101,59.813014,203689.796279,97.794551,671.308527,-22.340593,672.130384,-142.132620,670.006171,59.948043,-0.002576,1,0
5.400000,-60.471642,204470.907891,179.778829,204176.835910,59.533372,204741.441364,97.665139,675.156078,-22.139204,669.625583,-142.204852,670.350429,59.943233,-0.007172,1,0
5.433000,-60.294274,205063.867764,179.625249,206271.730524,59.491137,204782.415105,97.601426,663.275685,-22.423674,665.904461,-142.544772,671.992199,59.954203,0.001258,1,0
5.467000,-60.541545,203758.166998,179.616632,204275.450346,59.614879,205044.109372,97.415792,671.310308,-22.090093,662.660877,-142.182176,664.846389,59.947889,0.003941,1,0
5.500000,-60.582096,205317.927885,179.717641,204980.672127,59.553448,203109.190976,97.380923,664.877052,-22.589890,659.056975,-142.875733,663.977999,59.948610,0.000883,1,0
5.533000,-60.562555,203487.511664,179.527828,205180.299576,59.351971,205906.607022,97.091930,662.787228,-22.619402,670.040936,-142.862121,669.447117,59.953335,-0.003183,1,0
5.567000,-60.417939,206767.533000,179.722819,204021.235083,59.581290,203401.869144,97.532443,663.659151,-22.062924,665.575423,-142.346252,663.508855,59.947631,0.005196,1,0
5.600000,-60.546275,203368.197564,179.357362,206163.584118,59.708480,204559.412273,97.370968,666.831457,-22.762723,662.406221,-142.013259,666.323047,59.952247,0.001573,1,0
5.633000,-60.446848,204277.034597,179.633733,205240.869377,59.551657,204389.008079,97.654237,661.994733,-22.213919,660.606780,-142.550890,663.153402,59.949718,-0.005376,1,0
5.667000,-60.390041,206426.255199,179.576958,203953.260481,59.555137,202496.686147,97.488243,664.691772,-22.690258,668.398893,-142.449643,667.472614,59.938317,0.010362,1,0
5.700000,-60.625458,204792.699666,179.448940,204039.232839,59.371133,203325.284435,97.190184,662.866696,-22.957322,667.634085,-142.419933,656.097417,59.957831,0.001033,1,0
5.733000,-60.385039,205201.303534,179.453481,204431.004058,59.338804,203817.190853,97.582426,667.288162,-22.668166,672.705571,-142.608810,664.596891,59.947579,-0.006038,1,0
5.767000,-60.550949,205261.535435,179.407663,204362.543469,59.470116,204596.783039,97.547088,666.823579,-22.649516,667.616981,-142.476623,668.653140,59.946787,0.003899,1,0
5.800000,-60.404782,204659.448688,179.546174,204654.083122,59.427427,204169.075266,97.537809,665.850354,-22.292859,665.853089,-142.345305,667.758381,59.950402,-0.002217,1,0
5.833000,-60.434676,205331.542552,179.199608,204282.668185,59.450592,203491.858568,97.527560,671.981937,-22.625653,669.111910,-142.507699,667.005906,59.947855,0.006200,1,0
5.867000,-60.441805,204700.814697,179.516606,205430.178856,59.576982,204256.973131,97.497879,666.342917,-22.659790,665.630253,-142.520203,665.865321,59.944155,-0.008564,1,0
5.900000,-60.469498,205306.314217,179.776591,206691.918616,59.447694,205182.340518,97.608303,673.989179,-22.550171,670.505750,-142.601930,674.443931,59.943659,-0.006837,1,0
5.933000,-60.501738,205272.004697,179.501795,205920.952102,59.537431,204824.973214,97.630030,670.950636,-22.818763,664.835762,-142.372954,672.783251,59.943122,0.000156,1,0
5.967000,-60.675713,206045.751904,179.393562,204785.131162,59.545011,205070.336507,97.201542,671.021905,-22.441286,669.026003,-142.537260,667.621935,59.944682,-0.003128,1,0
6.000000,-60.373775,204815.233464,179.584260,206472.598223,59.697399,204312.913529,97.367570,661.515982,-22.538409,672.872470,-142.273638,671.968767,59.949174,0.007011,1,0
6.033000,-60.491110,203876.041048,179.432807,205092.068390,59.505626,206694.170020,97.484475,672.214792,-22.357760,664.807911,-142.516841,676.920995,59.938560,-0.010673,1,0
6.067000,-60.471336,205869.366909,179.717082,206785.112574,59.577199,205203.799637,97.734258,671.927457,-22.073498,668.118951,-142.545865,663.672101,59.941098,-0.021212,1,0
6.100000,-60.437009,207041.231310,179.521422,205089.114903,59.425624,203014.059268,97.980614,665.644468,-22.522730,662.442273,-142.512480,667.242007,59.937615,-0.010776,1,0
6.133000,-60.555598,206916.843120,179.425722,206918.795828,59.415968,204912.653139,96.985069,673.768711,-22.514207,676.449441,-142.660458,669.928067,59.935077,-0.002121,1,0
6.167000,-60.486879,204161.552463,179.473898,205314.428777,59.530781,204008.945066,97.624182,669.011882,-22.692515,673.301359,-142.569031,674.102511,59.941586,-0.007590,1,0
6.200000,-60.447689,208603.012068,179.559907,205764.595799,59.487036,205086.287370,97.279620,670.748227,-22.507578,670.160385,-142.691554,679.914867,59.945732,0.000953,1,0
6.233000,-60.474220,205001.170507,179.537874,203609.625438,59.508857,206220.883763,97.292202,669.086330,-22.646318,672.196066,-142.633650,675.907812,59.951569,0.001754,1,0
6.267000,-60.587010,204845.842332,179.390084,206174.182365,59.611777,205390.256941,97.478429,678.772086,-22.773241,674.634181,-142.233948,672.826958,59.952146,-0.012359,1,0
6.300000,-60.495364,204741.468237,179.556069,205609.391165,59.457513,203565.951927,97.707496,670.832728,-22.519592,677.634175,-142.796716,679.521057,59.952787,0.012105,1,0
6.333000,-60.700859,206028.603839,179.473669,205714.574419,59.463653,203460.949346,97.567969,676.002750,-22.698652,677.892981,-142.750667,671.183439,59.941081,0.008300,1,0
6.367000,-60.459128,207345.079767,179.519023,202049.351612,59.548350,205184.175112,97.448513,677.337789,-22.386847,674.222232,-142.359634,677.558489,59.946295,-0.001422,1,0
6.400000,-60.520196,205678.386556,179.533526,204327.549085,59.548706,204679.375163,97.303558,673.075973,-22.174448,671.140320,-142.222009,673.519917,59.954595,0.008756,1,0
6.433000,-60.437720,204881.593129,179.463128,204779.706428,59.416640,201674.251271,97.543549,670.849395,-22.774859,677.246701,-142.798434,676.546377,59.955927,0.007451,1,0
6.467000,-60.599658,204936.875702,179.556484,205253.587991,59.408031,204577.353708,97.664445,665.971748,-22.461780,668.821239,-142.375158,666.499677,59.947366,-0.000685,1,0
6.500000,-60.491680,204780.320525,179.740319,203991.511684,59.482802,203629.592018,97.357522,679.679985,-22.422538,668.553618,-142.408444,678.707940,59.947301,0.004159,1,0
6.533000,-60.552145,205177.758137,179.381178,204321.121280,59.361386,205905.746970,97.189492,667.169866,-22.616229,673.699602,-142.889600,672.671555,59.947760,0.006162,1,0
6.567000,-60.464035,204592.127222,179.444565,204350.951183,59.452480,204197.293108,97.473779,675.270617,-22.737602,678.946509,-142.779381,673.502943,59.950174,0.010029,1,0
6.600000,-60.611276,204294.685365,179.584950,203517.695100,59.527282,203446.489580,97.419525,669.189016,-22.359535,668.396879,-142.634512,676.593838,59.946449,0.001898,1,0
6.633000,-60.496176,204629.586898,179.519388,204664.012531,59.432404,204541.858464,97.367884,671.241627,-22.646222,675.360001,-142.380315,680.542090,59.948470,-0.004743,1,0
6.667000,-60.592216,206271.488432,179.469821,204585.718015,59.586283,203107.315844,97.673102,667.429476,-22.598860,671.176222,-142.318711,674.388020,59.955154,-0.008739,1,0
6.700000,-60.544948,205255.628214,179.559477,204945.257908,59.371984,206320.791706,97.663910,671.056859,-22.134300,670.827602,-142.421118,679.157055,59.959350,0.006507,1,0
6.733000,-60.455819,206545.248122,179.435768,205614.493134,59.593871,206821.963992,97.411868,672.440449,-22.755981,672.788025,-142.398285,670.990475,59.953321,0.010542,1,0
6.767000,-60.459833,205296.041440,179.549850,203907.765076,59.399184,202957.517113,97.437969,676.895713,-22.483455,677.098084,-142.526412,673.963151,59.953031,0.012952,1,0
6.800000,-60.574026,204507.897139,179.635635,206288.613035,59.451594,204922.238886,97.570937,676.218171,-22.461634,669.605937,-142.699400,670.474861,59.956271,-0.003392,1,0
6.833000,-60.392639,204846.598782,179.709424,205280.702015,59.599646,204289.634670,97.751053,673.755298,-22.343942,663.961026,-142.506328,671.473330,59.949493,-0.004291,1,0
6.867000,-60.591594,205414.894515,179.604744,204752.032865,59.525997,205821.595873,97.263729,666.121380,-22.695854,673.932515,-142.556525,671.142785,59.957779,-0.003455,1,0
6.900000,-60.457816,206640.086903,179.695307,203977.866725,59.753042,203533.723946,97.305459,673.776145,-21.945807,680.075565,-142.400005,667.286184,59.960356,0.006197,1,0
6.933000,-60.482023,204969.768142,179.431229,205540.037606,59.543076,203836.169419,97.525920,668.718708,-22.554870,677.107336,-142.648286,672.864236,59.953891,-0.002927,1,0
6.967000,-60.404223,205468.602976,179.580582,203373.294226,59.606478,203697.344441,97.779097,669.395161,-22.407486,675.228689,-142.482921,669.205331,59.959441,-0.000625,1,0
7.000000,-60.496269,205413.357560,179.565963,204486.410007,59.639775,205248.256628,97.787039,674.579877,-22.302566,672.430836,-142.281361,671.209734,59.948976,0.003455,1,0
7.033000,-60.298169,206978.741480,179.542038,205323.284647,59.626159,204378.321324,97.580151,670.382298,-22.382461,671.969660,-142.707848,673.933938,59.956450,-0.003314,1,0
7.067000,-60.398303,205868.464849,179.460630,205440.709879,59.639890,205154.579803,97.444659,674.249418,-22.290256,670.115089,-142.215703,674.027341,59.949882,0.003288,1,0
7.100000,-60.558244,204753.324551,179.463721,205528.858811,59.756167,203761.790577,97.737053,672.133908,-22.336209,678.656514,-142.440726,668.748712,59.961015,0.006318,1,0
7.133000,-60.347211,205671.595743,179.450551,205515.055124,59.701219,203426.769686,97.486098,664.917595,-22.450208,673.942446,-142.191617,673.373704,59.957497,0.013201,1,0
7.167000,-60.543688,205192.831693,179.454295,204848.599386,59.565440,204394.617807,97.843030,674.197243,-22.537479,671.478254,-142.365427,672.577692,59.958575,-0.003366,1,0
7.200000,-60.397763,206289.732384,179.520964,204633.997458,59.612549,203667.895415,97.781718,676.689605,-22.379467,678.079833,-142.500688,677.871452,59.949761,-0.010769,1,0
7.233000,-60.408232,206790.848760,179.303390,204873.591316,59.579562,207101.418760,97.799672,677.827977,-22.751329,670.631661,-142.496130,671.437857,59.947791,0.007259,1,0
7.267000,-60.227583,207131.835003,179.481650,203313.343021,59.655832,202943.527827,97.907750,667.769837,-22.547733,676.147712,-142.505080,671.615546,59.957378,-0.007439,1,0
7.300000,-60.326964,204999.632717,179.665048,205552.178426,59.446766,203860.805855,97.785097,672.401126,-22.523505,674.104365,-142.595386,666.250151,59.946002,0.000146,1,0
7.333000,-60.341587,206093.563065,179.758362,203374.883791,59.600838,203753.751691,97.714811,670.777637,-22.460432,670.413194,-142.305566,673.777389,59.950988,-0.000248,1,0
7.367000,-60.345844,203552.938011,179.899711,204421.129954,59.647710,204227.796504,97.839476,662.307108,-22.225850,666.775479,-142.258516,659.865678,59.949334,-0.001271,1,0
7.400000,-60.444061,204014.456587,179.591490,204040.471264,59.620480,203746.932293,97.540907,668.082084,-22.510428,670.038181,-142.775045,669.192100,59.950192,-0.004395,1,0
7.433000,-60.364876,204254.082167,179.858921,205231.848348,59.529889,202468.658911,97.447986,673.816881,-22.072841,662.359728,-142.587723,667.044825,59.951733,-0.000090,1,0
7.467000,-60.303900,205961.175324,179.572553,202960.245444,59.458184,203438.836288,97.557120,663.637935,-22.424593,668.615701,-142.302303,669.514005,59.947438,0.000350,1,0
7.500000,-60.311137,205821.778577,179.668457,202548.622718,59.578499,204172.354169,98.144933,663.146125,-22.480887,667.380166,-142.591845,659.607012,59.949054,-0.012793,1,0
7.533000,-60.167778,204302.472301,179.637374,204524.346715,59.706990,205199.997250,98.221606,663.272449,-22.075453,671.534148,-142.204030,661.415531,59.957917,0.005650,1,0
7.567000,-60.283802,204369.267863,179.581629,202967.800050,59.633473,203724.136468,97.704757,657.510756,-22.378716,663.039373,-142.334445,663.712094,59.955496,0.004011,1,0
7.600000,-60.193152,204109.225175,179.848827,203964.842089,59.465311,204351.471725,97.673937,664.499872,-22.463186,660.807709,-142.905938,663.136432,59.951208,-0.016116,1,0
7.633000,-60.404828,204956.016455,179.544221,203352.323510,59.636602,203925.068359,97.555981,663.490164,-22.213642,656.672429,-142.760600,662.316029,59.957040,-0.007637,1,0
7.667000,-60.300545,204674.592160,179.756660,202990.936263,59.515319,203427.746690,97.230423,658.927247,-21.989600,651.807958,-142.408973,657.128833,59.947537,-0.006499,1,0
7.700000,-60.191376,202918.200009,179.645490,204515.242632,59.633103,202901.654261,97.922608,668.606555,-22.008687,662.729403,-142.413740,669.553364,59.947375,-0.000882,1,0
7.733000,-60.320168,201602.828788,179.430305,204117.975329,59.859041,203159.141665,97.740941,657.923105,-22.474121,656.076043,-142.154925,666.583215,59.947176,0.002671,1,0
7.767000,-60.436397,202882.400799,179.635985,205173.163526,59.688963,203517.274409,97.460258,662.271214,-22.273705,660.847576,-142.870795,661.476741,59.950821,-0.002282,1,0
7.800000,-60.286086,202959.539110,179.690054,203499.601928,59.741708,202658.934995,97.612566,663.525004,-22.270827,664.712421,-142.210164,667.743318,59.964251,0.005259,1,0
7.833000,-60.283480,205518.963766,179.571976,204878.312676,59.520734,205424.711514,97.936088,668.558419,-22.331048,660.493097,-142.531679,665.269449,59.951028,-0.005557,1,0
7.867000,-60.217082,202716.972977,179.747812,204062.607094,59.711904,202846.158919,97.963459,666.924380,-22.177491,660.386624,-142.614889,671.196395,59.952261,-0.004849,1,0
7.900000,-60.383395,203704.337475,179.570130,204153.845085,59.758083,202572.871036,97.622982,664.289060,-22.666928,665.776603,-142.373003,663.409587,59.957815,0.005605,1,0
7.933000,-60.274157,203059.237563,179.501794,202473.117010,59.787781,203348.662189,97.537666,668.458831,-22.390532,666.366983,-142.195961,666.571489,59.956862,0.000539,1,0
7.967000,-60.304493,203533.343921,179.699021,202704.699775,59.672483,204843.104908,97.578973,662.700898,-22.484427,658.028499,-142.384672,660.640590,59.946451,-0.014266,1,0
8.000000,-60.197263,205499.497386,179.712017,203002.717461,59.613414,203414.627391,98.091420,664.954757,-22.312041,658.313461,-142.455532,659.463812,59.950579,0.003195,1,0
8.033000,-60.226349,204409.271613,179.591229,202609.227351,59.742353,202231.535383,98.285557,664.161577,-22.350957,663.692235,-142.456650,665.843871,59.954479,0.007859,1,0
8.067000,-60.268916,203219.666661,179.491645,204929.468949,59.758570,201992.918328,97.674212,660.992593,-22.750588,658.454778,-141.920562,659.836631,59.952155,0.010456,1,0
8.100000,-60.185831,203411.758432,179.676453,201559.998574,59.707573,202641.523906,97.605681,652.857952,-22.479843,662.683013,-141.950911,664.523951,59.948661,0.000682,1,0
8.133000,-60.223986,203731.155883,179.684251,202858.941848,59.796705,202169.850204,97.959260,667.143969,-22.043928,653.783072,-142.514234,653.265636,59.957368,0.008523,1,0
8.167000,-60.236897,202699.450351,179.754710,202783.224873,59.601529,204236.595243,97.695166,655.071458,-22.239238,656.772205,-142.610963,662.935926,59.956312,-0.007269,1,0
8.200000,-60.360307,204472.775465,179.772258,204294.455873,59.794279,204645.067478,97.756354,650.762213,-22.151652,660.212998,-142.431684,655.369290,59.961237,0.005191,1,0
8.233000,-60.260311,203287.737112,179.857037,203700.317694,59.885979,203743.228687,97.729047,657.088994,-21.862542,652.406305,-141.918556,654.719813,59.960032,-0.001243,1,0
8.267000,-60.333213,203597.245115,179.842881,202875.820001,59.766362,202477.728580,97.572594,649.917897,-22.190320,664.150457,-142.212978,655.496700,59.955458,-0.001074,1,0
8.300000,-60.385716,205863.229765,179.773199,202950.494805,59.783708,202572.185218,97.661864,661.359508,-22.066824,658.650260,-142.431659,655.956179,59.961317,0.008710,1,0
8.333000,-60.197772,205031.877433,179.716097,202981.052217,59.823935,205278.501458,97.794738,657.560523,-22.019103,661.283446,-142.191092,659.328646,59.956808,-0.001392,1,0
8.367000,-60.187687,204194.448205,179.602074,205543.781371,59.656864,205289.732565,97.843686,667.555940,-22.347156,660.019718,-142.373301,660.688580,59.956556,0.003631,1,0
8.400000,-60.334981,203796.500897,179.767606,202786.424439,59.730828,204287.803065,97.867860,658.021627,-22.527103,662.523972,-142.129510,661.194524,59.958391,0.007854,1,0
8.433000,-60.220185,203953.824195,179.774274,203486.610751,59.670230,204375.496351,97.607045,661.087350,-22.065727,657.877282,-142.611219,654.673080,59.954598,-0.008808,1,0
8.467000,-60.347567,203722.483558,179.969563,204566.345091,59.708989,203895.856926,97.826467,653.431239,-22.011375,661.054127,-142.340773,658.436831,59.961732,-0.006628,1,0
8.500000,-60.274103,204764.579015,179.751875,202914.364322,59.919930,204000.771159,97.727687,663.079247,-22.060236,652.184739,-142.013579,653.696771,59.955288,0.001240,1,0
8.533000,-60.275820,203985.587159,179.657317,205281.271690,59.831826,203175.257162,97.869778,668.989898,-22.525649,659.268764,-142.108138,662.327739,59.968219,-0.007631,1,0
8.567000,-60.187432,204567.712794,179.768291,203811.051342,59.828122,202654.002975,97.645286,660.548831,-22.423440,650.189063,-142.129157,660.285935,59.961497,0.000924,1,0
8.600000,-60.489627,203641.757167,179.690333,203857.910122,59.746967,203297.636986,97.050532,657.607187,-22.321802,661.071420,-142.279059,659.095169,59.956695,0.001431,1,0
8.633000,-60.278570,204459.166924,179.673359,202339.715056,59.799748,202445.345896,97.616018,657.712126,-22.162277,657.734995,-142.689238,661.266486,59.952566,0.002276,1,0
8.667000,-60.361688,203391.491720,179.813080,203291.806375,59.751037,204330.295959,97.662557,658.118471,-22.143012,650.788344,-142.367593,660.813325,59.958250,0.007612,1,0
8.700000,-60.347407,203873.367479,179.683454,202946.031675,59.758030,203924.165542,97.599177,658.017314,-22.541577,656.507780,-142.331615,656.315891,59.957477,0.005318,1,0
8.733000,-60.180568,202762.245381,179.889486,204170.544228,59.766776,203499.235637,97.672963,653.298389,-21.965116,656.859412,-142.271625,658.080010,59.959409,-0.002391,1,0
8.767000,-60.247218,203411.886035,179.775056,203464.677303,59.884387,202602.354967,97.707927,655.151779,-22.139127,654.544491,-142.103957,654.561963,59.955499,-0.008042,1,0
8.800000,-60.217533,202333.232845,179.858144,203387.354326,59.833426,203893.140332,97.753829,657.119210,-22.550130,654.716325,-142.183125,660.834442,59.951741,-0.022043,1,0
8.833000,-60.056548,202703.839170,179.722685,204441.928000,59.733329,203311.367395,97.522887,647.534033,-21.945417,654.336798,-142.310285,650.102704,59.955892,0.005306,1,0
8.867000,-60.342323,202848.902797,179.843957,202281.931933,59.660800,202926.898968,97.915976,656.422321,-22.481078,647.244675,-142.405352,650.596759,59.952019,-0.002639,1,0
8.900000,-60.316962,204133.872326,179.628104,202813.354585,59.732289,203011.420243,97.549358,655.875495,-22.356744,654.996828,-142.286695,655.226216,59.951998,0.008141,1,0
8.933000,-60.377054,202886.338262,179.858803,204161.195022,59.728609,203739.024562,97.741386,656.519646,-22.150816,653.475936,-142.221619,654.305959,59.951546,0.002450,1,0
8.967000,-60.297241,202083.111279,179.942450,204818.636582,59.891308,202769.804385,97.781988,646.620711,-21.909571,655.934575,-142.148851,656.301288,59.947688,-0.005860,1,0
9.000000,-60.290695,202071.199294,179.759083,202598.100519,59.915599,202879.219727,97.571585,651.312953,-22.284604,656.051600,-142.246720,651.573574,59.947329,-0.001286,1,0
9.033000,-60.145369,203492.220773,179.739008,203017.832389,59.689464,202416.381017,97.896885,656.038923,-22.426061,654.512514,-142.454702,656.377599,59.953931,0.004605,1,0
9.067000,-60.333168,203657.733384,179.672493,202780.408389,59.852142,203552.866668,97.760737,654.895488,-22.296664,663.106845,-141.936360,655.666004,59.948426,-0.003071,1,0
9.100000,-60.191644,203948.590937,179.645524,202993.129837,59.726725,203205.257010,97.716573,650.545114,-22.294285,655.722113,-142.108998,656.773618,59.950021,-0.010354,1,0
9.133000,-60.189242,204515.580208,179.728423,201740.775800,59.868482,203706.272897,97.917306,649.957948,-22.389747,654.093641,-142.083362,654.302999,59.958768,0.009479,1,0
9.167000,-60.366671,203574.375245,179.611417,202683.472927,59.755590,202065.580106,97.857333,647.362946,-22.429543,650.815807,-142.096851,647.942442,59.954519,0.000340,1,0
9.200000,-60.170761,203400.496589,179.720088,204876.637817,59.817140,202560.640515,97.877604,652.256096,-22.100702,653.907456,-142.358164,652.665719,59.951915,-0.009847,1,0
9.233000,-60.358024,203711.075807,179.973125,204274.908736,59.769580,204452.120757,97.819952,658.445073,-21.974470,656.334708,-142.086055,657.100678,59.949287,0.012348,1,0
9.267000,-60.248750,204403.245693,179.804381,204176.266967,59.928148,204993.544318,97.621753,647.444587,-22.544365,656.080290,-141.890057,656.606710,59.955551,-0.006748,1,0
9.300000,-60.212563,202992.687758,179.832086,200950.548263,59.922273,202245.748711,97.854907,646.808963,-22.388885,655.962959,-141.866869,654.273293,59.949983,-0.001381,1,0
9.333000,-60.044575,201967.491559,179.864402,203065.350853,59.885548,203113.230587,98.110995,657.556164,-22.023098,658.195706,-142.464069,650.573958,59.956220,-0.007754,1,0
9.367000,-60.286494,204194.266539,179.833842,205145.624798,59.728287,204857.733446,98.169812,655.018493,-22.081361,652.928986,-142.288311,652.845139,59.955906,-0.001788,1,0
9.400000,-60.255627,204355.554513,179.842138,203289.852161,59.984055,202962.496325,97.757783,658.024843,-21.964884,657.619909,-142.159167,655.289228,59.958270,-0.010737,1,0
9.433000,-60.382759,203193.393960,179.814997,204526.316941,59.670747,203416.041586,97.872061,655.075548,-22.139582,649.506145,-142.427833,656.707864,59.940557,-0.006595,1,0
9.467000,-60.238679,203932.823285,179.781151,205796.446429,59.648997,203080.022540,97.562206,659.607822,-22.282557,657.278031,-142.499206,659.007497,59.949928,0.008564,1,0
9.500000,-60.367439,202887.984572,179.939265,203097.757549,59.714092,201914.296210,97.307618,663.341294,-22.296741,655.006098,-142.090956,656.351828,59.951610,-0.003538,1,0
9.533000,-60.261640,204768.712050,179.639264,202401.757126,59.849959,203577.557970,97.710674,656.571372,-22.401117,660.392418,-142.145517,665.108815,59.948144,0.003274,1,0
9.567000,-60.156475,205590.883356,179.836615,203890.511269,59.616479,203627.581297,98.211450,663.944016,-22.425703,658.141902,-142.174740,660.159965,59.949753,-0.006699,1,0
9.600000,-60.099715,202119.574580,179.579152,202284.012696,59.586548,203349.481199,98.230653,663.894347,-22.064201,663.296163,-142.269587,657.998321,59.952528,0.004792,1,0
9.633000,-60.039790,204068.295656,179.792377,205084.725576,59.838397,203186.443897,98.261803,659.673257,-22.224130,660.140320,-142.277819,661.637764,59.951615,0.001098,1,0
9.667000,-60.145823,204222.740584,179.643182,202136.592409,60.009750,203573.001770,97.820707,662.271811,-22.510285,658.975062,-142.068719,664.681211,59.952248,0.007081,1,0
9.700000,-60.189353,203632.242311,179.849075,202716.139702,59.800805,202866.024912,97.763674,652.167623,-22.042241,662.356765,-142.245713,653.993673,59.952461,0.005482,1,0
9.733000,-60.144660,203628.685329,179.839648,204195.554757,59.691568,203766.304405,97.681511,660.091430,-22.044394,653.663933,-142.600791,660.718273,59.959919,0.008346,1,0
9.767000,-60.094033,202985.809534,179.675391,204289.993265,59.702352,202967.290184,98.142831,657.422092,-22.517056,656.809789,-142.281771,652.126270,59.955130,-0.003724,1,0
9.800000,-60.219041,204693.343744,179.789873,201250.008958,59.872555,203385.747479,97.435635,664.146957,-22.201367,656.584687,-141.923613,655.941228,59.947634,-0.002750,1,0
9.833000,-60.172399,203185.388102,179.607075,203574.904863,59.775295,202128.828571,97.906311,660.714987,-22.299825,649.934932,-142.393581,654.122811,59.948998,0.001589,1,0
9.867000,-60.134946,203881.966767,179.763695,202641.059394,59.880932,203586.388199,97.644668,660.933928,-22.617224,661.084573,-142.556768,663.069385,59.951659,0.007987,1,0
9.900000,-60.251613,203554.278653,-179.898764,204100.910400,59.853130,205225.984367,97.731255,663.609833,-21.772331,660.243595,-141.994419,660.679757,59.951150,0.000944,1,0
9.933000,-60.296880,204563.113982,179.958577,203989.345968,59.839668,203735.564479,97.725247,658.518989,-22.073583,659.103879,-141.978514,661.498085,59.953307,-0.003054,1,0
9.967000,-60.069643,204241.088932,179.711345,203062.214644,59.714472,201288.552892,98.080084,659.192383,-22.294930,659.992577,-142.164349,669.137275,59.954702,-0.005159,1,0
10.000000,-60.199119,203067.432708,179.735215,203239.405031,59.789469,202252.365572,97.767775,666.818402,-22.183303,657.984426,-142.353671,657.847033,59.956587,-0.009618,1,0
10.033000,-60.144778,203599.440457,179.916825,203830.189868,59.734654,202694.146357,97.899713,664.488916,-21.900846,665.945383,-142.318810,666.268238,59.953560,-0.006539,1,0
10.067000,-60.148246,202500.644040,179.526106,201611.265627,59.807360,203849.026625,97.677533,659.962681,-22.260120,658.667126,-142.137767,664.197699,59.961771,0.003454,1,0
10.100000,-60.092419,203856.628958,179.887568,203320.246148,59.979832,202248.185174,97.935667,660.958749,-21.996758,669.171111,-141.866982,662.814018,59.956599,0.005236,1,0
10.133000,-60.234150,203666.060590,179.854719,201914.837152,59.887229,203545.589344,98.042375,663.111167,-22.397462,660.916001,-142.284637,659.236582,59.953127,-0.016386,1,0
10.167000,-60.120831,204139.281253,179.794626,204060.814667,59.853601,203405.882186,97.849019,660.452062,-22.221615,669.456352,-141.896001,657.951294,59.953371,0.005237,1,0
10.200000,-60.171057,203732.945853,179.830852,203010.920860,59.931963,202089.506746,97.678984,659.761416,-22.081343,662.968633,-142.026162,659.406721,59.954107,-0.002098,1,0
10.233000,-60.125066,202173.910452,179.876771,202540.925856,59.843776,202437.169797,97.916664,674.038620,-22.281974,667.273424,-142.048414,664.776244,59.953254,0.013690,1,0
10.267000,-60.101331,203481.142834,179.847134,202923.013056,59.789371,201946.182991,97.702240,666.823330,-22.090566,662.361761,-142.447075,666.234286,59.953711,-0.001748,1,0
10.300000,-60.001694,200912.952169,-179.977304,202872.900025,59.970837,201130.771133,98.141935,672.774458,-22.069676,661.749849,-141.853366,662.323156,59.959521,0.000086,1,0
10.333000,-60.162608,202445.841292,179.766831,203076.972909,59.789185,202816.994869,97.818603,660.395976,-22.168068,657.346594,-142.217552,654.950379,59.954489,-0.009947,1,0
10.367000,-59.944008,202061.550674,179.767578,201881.755004,59.868349,202187.654834,97.936054,661.288592,-22.396386,664.851270,-141.951319,659.212896,59.953809,-0.014942,1,0
10.400000,-60.091794,204410.251607,179.811440,202736.608636,59.893193,201982.401210,97.815173,665.349233,-22.014536,663.388363,-142.015978,664.614556,59.949201,0.003488,1,0
10.433000,-60.307516,202772.018270,179.597226,201231.429914,59.896846,201932.296628,97.698215,666.383940,-22.674431,668.160375,-141.826295,662.360302,59.952937,0.000920,1,0
10.467000,-60.038175,203189.044476,179.827177,203361.372192,59.864628,202413.953652,97.877794,666.777319,-22.219609,656.246908,-142.286043,658.963907,59.949098,0.007513,1,0
10.500000,-60.134237,203466.614510,179.848269,203419.061078,59.865931,203601.875589,97.958302,662.938395,-22.513876,670.414138,-141.897976,657.812517,59.946749,0.010417,1,0
10.533000,-60.089157,201866.312216,179.738772,201976.717468,59.674329,201949.973968,97.782629,666.336102,-22.122066,665.538951,-142.134363,662.045560,59.957821,0.004735,1,0
10.567000,-60.425960,203557.325895,179.858788,202064.342179,59.743949,201894.787811,97.493694,662.161851,-22.252531,656.227664,-142.459851,655.793983,59.952942,-0.006748,1,0
10.600000,-60.180047,202638.116209,179.674328,201856.674038,59.706851,202009.918719,97.751953,662.303081,-22.219716,658.276313,-142.164283,668.793502,59.954148,-0.002362,1,0
10.633000,-60.182544,204159.594227,179.986511,203592.682511,59.687058,202467.371039,97.860296,665.430635,-21.825335,664.319519,-142.406075,655.751441,59.957099,-0.002842,1,0
10.667000,-60.150148,203853.732532,179.989612,201666.655940,59.945844,199894.129824,98.285879,661.058697,-22.102528,660.468124,-141.955279,663.064503,59.954968,-0.002458,1,0
10.700000,-60.098776,203197.587430,-179.965424,203479.579067,59.974878,201892.711370,97.914385,660.260412,-22.072382,658.862598,-142.102443,661.531688,59.959942,-0.010722,1,0
10.733000,-60.133961,201966.280514,179.880179,202733.304599,59.980352,202911.352138,97.700742,664.196571,-21.971395,660.510757,-142.162049,657.802802,59.949364,0.000246,1,0
10.767000,-60.235233,202498.701525,-179.912811,201464.440833,59.971286,201759.837510,97.864388,664.844326,-22.166296,662.137051,-141.697028,665.763778,59.954494,-0.005079,1,0
10.800000,-60.151116,203779.100698,179.855212,202633.283083,59.798257,201128.784413,97.701837,655.402707,-21.509545,661.329992,-142.294155,662.255186,59.953812,-0.001050,1,0
10.833000,-60.101416,205653.370808,179.731154,202552.398103,59.847910,201496.338440,97.937872,663.330404,-22.320517,664.058416,-142.287556,665.135311,59.948903,-0.000739,1,0
10.867000,-60.104066,202613.768276,179.874369,203667.316108,59.952052,202898.888235,97.944111,657.774846,-21.953726,656.943860,-142.103765,657.548499,59.947326,0.007727,1,0
10.900000,-60.172644,202761.177262,179.967800,203050.091870,59.966258,201654.154525,97.739415,660.302144,-21.844850,667.652736,-142.007262,655.050755,59.959039,0.006201,1,0
10.933000,-60.168121,204906.737398,179.963942,201833.643593,59.848720,202191.389456,98.124460,668.492494,-21.880380,668.922725,-142.273860,660.234757,59.948547,-0.007110,1,0
10.967000,-60.056522,202715.116058,179.728098,202904.201010,59.827443,202000.477695,98.047824,659.385408,-22.232311,659.938080,-142.237563,666.385879,59.948963,0.006875,1,0
11.000000,-60.193533,204425.155956,179.579509,202487.924557,59.976035,203107.348383,97.660825,656.865907,-22.255106,665.798419,-142.041501,664.764612,59.947918,-0.010853,1,0
11.033000,-60.395902,203978.358778,179.953603,202293.295693,59.841000,202751.305113,97.371314,670.128100,-21.968376,661.367178,-142.174451,660.122492,59.951827,0.017292,1,0
11.067000,-60.043590,203448.243546,-179.974036,202283.463735,59.860866,202144.264098,97.902187,657.916776,-21.974946,659.813839,-141.905417,665.478801,59.959343,-0.003726,1,0
11.100000,-60.019617,203987.276700,179.874057,202537.497427,59.858569,202884.398976,97.654430,662.239482,-22.195510,659.080881,-142.190971,669.374739,59.956557,0.003270,1,0
11.133000,-60.169527,203483.099057,179.719628,203795.307830,59.929330,202247.681221,97.716306,659.693130,-22.337641,668.763066,-142.113481,663.017293,59.943027,0.011438,1,0
11.167000,-60.122842,203647.925944,179.700445,204188.350141,59.725034,200936.308723,97.821640,664.077761,-21.944567,654.800448,-142.049391,653.452509,59.951709,0.001728,1,0
11.200000,-60.282955,204127.451162,179.817496,201926.833068,59.834612,202313.669205,97.621057,659.430260,-22.114650,661.397041,-142.231643,671.436081,59.949105,0.014774,1,0
11.233000,-60.136959,203486.075869,179.850542,202589.494437,59.783440,202105.143024,97.922711,655.878511,-22.065834,653.168815,-142.290409,668.343390,59.947904,0.000334,1,0
11.267000,-60.138698,202867.890340,179.955289,203576.130953,59.701483,203502.257356,97.678236,664.653094,-21.851948,659.346195,-142.207186,658.911387,59.951687,0.001699,1,0
11.300000,-60.017441,202866.249653,179.810133,201689.865971,60.101037,203535.338002,97.977588,660.144764,-21.970865,653.779644,-142.054980,659.170112,59.958539,0.005093,1,0
11.333000,-60.197227,201384.582017,179.739020,202971.760162,59.899201,201857.867717,97.728858,651.385909,-22.307765,656.374584,-142.113715,658.504854,59.942055,-0.002186,1,0
11.367000,-60.094776,203654.162517,179.928208,204316.473365,59.889772,202456.226508,97.572106,657.169643,-22.092185,658.166914,-142.311519,649.115682,59.949972,-0.002019,1,0
11.400000,-60.151183,201821.777042,179.972146,201027.369750,59.992977,203488.454416,98.165302,652.172212,-21.559233,653.614111,-141.901246,657.154620,59.961954,0.000968,1,0
11.433000,-60.139330,202342.459035,179.915077,202372.899733,59.969469,203411.865571,97.872182,657.146915,-22.159478,656.311234,-141.867245,656.093768,59.965589,0.007231,1,0
11.467000,-60.095816,201790.043377,179.896619,204304.818156,59.882655,201415.975609,97.964621,651.755331,-22.206654,654.944061,-142.101394,651.065804,59.956512,-0.003893,1,0
11.500000,-60.046341,200893.061716,179.892548,202324.421572,59.808534,200497.027943,97.967164,651.936448,-22.067443,661.578297,-142.298267,655.374318,59.955545,0.009266,1,0
11.533000,-60.051310,203253.191175,179.874796,200143.737154,59.903592,203373.608688,97.901531,653.143205,-22.281821,647.515243,-142.072704,654.768883,59.955908,0.009141,1,0
11.567000,-60.092002,203059.370521,179.708743,203080.605147,59.795168,202494.446930,97.802886,654.606340,-22.491819,656.017277,-142.040200,662.056784,59.958274,-0.003129,1,0
11.600000,-60.293274,203060.554431,179.795708,201997.989703,59.810003,202099.925540,97.683175,652.553629,-22.152410,657.612883,-142.463190,652.070434,59.956810,0.000737,1,0
11.633000,-60.192453,204312.656318,179.809719,203907.011569,59.911027,201864.322713,97.917903,658.643111,-22.272784,660.029421,-142.155144,653.312107,59.952478,-0.006647,1,0
11.667000,-60.091042,203361.392286,179.921542,201945.113076,59.784226,201088.024863,97.951088,652.272058,-22.552330,653.193133,-142.186143,648.781987,59.950916,-0.004904,1,0
11.700000,-60.068235,202629.619289,179.878507,202186.192104,59.985356,201797.727996,97.970841,651.653833,-21.900245,649.611763,-141.760349,653.497006,59.955136,-0.012473,1,0
11.733000,-60.220619,203102.520365,179.886805,201664.574144,59.757561,202979.737580,97.819667,653.585981,-21.885348,644.924428,-142.317837,646.077226,59.956767,0.003484,1,0
11.767000,-60.082634,203496.547631,179.723182,202794.581351,59.966597,201454.568585,97.814654,652.527763,-22.130288,649.710595,-142.121457,648.823689,59.950353,0.001029,1,0
11.800000,-60.080564,203010.963362,179.934735,202900.524356,60.006294,203202.352077,97.981908,652.691819,-22.047785,652.635470,-142.269221,658.340200,59.957968,0.002998,1,0
11.833000,-60.118872,203784.801330,179.991035,202305.742208,59.894466,202370.349588,97.761232,655.061450,-22.089667,647.330614,-141.989733,652.559523,59.960066,0.012852,1,0
11.867000,-60.144646,201698.692868,179.938722,202598.834648,59.964901,203242.567326,97.874522,653.033484,-21.953868,649.791044,-141.744002,654.260794,59.956913,0.004815,1,0
11.900000,-60.074316,203133.745574,179.951850,202360.482007,59.875975,202687.038888,97.980538,655.381631,-21.920061,657.129779,-142.033531,655.619468,59.958363,0.001622,1,0
11.933000,-60.255016,203195.937120,-179.991094,204000.929025,59.887404,202464.436736,97.566684,660.424313,-22.106625,656.952287,-141.894093,649.881600,59.949235,-0.005456,1,0
11.967000,-60.001298,204049.875220,179.873812,202075.497302,60.146137,201102.711059,97.731047,654.049329,-22.200446,666.013193,-142.193244,660.284498,59.957699,-0.003359,1,0
12.000000,-60.200348,203415.953092,179.862841,201645.965582,59.850215,199917.685713,97.677483,653.758730,-22.397325,659.201008,-142.107110,652.384253,59.955235,0.000546,1,0
12.033000,-60.184284,202869.632025,179.994146,203123.495466,59.833030,201559.599961,97.914211,661.639792,-22.177969,658.449536,-142.217388,655.685510,59.953688,-0.002326,1,0
12.067000,-60.258340,203536.568753,179.989020,201574.033542,59.885294,201429.866146,97.773319,662.781827,-22.109281,663.236478,-142.004568,671.319871,59.953284,-0.003546,1,0
12.100000,-60.182761,202230.527614,179.789500,202855.379586,59.817559,201467.953022,97.617453,658.065875,-22.440353,665.118560,-142.214620,656.627760,59.951512,-0.001016,1,0
12.133000,-60.063891,202969.465033,179.935866,203571.514212,60.058489,201340.445271,97.867442,662.473085,-22.348248,657.191771,-141.767794,659.557284,59.953097,0.005601,1,0
12.167000,-60.065675,203662.191160,179.938780,203678.587112,59.938545,202767.589310,98.034835,657.845236,-22.015541,667.620369,-142.254039,651.570697,59.955896,-0.008515,1,0
12.200000,-60.173504,202972.954858,179.972573,202471.123658,59.723109,201435.527463,97.736377,672.204554,-21.831503,658.569560,-142.380182,658.174388,59.951058,-0.007449,1,0
12.233000,-60.084089,202578.204932,179.873459,202445.187483,59.861251,202940.200408,98.069926,669.013176,-21.898749,664.457125,-142.296069,666.376098,59.954246,-0.009083,1,0
12.267000,-59.991771,202047.647920,179.653801,200274.420125,59.852188,201508.402425,97.984865,667.901804,-22.170994,660.707183,-142.310260,664.548754,59.960948,0.000334,1,0
12.300000,-60.116009,204189.513687,179.756553,202916.095681,59.754692,205286.941941,97.946413,665.983053,-22.175487,662.518455,-142.196703,659.826232,59.961509,-0.001040,1,0
12.333000,-60.226633,201117.974353,179.918134,202503.730943,59.721258,200776.604139,97.929985,665.133723,-22.140873,666.204830,-142.250357,667.594419,59.957662,-0.001362,1,0
12.367000,-60.112989,202015.601081,179.828635,203875.117072,59.647771,202151.257855,97.843211,660.832986,-22.177196,666.367743,-142.354260,661.739332,59.954469,-0.000379,1,0
12.400000,-60.216834,202339.005427,179.738827,203157.497708,60.108079,201834.866385,97.761978,661.921860,-22.073068,661.906628,-141.722613,665.466351,59.958890,0.013190,1,0
12.433000,-60.014544,202974.666705,179.997942,203753.135409,59.722848,202031.699039,97.956406,659.248669,-22.322876,661.752787,-142.244335,662.874650,59.970946,-0.006634,1,0
12.467000,-60.131892,202100.887600,179.670316,202764.582172,59.759028,201207.234228,97.869770,667.948231,-22.247463,670.686684,-142.271737,661.294642,59.969175,-0.000008,1,0
12.500000,-60.139694,204773.371563,179.988752,204123.091562,59.886911,202876.626167,97.750012,663.242048,-22.205448,662.924290,-142.062950,671.274526,59.963214,-0.007203,1,0
12.533000,-60.192315,204893.516654,179.878083,204150.623268,59.840847,202823.470706,97.708003,667.933003,-22.286851,667.032127,-142.083711,664.730051,59.968345,0.017582,1,0
12.567000,-60.053140,202011.419694,179.863807,202435.008995,59.852914,201307.955089,97.976247,670.605425,-22.373990,670.618441,-142.284687,674.947673,59.965169,0.020677,1,0
12.600000,-60.195259,202969.575658,179.642372,202282.513107,59.897094,203399.012084,97.639536,665.524426,-22.297666,674.339413,-142.198116,666.098003,59.969663,-0.001601,1,0
12.633000,-60.053124,202564.697750,179.881333,204326.225857,59.835270,201648.590246,97.806975,665.127783,-22.039951,663.762577,-141.885845,666.859878,59.971806,0.006373,1,0
12.667000,-60.230120,202926.687885,179.976580,201732.595338,59.816072,202190.022704,98.040725,666.111281,-21.981426,667.734804,-142.401906,673.773930,59.969400,0.001487,1,0
12.700000,-60.099677,203706.218799,179.726314,203169.614254,59.787641,201025.493796,98.011089,664.414285,-22.031372,672.306532,-142.517500,667.694688,59.965741,0.006282,1,0
12.733000,-59.968030,203015.765413,179.825241,203558.633985,59.976933,203076.270251,98.157020,665.844808,-22.069066,670.768399,-141.953264,677.930809,59.966939,-0.000415,1,0
12.767000,-59.992741,203325.908419,179.998437,204876.763138,59.753182,202858.086144,97.986196,669.624406,-21.603518,665.879646,-142.387030,673.339322,59.966711,-0.004281,1,0
12.800000,-60.188183,202271.213778,179.766284,202698.072189,59.695411,202874.939538,97.721128,667.299371,-22.074447,670.431142,-142.177067,667.398688,59.964005,0.001041,1,0
12.833000,-60.348452,203879.653776,179.705269,203072.083517,59.764471,202531.841409,97.763884,668.979573,-22.555544,664.234046,-142.477373,664.180999,59.960752,-0.006380,1,0
12.867000,-60.108876,202345.387671,179.533488,202313.797922,59.862119,202606.794059,97.649368,666.146822,-22.449140,671.058149,-142.221683,672.847019,59.965934,-0.002221,1,0
12.900000,-60.334327,203463.358817,179.774934,203366.088277,59.775473,202173.907170,97.915421,672.062729,-21.914451,667.947679,-142.149305,674.738929,59.961684,0.005836,1,0
12.933000,-60.356354,201832.564637,179.799220,203737.213010,59.948723,201320.947835,97.462331,666.037850,-22.091431,673.465811,-141.849212,672.838802,59.966795,0.001384,1,0
12.967000,-60.229769,202107.588212,179.812960,201080.385284,59.802774,202636.958944,97.760466,667.831908,-22.293606,668.339796,-142.473193,672.757520,59.964664,-0.002240,1,0
13.000000,-60.145564,202307.632338,179.592253,201095.812594,59.655094,203134.634591,97.739797,671.680277,-22.285629,672.087768,-142.194184,670.032456,59.959744,-0.009071,1,0
13.033000,-60.274493,202785.810567,179.800473,204268.911776,59.614791,202631.471758,97.471394,673.435482,-22.242695,672.471876,-142.243034,669.738147,59.975597,0.003324,1,0
13.067000,-60.290676,201193.986678,179.848297,202810.862088,59.773682,203519.865752,97.920437,665.856963,-22.172487,669.303608,-142.329214,670.629242,59.967953,0.003707,1,0
13.100000,-60.206732,202580.447187,179.651185,201615.869331,59.910947,201892.340551,97.917043,666.722423,-22.408239,670.211147,-142.220855,671.993049,59.970096,-0.000428,1,0
13.133000,-60.105585,203487.572069,179.866949,203913.429883,59.691416,200778.800882,98.025297,669.805627,-21.756156,667.324105,-142.407798,668.999353,59.961905,0.006803,1,0
13.167000,-60.001987,204487.714317,179.734925,202546.120487,59.608934,202039.907364,98.001063,670.215482,-22.054646,669.899454,-142.289548,672.131216,59.968592,0.005729,1,0
13.200000,-60.133311,202901.352098,179.733676,202782.927172,59.686107,203322.996737,97.815903,669.399861,-22.192095,668.979902,-142.406408,667.612588,59.960315,0.001594,1,0
13.233000,-60.339939,201961.945494,179.639513,202556.435801,59.780908,202134.219639,98.028704,664.135621,-22.561421,673.322317,-142.597609,663.735094,59.965805,0.004295,1,0
13.267000,-60.073700,204030.559490,179.771105,203807.170290,59.939147,201168.384090,97.925982,666.765542,-22.134356,668.290484,-141.803294,673.816602,59.954476,-0.006942,1,0
13.300000,-60.372064,204494.210736,179.784930,204048.691317,59.834907,202572.287990,97.456369,668.434616,-21.980677,660.660499,-142.186153,665.426599,59.969554,0.008832,1,0
13.333000,-60.292172,202320.754612,179.626907,202744.198712,59.561119,200809.405947,97.757565,668.734760,-22.567084,661.105132,-142.156898,670.171083,59.961193,0.003281,1,0
13.367000,-60.142420,204529.422020,179.678903,201237.079225,59.736952,202790.233110,97.678792,661.581727,-22.260386,674.772091,-142.023164,675.907958,59.962961,0.001774,1,0
13.400000,-60.419787,204261.543448,179.646946,202448.664968,59.645148,200285.740242,97.610101,670.483014,-22.591040,667.285155,-142.406931,663.916390,59.965676,-0.002398,1,0
13.433000,-60.245675,203200.604235,179.737725,202824.524423,59.695232,202247.526654,97.862078,664.063641,-21.956891,663.299536,-142.530045,665.088796,59.953510,0.001271,1,0
13.467000,-60.170948,202472.195022,179.752303,202351.473259,59.352899,202326.738629,97.625125,669.546563,-22.269658,666.386360,-142.581270,672.686146,59.954202,-0.005136,1,0
13.500000,-60.438270,204230.326901,179.552829,201580.411342,59.753322,203477.321832,97.395637,665.302529,-22.813933,670.428516,-142.420971,665.288286,59.952062,-0.002050,1,0
13.533000,-60.304798,202795.126234,179.822791,203032.883709,59.717100,202644.829748,97.849626,667.978347,-21.997286,664.872926,-142.394996,661.235063,59.959842,-0.006092,1,0
13.567000,-60.345997,203294.153159,179.685187,201579.439635,59.895859,201820.567278,97.638347,672.624206,-22.067283,668.347038,-142.114927,670.340515,59.970280,0.001714,1,0
13.600000,-60.307686,202324.921089,179.700963,202191.457935,59.728661,202812.216881,97.654877,670.055852,-22.290969,675.362502,-142.392944,666.477000,59.960525,-0.000002,1,0
13.633000,-60.149434,202581.890050,179.574535,201164.266902,59.683457,204264.893883,97.752114,669.734607,-22.373084,669.119723,-142.267993,665.686728,59.964525,0.002309,1,0
13.667000,-60.169064,202889.197997,179.686570,203693.541055,59.570515,202541.195496,97.819868,661.579698,-22.441798,664.428079,-142.282289,671.793650,59.960574,-0.003852,1,0
13.700000,-60.302862,202885.176966,179.610831,203709.638965,59.703767,203856.424368,97.737327,665.614773,-22.249011,667.541699,-142.502748,663.327542,59.967290,0.000921,1,0
13.733000,-60.250393,203691.202153,179.706810,203291.711194,59.803702,202337.974372,98.127276,672.715210,-22.252627,667.113271,-141.973558,667.015851,59.964311,0.006840,1,0
13.767000,-60.196990,202073.558887,179.741609,201435.492321,59.579632,202812.809137,97.773842,666.744578,-22.353364,664.722229,-142.440459,668.101874,59.973978,0.000938,1,0
13.800000,-60.340530,202750.295233,179.755779,201918.998900,59.687148,201487.729859,97.531448,664.745845,-22.388723,665.249208,-142.628930,659.597850,59.972630,-0.003900,1,0
13.833000,-60.471145,200700.163385,179.642337,202893.464155,59.922168,201708.350351,97.699764,658.831749,-22.122219,664.093606,-141.969065,665.695499,59.967807,-0.000259,1,0
13.867000,-60.404709,200839.876637,179.706940,202810.207870,59.615466,200790.336074,97.488015,657.614908,-22.218877,663.707211,-142.427165,661.574488,59.975799,0.000084,1,0
13.900000,-60.325805,203889.960922,179.651694,201091.858522,59.594334,202975.965717,97.634515,663.705111,-22.257367,662.462309,-142.852653,661.182019,59.960078,-0.001993,1,0
13.933000,-60.295171,203208.442901,179.860801,203370.692542,59.607505,202033.506227,97.620303,662.505531,-22.217493,659.877550,-142.123301,665.535847,59.969887,0.000250,1,0
13.967000,-60.326635,201824.275994,179.774023,202585.619551,59.859242,202394.259972,97.422435,664.184759,-22.232119,662.542708,-142.061308,661.341196,59.960286,-0.011878,1,0
14.000000,-60.196721,202292.450516,179.746764,201960.678405,59.792002,201382.312292,97.887169,667.280675,-22.364177,671.245396,-142.198102,663.234726,59.968042,0.003276,1,0
14.033000,-60.393990,201914.924109,179.848999,202195.458492,59.804695,202222.577518,97.578920,665.448643,-22.209070,664.666075,-142.497968,670.847315,59.957840,0.002152,1,0
14.067000,-60.389490,201797.462617,179.588239,203489.205729,59.820720,202879.781633,97.339872,663.232173,-22.355902,660.640071,-142.560536,663.163509,59.961839,-0.008567,1,0
14.100000,-60.192639,202332.310911,179.710713,202944.619588,59.793477,202962.173947,97.623808,665.153404,-22.629531,661.868662,-142.097016,657.145427,59.965548,-0.001697,1,0
14.133000,-60.090826,204206.663614,179.647548,200504.691854,59.680271,202746.789272,97.923759,668.164923,-22.377645,669.084451,-142.069937,664.897335,59.966570,-0.009804,1,0
14.167000,-60.185221,203490.107606,179.739828,200708.517175,59.873712,200819.730139,97.872942,662.542725,-22.142302,657.143373,-142.007554,662.919931,59.961787,-0.001391,1,0
14.200000,-60.199972,204508.147555,179.750653,204806.711713,59.804590,201805.124157,97.587363,660.381762,-22.649240,661.024691,-142.193004,656.185401,59.966071,0.008840,1,0
14.233000,-60.232715,202402.815820,179.885636,201851.811754,59.811525,201569.447605,97.541010,663.496581,-22.000792,653.070553,-142.453085,662.708182,59.965957,-0.005864,1,0
14.267000,-60.013932,204317.009394,179.864461,201370.880857,59.709436,202745.556407,98.095349,662.123185,-22.269121,660.846856,-142.438943,656.556749,59.962956,0.010873,1,0
14.300000,-60.245535,203900.683175,179.877333,201784.427074,59.856944,200532.331227,97.900213,666.731453,-21.854189,665.705966,-142.345860,662.413315,59.966859,-0.015163,1,0
14.333000,-60.015166,201603.932611,179.740332,203847.616533,59.878095,202465.726039,97.868181,659.657821,-22.181788,661.465584,-142.349293,659.166068,59.968026,0.003211,1,0
14.367000,-60.414805,201429.074742,179.824004,202125.060799,60.054358,200248.448430,97.480732,665.142039,-22.380784,664.326174,-141.721793,662.918563,59.968097,-0.008992,1,0
14.400000,-60.235047,203294.474726,179.765675,202156.359679,60.207590,202636.500402,97.869447,662.007630,-22.043128,660.838365,-141.364375,662.262553,59.968751,0.001017,1,0
14.433000,-60.220549,203608.054479,179.887898,202169.850277,59.859688,200815.786923,97.504598,657.954137,-22.197135,652.610882,-142.030381,659.575588,59.969366,0.011236,1,0
14.467000,-60.122151,203379.422190,179.767657,201771.414037,59.852089,201421.843476,97.993841,659.164906,-22.172607,660.027593,-142.172999,649.493147,59.964736,0.004799,1,0
14.500000,-60.255213,202617.666209,179.727804,200830.047937,60.000200,201821.618669,97.888566,663.256333,-22.292655,657.460738,-141.980310,660.205273,59.962508,-0.005101,1,0
14.533000,-60.317438,201411.678935,179.752983,203238.318499,59.835970,201756.248116,97.684052,654.897957,-22.049387,650.187355,-141.920078,657.343453,59.953603,0.005418,1,0
14.567000,-60.194068,202629.765607,179.603232,202829.721407,59.709649,203021.549785,98.088541,660.697710,-22.345870,659.110341,-142.350368,660.403867,59.964742,0.003187,1,0
14.600000,-60.256210,201735.504041,179.780558,202623.630650,59.720516,203805.925729,97.428108,656.025787,-22.333076,660.975085,-142.621230,662.393577,59.963102,0.001739,1,0
14.633000,-60.180875,202785.750604,179.791394,201647.164661,59.757747,201504.900234,97.883914,661.233360,-22.000770,664.309194,-142.357519,664.733112,59.955911,-0.007717,1,0
14.667000,-60.060509,204918.196712,179.615597,202458.616778,59.755267,202379.173757,97.854881,661.662605,-22.547541,667.339299,-142.424258,661.652516,59.969162,-0.001379,1,0
14.700000,-60.102596,201679.003060,179.672775,203641.419696,59.722721,200920.084988,98.013094,665.091764,-22.532084,665.785072,-142.123861,668.753086,59.964327,0.000242,1,0
14.733000,-60.157771,202694.799575,179.739018,202968.477249,59.632336,202037.073440,97.705613,663.899825,-22.622517,667.701286,-142.307543,664.652358,59.961433,-0.001329,1,0
14.767000,-60.062759,203205.339724,179.930621,202292.459638,59.715034,201724.494538,97.782592,663.749318,-22.152147,669.630986,-142.401937,670.285432,59.950837,-0.003590,1,0
14.800000,-60.174552,204221.228861,179.769181,202564.260274,59.795277,202895.812009,97.677271,664.317312,-22.438066,665.586515,-142.362120,668.017183,59.960622,-0.014952,1,0
14.833000,-60.052108,203501.875132,179.710817,201611.421318,59.628948,202944.710678,98.007838,661.009255,-22.331611,671.496274,-142.630455,661.663793,59.960773,0.011929,1,0
14.867000,-60.153000,203420.787635,179.814787,201209.913498,59.959952,204083.024353,97.971992,660.754951,-22.245615,664.166674,-142.247344,660.391314,59.956466,0.002888,1,0
14.900000,-60.253113,202283.676832,179.868921,202491.537653,59.685161,202651.701185,97.408329,667.456943,-21.983953,662.566972,-142.549164,664.168675,59.950555,-0.000491,1,0
14.933000,-60.239884,201529.841041,179.827105,200607.376387,59.792656,202156.546627,97.459145,664.127250,-21.707039,664.561567,-142.420686,664.544776,59.957029,-0.010664,1,0
14.967000,-60.143042,203236.930684,179.575541,202814.546350,59.747870,201085.959550,97.679618,659.596410,-22.413491,658.818828,-141.995967,661.301262,59.958492,-0.001427,1,0
15.000000,-60.141526,203546.440293,179.732856,202387.039348,59.896075,202201.463552,97.807569,661.309268,-22.676178,656.569757,-142.044632,659.936650,59.958541,0.006417,1,0
15.033000,-60.228813,203409.514984,179.844810,201256.480319,59.755352,201740.880465,97.966112,657.749481,-22.189715,660.082320,-142.463149,664.005356,59.954863,0.007570,1,0
15.067000,-60.182706,201747.442901,179.867161,202583.354004,59.832625,201909.487877,97.683667,656.740973,-22.096039,658.072251,-142.264853,663.240569,59.958152,-0.002430,1,0
15.100000,-60.244655,200741.493133,179.793102,200143.264884,59.847705,200351.561068,97.721659,660.086765,-22.181380,664.246556,-142.261351,659.934249,59.956915,-0.001718,1,0
15.133000,-60.270416,202593.048284,179.725022,201422.493513,59.675702,201847.229362,97.842429,658.642052,-22.189622,654.804190,-142.151162,663.123241,59.953969,-0.001818,1,0
15.167000,-60.148871,200692.898808,179.696663,200279.641697,59.744692,198796.008851,97.871883,666.175166,-22.183179,665.217065,-142.208727,660.346010,59.953842,-0.001431,1,0
15.200000,-60.219959,201607.392316,179.829069,202313.043617,59.748174,200977.869219,97.828883,664.883129,-21.933170,660.946305,-142.032875,657.053547,59.947757,0.012765,1,0
15.233000,-60.027319,201288.671226,179.871970,200786.132838,59.876337,201815.726554,98.141472,660.573780,-22.341996,656.504737,-142.243862,661.391356,59.950162,0.010570,1,0
15.267000,-60.151728,199558.338075,179.890023,200799.986470,59.760470,201869.824058,97.698460,662.331155,-22.171860,663.130807,-142.343746,662.207523,59.949910,-0.003859,1,0
15.300000,-60.097035,201862.426660,179.766009,200525.186279,59.863330,200241.232698,97.512302,659.304962,-22.236177,649.757867,-142.220092,655.770172,59.949504,-0.006113,1,0
15.333000,-60.290680,202406.888820,179.756494,202072.390726,59.829413,201232.517324,97.793864,660.598507,-22.317683,660.900571,-142.249423,656.697665,59.948794,-0.001139,1,0
15.367000,-60.178745,201232.646654,179.727005,201453.197666,59.757152,200143.938254,97.731374,659.299969,-22.117920,653.588181,-142.053398,659.188401,59.946144,0.007166,1,0
15.400000,-60.313444,200682.154504,179.929354,201437.016000,59.690427,201777.301172,97.864485,653.763559,-22.000550,657.217933,-142.229215,657.840501,59.948374,0.005138,1,0
15.433000,-60.186665,200912.342641,179.832608,201446.512914,59.742805,200721.767404,97.650096,661.235922,-22.318467,659.962046,-142.374903,658.933982,59.948843,-0.004277,1,0
15.467000,-60.181124,202656.372271,179.607497,200881.397845,59.760662,202208.141304,97.919542,661.562140,-22.208939,654.881924,-142.461319,658.693969,59.946001,-0.004811,1,0
15.500000,-60.116597,201666.300575,179.761944,200839.369046,59.861722,200125.179515,97.908847,660.906257,-22.286296,661.177029,-142.331633,659.536268,59.941770,0.012116,1,0
15.533000,-60.266637,202270.629921,179.696777,201046.207318,59.943252,200256.700751,97.324954,660.276253,-22.550546,657.292639,-141.659427,660.167845,59.951277,0.004812,1,0
15.567000,-60.153645,202496.918159,179.978184,201997.135253,59.919356,202076.931499,97.599405,659.619234,-21.936444,656.585774,-142.155458,656.332088,59.953813,-0.008780,1,0
15.600000,-60.176186,200407.813444,179.751245,202374.973426,59.868543,200287.716005,97.599634,649.724550,-22.379409,650.301408,-142.287488,649.256754,59.949970,-0.003223,1,0
15.633000,-59.999532,201940.977500,179.660473,204370.935128,59.821064,200762.075799,97.737051,652.944649,-22.188625,654.538631,-142.675919,655.470587,59.950264,-0.006655,1,0
15.667000,-60.107377,202802.819739,179.777491,201993.195055,59.535625,200427.626660,97.903973,649.209174,-22.433782,647.227307,-142.435907,647.553728,59.949515,-0.003240,1,0
15.700000,-60.184224,199857.651745,179.676110,202535.923548,59.830722,200655.586279,98.061470,647.400295,-22.497102,654.133417,-142.211944,649.259886,59.956788,0.001363,1,0
15.733000,-60.123160,201853.330327,179.718260,201542.004296,59.762902,200293.496171,97.783790,648.567933,-22.241048,645.392583,-142.131125,641.626261,59.958322,0.012245,1,0
15.767000,-60.226029,202295.797890,179.786369,201917.622321,59.754981,200434.012467,97.791575,643.456026,-22.264205,640.318744,-142.018502,644.053497,59.957183,-0.002581,1,0
15.800000,-60.206686,200910.226302,179.753177,200209.392295,59.702591,201672.826987,97.570853,646.305832,-22.313240,644.292879,-142.111143,643.397302,59.953779,-0.000392,1,0
15.833000,-60.249343,200942.220760,179.813273,201457.408455,59.560445,199974.866359,97.711646,641.312306,-22.200106,639.093579,-142.084007,640.922408,59.956364,-0.002756,1,0
15.867000,-60.351795,200500.193161,-179.947383,201205.370379,59.921000,198899.831053,97.846154,642.185356,-21.747574,641.166238,-142.089871,638.200519,59.955973,0.002197,1,0
15.900000,-60.051735,199718.064870,179.737059,200551.716619,59.610150,200211.693436,97.863895,646.002549,-21.901272,639.619223,-142.544057,642.494905,59.954302,-0.003568,1,0
15.933000,-60.411481,199820.009061,179.790969,200147.623890,59.648113,200518.651344,97.788709,642.440069,-22.360843,642.630174,-142.392163,645.482758,59.956120,0.007757,1,0
15.967000,-60.113625,199819.717122,179.789539,200732.812394,59.859510,200081.738472,97.862881,645.817908,-22.174746,644.650840,-142.306680,645.648936,59.959014,0.000377,1,0
16.000000,-60.225783,200002.941699,179.736304,199351.780554,59.723540,202517.485875,97.797690,638.819471,-22.421347,646.942234,-142.250679,643.885821,59.946637,0.007930,1,0
16.033000,-60.346023,201280.604375,179.748039,202702.682295,59.992273,201320.134731,97.845229,645.081033,-22.189582,641.901025,-141.850629,647.803062,59.951666,-0.006768,1,0
16.067000,-60.418056,200252.591788,179.747246,201858.631197,59.741797,200704.663246,97.388079,638.330626,-22.355488,642.417214,-142.068668,637.287202,59.960886,0.002723,1,0
16.100000,-59.942428,199932.671397,179.659043,200194.287144,59.806197,198896.531321,98.418338,640.408741,-21.938650,637.584063,-141.960575,641.012242,59.955851,-0.008485,1,0
16.133000,-60.324951,201340.133608,179.782127,200485.253933,59.558831,200189.713216,97.583303,636.798456,-22.304997,640.635061,-141.990351,641.697837,59.957757,0.005979,1,0
16.167000,-60.351936,200021.330185,179.790335,199756.312135,59.657954,199690.392999,97.589856,635.406037,-22.114094,636.467968,-142.377384,639.160019,59.959193,0.002633,1,0
16.200000,-60.253235,202859.918089,179.796219,199985.834177,59.735312,200125.430788,97.748772,639.658695,-22.081368,639.028134,-142.207151,641.902872,59.949551,-0.002700,1,0
16.233000,-60.326831,199745.677359,179.693184,199605.139806,59.669428,199356.995107,97.487550,636.210953,-22.294477,638.825418,-142.328568,637.524753,59.961860,0.002584,1,0
16.267000,-60.352487,200475.593135,179.625694,199496.040327,59.554669,198503.313000,97.584153,640.342114,-22.487827,641.967986,-142.641704,641.349580,59.962050,0.015472,1,0
16.300000,-60.286995,201893.376622,179.850476,198641.750366,59.725510,199998.646630,97.595485,640.011629,-22.090490,637.054797,-142.119490,639.622710,59.961193,-0.003517,1,0
16.333000,-60.319821,201131.071121,179.512507,200067.480886,59.906589,200167.175927,97.627118,638.414985,-22.170887,631.840154,-142.350303,636.165254,59.962034,0.003101,1,0
16.367000,-60.337379,200236.587394,179.685288,200599.092993,59.714784,199845.646213,98.148633,637.334428,-22.292381,636.091635,-142.273886,632.608008,59.958600,0.001652,1,0
16.400000,-60.380491,200544.565770,179.591992,200644.499689,59.815407,200994.201327,97.883991,643.639467,-22.180764,631.404847,-142.162210,638.449926,59.962323,0.015546,1,0
16.433000,-60.479618,201086.145332,179.703572,200505.160084,59.658375,199542.029876,97.573630,648.139578,-22.216980,633.941665,-142.372209,636.106260,59.950208,0.000143,1,0
16.467000,-60.220560,200105.596906,179.654111,201307.785741,59.585936,202310.947879,97.568881,641.403148,-22.503579,637.534925,-142.038789,631.713477,59.958505,-0.000352,1,0
16.500000,-60.424577,201427.031857,179.718841,200755.103216,59.671179,199712.236612,97.887163,638.600229,-22.506991,638.186102,-142.159289,643.811725,59.961750,-0.007237,1,0
16.533000,-60.477444,201166.728133,179.823034,199384.354042,59.881022,200520.298572,97.541221,638.809246,-22.003329,645.766940,-141.797826,635.326738,59.955287,0.009538,1,0
16.567000,-60.435620,200471.147827,179.831373,200750.515121,59.639405,201285.825468,97.641241,638.505391,-22.077716,640.801412,-142.326908,645.938399,59.957003,0.006159,1,0
16.600000,-60.130462,199132.897848,179.838786,201674.369907,59.942573,198932.796262,97.851454,637.710624,-22.596235,632.899966,-142.164631,636.460882,59.958986,0.002960,1,0
16.633000,-60.261155,200184.875698,179.841477,199596.208055,59.681985,199337.016771,97.827588,628.942062,-22.022603,634.507900,-142.139382,645.499828,59.961569,-0.006472,1,0
16.667000,-60.295466,199861.044147,179.821015,199604.042307,59.791580,200412.223790,97.894539,644.988120,-22.033158,632.552156,-142.270604,639.077994,59.960626,0.010603,1,0
16.700000,-60.231244,198127.963199,179.761762,199903.268925,59.808920,200229.256848,97.777666,634.456690,-22.327837,633.178571,-142.301942,637.977266,59.955497,-0.001454,1,0
16.733000,-60.147660,200172.541479,179.739968,200083.548009,60.068778,200606.855807,97.867596,635.284771,-22.147467,637.125082,-141.894545,629.537900,59.970179,-0.001217,1,0
16.767000,-60.383395,200599.884901,179.701197,199540.901715,59.890187,198285.757485,98.019896,627.280059,-22.473135,632.948673,-142.154586,637.272862,59.960556,0.003978,1,0
16.800000,-59.948136,201298.083431,179.728570,199119.618405,59.797411,199437.599278,97.959121,636.052637,-22.436137,630.975168,-142.322003,637.125687,59.959414,0.002190,1,0
16.833000,-60.243072,203282.805565,179.816881,200590.496703,59.748981,200239.576583,97.850440,637.959312,-22.318413,635.404646,-141.908433,632.467011,59.959957,-0.000850,1,0
16.867000,-60.204757,203065.130780,179.799641,200540.673636,59.722614,200396.442101,98.106102,631.049647,-22.328927,633.837591,-141.944052,631.375086,59.965977,0.008891,1,0
16.900000,-60.152202,198424.526977,179.818888,199747.055990,59.709842,200278.520485,97.716751,629.156451,-22.029915,625.152222,-142.278085,632.148243,59.954818,-0.008841,1,0
16.933000,-60.174526,199801.051922,179.868750,201153.664401,59.767312,199135.200485,98.129376,632.757521,-21.881832,635.494502,-142.422198,632.930746,59.961448,-0.008728,1,0
16.967000,-60.197228,199044.697850,179.640366,201027.768207,59.740925,201006.044490,97.899962,637.430035,-22.351527,628.694046,-141.898880,639.020630,59.951534,0.005587,1,0
17.000000,-60.367799,202991.089611,179.774320,201276.623619,59.917867,200341.467753,97.582729,630.444804,-22.003154,632.444817,-141.920518,634.287748,59.963113,0.008098,1,0
17.033000,-60.300960,201466.662670,179.792642,198888.320660,59.720265,201966.118797,97.788088,624.718025,-22.051483,633.705763,-142.346735,632.600086,59.954719,0.000204,1,0
17.067000,-60.175309,201541.574925,179.631244,200996.536952,59.759303,197878.622032,97.711883,634.616934,-22.342322,630.048427,-142.314905,625.289601,59.959945,0.000580,1,0
17.100000,-60.173063,201306.125060,179.768031,200964.171136,59.884790,201932.122128,97.949361,630.751215,-22.168688,636.534164,-142.270934,633.515272,59.966868,0.006736,1,0
17.133000,-60.106079,201721.869113,179.837201,201563.971735,59.904587,200232.921786,97.781408,635.266131,-22.383754,629.963971,-142.175289,631.967956,59.962167,0.000436,1,0
17.167000,-60.340998,202178.232924,179.701966,200933.248738,59.867479,199315.506687,97.643198,634.211780,-22.261268,633.270911,-142.248242,631.533965,59.959955,-0.001094,1,0
17.200000,-60.266650,201771.106574,179.777647,200472.408927,59.788059,200496.956060,97.663120,623.643738,-22.697562,640.356614,-142.545303,633.058125,59.961919,0.000881,1,0
17.233000,-60.242591,199923.919838,179.729506,199829.118876,59.742384,199630.528053,97.722649,638.974228,-22.610046,637.351629,-141.993531,634.676021,59.960023,0.006060,1,0
17.267000,-60.322807,201125.309661,179.726351,201011.270654,59.601793,200467.263079,97.656159,642.801351,-22.416305,637.032478,-142.286115,643.049470,59.957036,0.007065,1,0
17.300000,-60.368144,200661.338911,179.799477,200917.848769,59.653314,202353.341669,97.587211,641.927886,-22.097037,645.633109,-142.249467,643.140766,59.952572,-0.002048,1,0
17.333000,-60.452798,202289.652406,179.626474,200580.956092,59.793573,202070.939438,97.256235,639.605391,-22.241948,642.280624,-142.458785,647.278512,59.950414,-0.008259,1,0
17.367000,-60.229267,202141.797605,179.829368,200290.641973,59.657609,200243.223990,97.850041,637.561486,-22.325050,636.682478,-141.922220,637.226613,59.956147,0.006079,1,0
17.400000,-60.041076,201054.322133,179.807723,200030.211884,59.651797,200605.409496,98.092576,640.034508,-22.305073,638.459781,-142.279487,642.768866,59.960875,-0.002894,1,0
17.433000,-60.387669,200799.671164,179.667005,201399.658794,59.739157,200712.870975,97.681816,646.854231,-22.135349,642.565253,-142.509782,640.522154,59.954785,-0.009909,1,0
17.467000,-60.371588,200229.074123,179.878645,200918.322181,59.702821,201221.029746,97.513765,641.522813,-22.247708,648.131350,-142.422360,640.845931,59.964669,-0.001151,1,0
17.500000,-60.301851,201345.525181,179.685120,202737.654469,59.697606,199936.543441,97.750520,637.457302,-22.180805,637.491579,-142.386765,642.413080,59.954595,0.007021,1,0
17.533000,-60.303243,202008.744149,179.687825,202294.002646,59.656393,199289.492141,97.888709,637.469786,-22.393300,634.027021,-142.191918,634.108001,59.962893,-0.000637,1,0
17.567000,-60.444909,200752.290112,179.755092,198786.382716,59.548696,201581.822826,97.302982,647.879899,-22.302442,632.809290,-142.526168,636.240950,59.961803,-0.000248,1,0
17.600000,-60.373691,199962.384217,179.769834,201206.980117,59.759431,199912.731129,97.761060,639.012515,-22.191141,647.640145,-142.359026,637.630555,59.957448,-0.012595,1,0
17.633000,-60.196334,200217.696669,179.811813,200382.937079,59.706887,200258.087200,97.975346,637.610931,-22.078444,640.896171,-142.041002,637.042640,59.955786,-0.006644,1,0
17.667000,-60.345622,202473.630227,179.843934,199749.812034,59.590344,200194.352110,97.588234,639.323874,-21.907530,636.702845,-142.785170,638.946527,59.954192,0.003311,1,0
17.700000,-60.259840,201450.916196,179.803834,200081.739694,59.576215,200490.473693,97.634229,645.991199,-22.103040,639.181983,-142.168765,643.314901,59.954110,0.006079,1,0
17.733000,-60.244877,199460.174937,179.762630,202100.823942,59.884491,199455.261887,98.057521,647.566547,-22.557978,633.264657,-142.296065,634.141199,59.953405,0.003096,1,0
17.767000,-60.253184,202247.144564,179.680238,201450.584929,59.701040,200046.341681,97.904391,637.863880,-22.523848,641.622012,-142.154143,640.610277,59.956876,0.004468,1,0
17.800000,-60.227643,200781.474980,179.851833,201689.052828,59.756514,202262.519173,97.446095,640.799042,-22.006291,638.567397,-141.916876,643.451810,59.950050,0.005488,1,0
17.833000,-60.160516,202492.400363,179.660263,199975.804317,59.914453,199762.648000,97.242020,638.216905,-22.151448,645.217235,-141.806484,640.376188,59.948294,0.009841,1,0
17.867000,-60.291907,201367.988011,179.728855,202429.475369,59.642631,200559.359684,97.859519,640.262794,-22.336869,636.313310,-142.210183,638.260795,59.951418,0.006256,1,0
17.900000,-60.191050,201499.682392,179.815915,201370.780652,59.800319,200314.534766,97.398201,642.074737,-22.155746,631.371558,-142.044465,644.539642,59.950104,-0.013735,1,0
17.933000,-60.148011,201753.149600,179.823732,201666.328824,59.767642,200873.928675,97.811304,644.341725,-22.413463,636.654165,-142.292758,636.011738,59.952374,0.004726,1,0
17.967000,-60.233700,201668.131377,179.732808,200979.038469,59.678177,201707.044347,97.605105,639.947561,-22.268233,636.782797,-142.675397,636.170249,59.960851,0.000692,1,0
18.000000,-60.369182,201255.608302,179.777958,200888.992545,59.825586,201253.140564,97.632057,638.604217,-22.382644,638.067664,-142.009775,634.542924,59.957191,-0.009202,1,0
18.033000,-60.180769,200337.062447,179.866115,200952.927123,59.807881,202196.804441,97.717773,640.296355,-22.226458,639.469995,-142.074901,637.894920,59.953437,-0.004646,1,0
18.067000,-60.233448,199814.782443,179.658612,200848.978726,59.831173,201521.488454,97.514796,646.168801,-22.208383,641.472154,-141.737580,636.535627,59.955017,-0.001669,1,0
18.100000,-60.173016,201719.421459,179.884933,201481.467558,59.556704,200835.751290,97.685988,641.500085,-21.981382,636.221495,-142.233761,641.406456,59.956372,-0.004390,1,0
18.133000,-60.220205,201038.997218,179.705142,199964.602013,59.643414,202182.532186,97.673445,632.808962,-22.369025,641.137099,-142.323364,636.172347,59.951454,-0.003167,1,0
18.167000,-60.362136,199173.150708,179.760395,199061.877249,59.686306,199950.233868,97.514666,632.162592,-22.468112,639.565699,-142.580963,636.396222,59.957771,0.001179,1,0
18.200000,-60.142359,201062.965610,179.940957,200637.389547,59.808750,200540.277669,98.071473,637.326357,-22.124380,638.117442,-142.173417,636.607572,59.951993,0.003497,1,0
18.233000,-60.249880,200970.712812,179.628996,201306.577756,59.762859,201623.278736,97.803418,635.952328,-22.125873,630.727020,-142.294324,632.715390,59.957246,-0.002918,1,0
18.267000,-60.369211,200940.329159,179.675070,202196.262083,59.862592,200727.040625,97.614447,640.389304,-22.573054,640.086317,-142.065908,645.795299,59.957150,-0.006929,1,0
18.300000,-60.179633,200181.601226,179.887909,199786.771520,59.565437,200780.372666,98.064174,636.586915,-22.192441,642.044971,-142.193605,643.759289,59.961011,0.000329,1,0
18.333000,-60.259817,200963.783216,179.746165,200867.822175,59.733631,201582.370163,97.876072,637.974311,-22.406427,639.716751,-142.194204,637.425040,59.951629,-0.010709,1,0
18.367000,-60.306346,200285.394526,179.767765,201077.155996,59.734173,199187.290477,97.715983,638.500269,-22.327071,635.531454,-142.324905,635.083248,59.953234,-0.002059,1,0
18.400000,-60.390556,202561.370266,179.665201,201664.490988,59.837804,200690.070532,97.852841,635.452903,-22.600893,636.796042,-141.915363,636.078089,59.948409,-0.001534,1,0
18.433000,-60.155136,200496.767006,179.631649,201881.460721,59.816617,201466.240796,97.811001,638.346181,-22.194062,640.678665,-142.452587,641.259273,59.947668,-0.000202,1,0
18.467000,-60.322149,203105.725959,179.723508,200458.125664,59.692949,201018.927985,97.522041,642.998292,-22.522249,637.299715,-142.229124,643.042892,59.937775,-0.002898,1,0
18.500000,-60.232923,201333.056315,179.747460,200785.387459,59.671102,200640.649231,98.172633,638.536062,-22.132504,637.808827,-142.376667,636.326895,59.947217,0.008311,1,0
18.533000,-60.031394,201077.379243,179.724417,201109.642063,59.744986,200738.642886,97.933701,644.214872,-22.491885,639.462879,-142.112424,637.780823,59.944965,0.017043,1,0
18.567000,-60.280053,202266.875549,179.771618,202135.432265,59.778545,202107.027802,97.711547,634.563122,-22.090428,642.310633,-142.343430,642.275344,59.945496,-0.007629,1,0
18.600000,-60.178648,200709.579350,179.637467,199863.081983,59.700754,202722.464263,98.039833,638.086277,-22.494607,642.488448,-142.412987,641.069164,59.946301,-0.002553,1,0
18.633000,-60.254837,202009.013092,179.634816,200805.500534,59.731946,200428.629061,97.735962,638.111268,-22.490431,647.707456,-142.456670,640.936582,59.952298,0.006927,1,0
18.667000,-60.325774,201460.608283,179.822160,201707.993560,59.798630,200726.038847,97.587399,642.808590,-22.415137,645.506333,-142.159321,643.744995,59.947690,0.003242,1,0
18.700000,-60.216121,202016.926233,179.819183,200837.074586,59.629462,201885.006096,97.881668,642.729396,-22.261786,643.194758,-142.706860,646.954899,59.949482,-0.004849,1,0
18.733000,-60.569643,200912.214740,179.758539,202316.256644,59.514289,200382.863880,96.862280,639.249277,-22.220664,644.207526,-142.461951,642.917186,59.942624,0.001895,1,0
18.767000,-60.436599,201478.707485,179.652726,202065.371244,59.603551,200073.726350,97.938573,645.207489,-22.401596,642.761343,-142.525944,638.693299,59.938959,0.002165,1,0
18.800000,-60.393238,201548.358563,179.528944,202269.822176,59.522987,200990.385891,97.798553,643.853424,-22.554707,644.524671,-142.364310,641.723110,59.945901,0.001260,1,0
18.833000,-60.316917,201517.330046,179.611410,200907.886210,59.588566,199240.201981,97.779271,646.149864,-22.297721,642.909346,-142.338025,645.329188,59.944468,0.000673,1,0
18.867000,-60.341313,201685.057383,179.675897,200293.978759,59.688701,202636.291551,97.633485,645.684365,-22.654716,640.592378,-142.334269,645.270582,59.940211,-0.009704,1,0
18.900000,-60.236002,201609.790349,179.643035,201656.001590,59.600069,200494.682168,97.886266,647.659652,-21.953387,651.146877,-142.237694,634.662450,59.943333,-0.010591,1,0
18.933000,-60.428298,201636.593652,179.861103,201357.509420,59.616665,200284.234131,97.893639,640.294872,-22.290482,644.965131,-142.263126,644.919848,59.935364,0.010866,1,0
18.967000,-60.364901,202008.116240,179.827439,201651.102113,59.618870,200050.783922,97.488616,647.772727,-22.280727,648.424742,-142.540771,649.257778,59.933405,-0.010977,1,0
19.000000,-60.286588,200681.580327,179.656363,200074.630345,59.615923,201236.040526,97.558458,653.138463,-22.467887,648.732249,-142.643243,642.664054,59.941180,-0.008822,1,0
19.033000,-60.348664,200907.211563,179.483750,202347.000575,59.793269,201839.923413,97.729556,647.097326,-22.198303,642.193858,-142.288934,649.443034,59.937393,-0.017038,1,0
19.067000,-60.506113,202421.599794,179.702435,204343.621870,59.797760,202310.912993,97.506822,643.693642,-21.961117,652.385356,-142.258176,641.465764,59.933156,-0.008257,1,0
19.100000,-60.171893,202075.647769,179.665131,201732.634109,59.623260,200969.558155,97.884669,652.389319,-22.435883,642.999789,-142.535310,635.194113,59.938456,0.006589,1,0
19.133000,-60.347198,202702.032787,179.478132,202549.688362,59.677617,203527.389076,97.262784,649.594906,-22.904657,651.255021,-142.290924,646.764684,59.943762,0.007405,1,0
19.167000,-60.290382,202153.524161,179.898047,203247.707209,59.499400,199220.604485,97.679213,647.722353,-22.403596,644.536389,-142.498111,650.383214,59.941294,0.004266,1,0
19.200000,-60.385368,201364.384321,179.540851,202314.004767,59.513606,202627.588958,97.510097,647.205099,-22.027381,646.337645,-142.688323,648.554017,59.946791,0.000093,1,0
19.233000,-60.464884,201006.487375,179.655167,200974.588209,59.637762,202424.542294,97.837211,648.377443,-22.176265,648.068425,-142.421517,653.902671,59.943524,-0.006719,1,0
19.267000,-60.404647,200333.086808,179.685363,204111.142094,59.556672,201200.869144,97.499417,647.580156,-22.415303,650.375386,-142.530066,651.558640,59.949612,0.006329,1,0
19.300000,-60.363962,202706.212860,179.789531,202417.021968,59.670100,201977.973145,97.511998,646.902824,-22.247002,649.513913,-142.268793,648.631496,59.947832,-0.008603,1,0
19.333000,-60.403593,202633.385845,179.468227,204371.279165,59.512105,203167.689965,97.497645,654.681309,-22.773377,649.848855,-142.599096,653.624866,59.952794,0.001659,1,0
19.367000,-60.328265,203323.780781,179.488695,202724.748866,59.697182,203034.371469,97.752522,652.473252,-22.214202,643.553717,-142.420580,651.664013,59.944229,-0.000190,1,0
19.400000,-60.227411,201832.540572,179.759056,203065.846807,59.508683,201136.112583,97.997070,650.788252,-22.290234,649.300204,-142.603222,648.689469,59.943830,0.000834,1,0
19.433000,-60.219305,201581.935596,179.638336,203140.030401,59.704516,202054.314014,97.575856,650.218972,-22.402211,650.134738,-142.199161,644.770784,59.946219,0.001100,1,0
19.467000,-60.379612,203594.681303,179.756946,202782.630219,59.536218,200893.053890,97.559959,655.116207,-22.375210,651.437345,-142.626721,649.874640,59.951044,-0.002751,1,0
19.500000,-60.328234,202235.336637,179.522379,202634.366478,59.571293,202604.569163,97.864191,655.995966,-22.667602,650.544457,-142.540347,647.493838,59.954116,0.007235,1,0
19.533000,-60.366353,203366.027382,179.495329,202383.301609,59.751284,203145.067198,97.728928,649.208050,-22.270912,645.052258,-142.370886,658.051783,59.948513,-0.009491,1,0
19.567000,-60.215244,202336.735108,179.634288,202065.154273,59.547452,201045.576740,98.019351,648.600193,-22.323434,649.745011,-142.545760,647.715194,59.947179,-0.010493,1,0
19.600000,-60.391990,202389.903290,179.647937,204001.233183,59.571792,201460.754540,97.685914,644.664055,-22.345486,647.523327,-142.431923,648.223587,59.954254,0.002668,1,0
19.633000,-60.560335,202824.349734,179.596096,203931.459589,59.642896,202875.274537,97.420827,650.490293,-22.369365,652.289356,-142.530793,648.511283,59.952040,-0.006976,1,0
19.667000,-60.500979,203352.132508,179.406718,203674.716760,59.462218,203607.329802,97.569177,649.318200,-22.875124,641.034482,-142.355093,650.962990,59.948970,0.010471,1,0
19.700000,-60.647098,203991.943077,179.581047,203806.741419,59.442593,202066.971530,97.565601,651.934398,-22.161448,648.247391,-142.883754,650.525195,59.953509,0.004767,1,0
19.733000,-60.504632,202069.596975,179.486817,202586.762140,59.560107,202222.811999,97.519226,654.447007,-22.454164,652.664326,-142.241441,652.722000,59.954521,0.012325,1,0
19.767000,-60.343793,202105.035270,179.554882,202223.741052,59.605463,201223.289031,97.624159,649.184176,-22.440607,647.180157,-142.312937,646.257471,59.959368,-0.001522,1,0
19.800000,-60.718731,202291.304363,179.571331,201983.659079,59.667386,202930.492140,97.459225,653.250273,-22.365416,650.003374,-142.356149,648.753084,59.958196,-0.000256,1,0
19.833000,-60.352816,201951.271031,179.522161,202070.945462,59.525477,203263.852275,97.559634,651.401047,-22.698061,647.579651,-142.439872,649.833091,59.939825,-0.001758,1,0
19.867000,-60.496467,202280.168820,179.465605,205600.300014,59.706064,201319.129994,97.595591,645.047809,-22.653849,647.063895,-142.007078,646.267732,59.958496,-0.004220,1,0
19.900000,-60.392522,202338.708802,179.694296,201999.120946,59.367010,202838.636946,97.595636,646.867664,-22.245805,653.334228,-142.639026,650.387489,59.959133,-0.002560,1,0
19.933000,-60.510988,204451.450684,179.511405,203197.482489,59.643380,201419.015316,97.419606,651.691113,-22.615231,648.957252,-142.633742,654.077865,59.951413,0.000387,1,0
19.967000,-60.445788,204243.386902,179.594353,203528.871371,59.582349,201463.445811,97.793258,650.179431,-22.752965,647.212520,-142.295097,651.729493,59.946316,-0.001374,1,0
20.000000,-60.594183,203073.715095,179.716843,204315.700413,59.536118,203022.093265,97.681518,654.472514,-22.205750,645.349501,-142.531784,655.386747,59.959585,0.009689,1,0
20.033000,-60.477068,203643.404547,179.729501,202933.653967,59.726180,202662.142706,97.436096,655.311944,-22.185705,648.581642,-142.089230,646.151334,59.951738,-0.009078,1,0
20.067000,-60.353144,204286.823697,179.653197,201375.443134,59.611274,201684.940195,97.821990,647.061009,-22.194777,647.546885,-142.304400,649.399478,59.949582,0.005993,1,0
20.100000,-60.421192,203754.000576,179.535011,202360.074091,59.776935,202610.595605,97.644291,653.434919,-22.505123,650.780750,-142.252241,650.617635,59.954968,0.002183,1,0
20.133000,-60.237400,204487.705557,179.621169,203751.349666,59.636996,202943.671595,97.736737,650.410431,-22.496551,653.019498,-142.563771,648.998802,59.952321,0.004113,1,0
20.167000,-60.208482,204517.234756,179.665837,204099.500845,59.838048,202640.906107,97.540805,643.336923,-22.481738,647.428663,-141.967960,649.506943,59.951426,0.003951,1,0
20.200000,-60.496042,202022.592542,179.573796,204130.411881,59.606282,201320.822509,97.507305,646.323608,-22.369238,645.395142,-142.379408,650.483718,59.966554,-0.009922,1,0
20.233000,-60.229634,203443.194492,179.746646,202101.290641,59.784631,203756.940299,97.687088,654.438249,-22.321585,645.189969,-142.106435,644.548375,59.959800,-0.001304,1,0
20.267000,-60.327595,203380.040930,179.554615,202279.785212,59.574963,204401.834423,97.635446,655.352736,-22.686932,647.993393,-142.649060,653.027731,59.952929,0.003812,1,0
20.300000,-60.408444,204416.872544,179.590629,203074.132884,59.618004,202571.540746,97.582318,643.566020,-22.305719,650.808161,-142.365725,654.439530,59.963021,0.006423,1,0
20.333000,-60.272959,204471.949596,179.700215,201798.335778,59.736226,202629.604701,97.588952,654.041561,-22.209618,651.566987,-142.272931,653.192774,59.961290,0.005303,1,0
20.367000,-60.297458,205986.617022,179.545732,204901.030715,59.585955,203718.615470,97.585885,657.766480,-22.454770,656.184771,-142.290725,660.503410,59.963776,-0.003330,1,0
20.400000,-60.489733,202065.612759,179.574572,202691.055688,59.633347,205267.123780,97.818419,650.749305,-22.600209,658.459270,-142.437331,656.262213,59.961209,-0.010524,1,0
20.433000,-60.414021,202231.446807,179.518827,203400.875753,59.633597,201473.408973,97.504157,654.409216,-22.411991,656.725879,-142.155216,660.874882,59.953444,0.018540,1,0
20.467000,-60.467266,203677.976292,179.637485,204626.189753,59.386681,203487.095212,97.625630,660.894145,-22.589613,657.622745,-142.829314,656.560283,59.958664,-0.015665,1,0
20.500000,-60.421373,201579.285792,179.653227,203431.415358,59.435215,203623.598133,97.374942,655.169147,-22.536375,659.491080,-142.624069,654.294359,59.961572,0.005153,1,0
20.533000,-60.274787,203204.744337,179.774310,204637.498284,59.583786,202858.560059,97.825140,652.228628,-22.010196,650.267592,-142.593126,656.425368,59.954681,-0.010058,1,0
20.567000,-60.270408,203555.426169,179.696508,204327.973505,59.614378,203060.969638,98.077604,654.513015,-22.280443,655.778451,-142.447361,653.150486,59.954917,-0.009085,1,0
20.600000,-60.307582,203012.051998,179.503093,202216.141061,59.580917,201250.344731,97.456480,656.248315,-22.444706,653.657078,-142.425171,658.000205,59.962277,-0.002085,1,0
20.633000,-60.258293,205567.232236,179.551980,204926.508630,59.522894,204587.939110,97.790757,643.904683,-22.618714,648.143209,-142.137365,651.825046,59.961184,0.011124,1,0
20.667000,-60.391881,204267.931773,179.574273,204079.502311,59.433442,202459.070145,97.901369,659.636326,-22.378017,652.212268,-142.743657,649.535058,59.954115,-0.002596,1,0
20.700000,-60.546192,204469.125859,179.402123,203575.645563,59.511144,204968.653998,97.798836,644.840579,-22.539051,648.580706,-142.453102,652.409994,59.956603,-0.009463,1,0
20.733000,-60.581350,203634.944710,179.413300,205314.196010,59.787555,202529.274984,97.544717,647.713898,-22.868690,652.985370,-142.157292,646.582907,59.953851,-0.004831,1,0
20.767000,-60.297392,203772.391334,179.622177,204673.908676,59.544351,202956.673296,98.048705,649.308817,-22.212761,650.399833,-142.138577,651.310613,59.964064,0.003783,1,0
20.800000,-60.410892,203489.210326,179.534643,202633.137033,59.498976,203088.003181,97.252809,644.735319,-22.401628,650.333002,-142.065782,643.264788,59.963881,0.004979,1,0
20.833000,-60.277844,204472.029443,179.613265,205275.849929,59.755152,202132.713838,98.108006,641.578797,-22.190308,649.646311,-142.382102,647.361613,59.958293,-0.000866,1,0
20.867000,-60.466152,204927.824278,179.592334,201933.388890,59.567881,202088.087058,97.687068,647.884872,-22.369240,648.038125,-142.431583,640.510261,59.960397,0.016947,1,0
20.900000,-60.566152,202369.328093,179.508067,202902.414239,59.492701,202800.026660,97.555127,645.280518,-22.667519,649.227900,-142.528066,647.461071,59.961382,-0.010892,1,0
20.933000,-60.313907,202340.246644,179.607808,203550.832033,59.492220,204080.475592,97.725202,647.092372,-22.452766,642.647796,-142.569600,650.046940,59.969733,0.009202,1,0
20.967000,-60.450395,202599.325231,179.534455,205131.072359,59.398837,202432.130123,97.488399,644.940016,-22.433419,640.450842,-142.744716,650.336656,59.966408,-0.005759,1,0
21.000000,-60.367827,204703.590784,179.294547,203939.208766,59.403201,202683.207646,97.802700,638.311260,-22.724798,644.946183,-142.242798,646.216322,59.972239,0.003692,1,0
21.033000,-60.779029,203580.820745,179.421006,202491.366151,59.407713,203462.119317,97.124973,653.834094,-22.815608,650.788608,-142.624999,650.437694,59.964437,0.004269,1,0
21.067000,-60.565665,204889.249581,179.643126,203728.010997,59.625645,203271.287732,97.411058,657.168507,-22.372448,641.140185,-142.133558,645.616015,59.956591,0.000555,1,0
21.100000,-60.427784,204043.855811,179.491931,202332.056892,59.392821,202551.566015,97.290444,646.918399,-22.259948,652.107886,-142.464175,645.589606,59.965795,-0.000012,1,0
21.133000,-60.578811,203766.924350,179.392309,203863.969886,59.441802,202523.082569,97.182587,647.913725,-22.647969,646.750223,-142.334976,654.633655,59.971126,0.008007,1,0
21.167000,-60.341847,202861.577928,179.449732,201786.926815,59.656589,202858.030128,97.520834,648.427374,-22.911873,647.919042,-142.807362,646.420870,59.965846,0.001532,1,0
21.200000,-60.408431,204290.076627,179.391074,203143.351648,59.477582,203144.870069,97.496037,645.627407,-22.740016,649.633196,-142.395802,646.926584,59.963199,0.014654,1,0
21.233000,-60.458377,204119.913536,179.634753,203992.182921,59.623789,204721.923837,97.376511,643.479951,-22.653088,649.048312,-142.846211,641.019814,59.958925,-0.003310,1,0
21.267000,-60.180000,204852.253925,179.512285,203432.762071,59.662605,202942.006200,97.678070,649.627810,-22.669313,643.353989,-142.335998,651.500965,59.959414,0.008330,1,0
21.300000,-60.323795,205597.287257,179.687028,203804.216019,59.514253,204066.894836,97.734893,648.537903,-22.418992,644.680225,-142.286399,641.490706,59.961926,-0.003019,1,0
21.333000,-60.432332,204239.094235,179.549546,205460.926031,59.604459,202445.285192,97.546581,650.684975,-22.628988,641.460527,-142.482608,645.429872,59.959480,-0.007379,1,0
21.367000,-60.351615,202350.102974,179.351144,203807.555849,59.664229,201100.499484,97.587197,652.260064,-22.503741,652.798475,-142.165488,653.588908,59.969261,0.014576,1,0
21.400000,-60.588683,202632.342299,179.569547,203948.231601,59.447191,202448.594369,97.242760,649.852984,-22.524299,655.783289,-142.504074,650.107419,59.959787,0.005355,1,0
21.433000,-60.663667,203101.778521,179.475824,202843.719225,59.654505,203660.597792,97.303027,648.227774,-22.466287,650.270412,-142.265527,649.475305,59.951991,0.003620,1,0
21.467000,-60.499974,202660.740956,179.476189,203748.135185,59.504702,201141.093188,97.322643,646.465884,-22.417826,648.564041,-142.571622,650.994852,59.958464,0.001139,1,0
21.500000,-60.454188,204041.797604,179.555000,202389.053918,59.256291,201641.162208,97.391799,652.483558,-22.507028,652.147796,-142.831356,643.653770,59.960511,-0.006343,1,0
21.533000,-60.571183,203377.329127,179.636462,203013.714739,59.474780,202043.980208,97.811096,654.003486,-22.246233,653.057296,-142.026431,652.612697,59.961936,0.002081,1,0
21.567000,-60.461434,203957.760656,179.585951,204495.082201,59.495503,200873.260869,97.578246,640.024682,-22.372019,647.178714,-142.624391,654.515498,59.949485,0.002381,1,0
21.600000,-60.489900,204014.257058,179.627396,201896.698584,59.570915,202343.345226,97.352684,649.146605,-22.331640,647.011065,-142.230120,649.032892,59.961015,-0.004411,1,0
21.633000,-60.339516,204126.635740,179.407496,203436.066257,59.361772,202556.619203,97.519392,647.209924,-22.477151,647.131198,-142.368878,651.890590,59.959373,-0.002937,1,0
21.667000,-60.611699,202796.265901,179.558024,203391.066012,59.394829,201515.617876,97.628763,653.223035,-22.822298,642.152223,-142.466329,647.897398,59.955991,0.005989,1,0
21.700000,-60.556252,202977.958879,179.499148,204629.301565,59.405143,202274.751841,97.484082,643.630300,-22.439435,644.872385,-142.459692,649.664380,59.968557,-0.004912,1,0
21.733000,-60.357832,203573.506190,179.628656,202355.851066,59.640498,200900.115740,97.671281,651.569174,-22.522685,650.462218,-142.299716,646.721838,59.958840,0.009086,1,0
21.767000,-60.615566,202256.427212,179.629710,203330.787172,59.278381,203839.077581,97.280144,653.174079,-22.305881,655.183870,-142.578540,645.665692,59.960297,0.003156,1,0
21.800000,-60.481617,202978.654033,179.553266,203485.660244,59.459409,202859.178379,97.612579,645.206205,-22.647889,645.713770,-142.763701,639.977657,59.957603,-0.000059,1,0
21.833000,-60.479660,202728.964764,179.358582,201669.191601,59.650196,202405.488430,97.941190,654.610396,-22.581848,652.041653,-142.289357,649.574296,59.954733,-0.004659,1,0
21.867000,-60.451641,204464.140936,179.469805,202474.122512,59.633627,202911.441597,97.189799,650.821472,-22.134718,651.027528,-141.969925,647.785523,59.957648,-0.002176,1,0
21.900000,-60.361687,203439.797233,179.599577,204131.516643,59.632454,202352.196629,97.709652,649.619910,-22.346337,650.975739,-142.461073,644.183029,59.950982,-0.005698,1,0
21.933000,-60.440216,202733.587415,179.434123,202719.739950,59.488177,203361.380226,97.692044,650.534575,-22.167925,652.866862,-142.644738,643.693152,59.959339,0.009841,1,0
21.967000,-60.484171,203693.461107,179.737093,203032.087214,59.655353,202763.404610,97.570015,645.738426,-22.215926,655.211312,-142.322608,649.848306,59.953424,0.009595,1,0
22.000000,-60.445931,202168.660362,179.542358,202156.695556,59.585852,201760.906140,97.740962,656.863946,-22.366159,648.903719,-141.916413,657.672707,59.953298,-0.006764,1,0
22.033000,-60.498202,204517.217525,179.485742,203034.483584,59.416439,201085.160186,97.151721,656.303897,-22.529172,648.210454,-142.590290,655.682297,59.957475,0.009456,1,0
22.067000,-60.517280,202598.036206,179.579747,203711.342142,59.536736,200677.671932,97.697095,650.112724,-22.744644,647.530576,-142.387122,652.656727,59.957489,0.001239,1,0
22.100000,-60.419864,202491.583867,179.388554,203767.476328,59.498095,203014.866122,97.585673,653.428480,-22.456266,648.820903,-142.346496,652.688908,59.952890,0.002570,1,0
22.133000,-60.520238,202723.957995,179.704336,201646.231107,59.553968,202011.413883,97.510643,652.724001,-22.044181,653.993779,-142.534515,656.128827,59.953957,0.008941,1,0
22.167000,-60.256592,205042.222238,179.665115,202375.470918,59.799344,202819.754789,97.805271,647.932022,-22.599953,653.767569,-142.531725,650.725704,59.965030,0.009390,1,0
22.200000,-60.597766,202152.865068,179.447601,203168.606832,59.683962,203120.084678,97.527683,658.212196,-22.599870,650.616417,-142.452962,654.752169,59.961065,0.010253,1,0
22.233000,-60.454766,203778.508635,179.672871,203925.227613,59.687680,201264.401623,97.826720,651.969744,-22.366536,653.421793,-142.104481,653.862883,59.958099,-0.014195,1,0
22.267000,-60.207425,203639.745493,179.606457,203319.209568,59.869679,202303.076403,97.832083,649.310187,-22.369205,655.953635,-142.359778,650.515801,59.965858,0.016654,1,0
22.300000,-60.317235,203386.659323,179.705714,202929.013938,59.730540,201685.745880,97.769970,652.711796,-22.474295,646.393915,-142.283888,650.489484,59.957414,-0.004882,1,0
22.333000,-60.304953,203962.179062,179.730476,204736.203426,59.687202,201908.882454,97.685011,652.643658,-22.304858,656.879144,-142.399279,642.388714,59.962504,0.007905,1,0
22.367000,-60.297851,204722.683634,179.690221,202768.698574,59.725841,201209.753623,97.866113,648.703403,-22.367391,655.670920,-142.296256,647.999896,59.963231,0.007370,1,0
22.400000,-60.010266,200821.161017,179.849304,203015.057158,59.813985,202277.864255,98.234399,648.836005,-22.245686,645.521131,-142.009560,648.418412,59.960664,0.005067,1,0
22.433000,-60.394489,203721.540676,-179.917706,203189.982397,59.762561,200490.815264,97.635307,652.704939,-22.061125,655.185574,-142.374721,650.207870,59.971043,0.001327,1,0
22.467000,-60.321211,202643.284344,179.758459,202200.837208,59.711365,203388.235945,97.966242,649.059029,-22.065830,650.306996,-142.434066,643.623107,59.968477,-0.011422,1,0
22.500000,-60.168379,203464.749078,-179.956884,202214.365601,59.926442,201701.937892,97.545486,648.884010,-22.076464,646.236449,-141.785139,651.204060,59.953554,-0.001429,1,0
22.533000,-60.282335,201814.107955,179.857155,204023.687892,59.876493,201606.130633,97.548983,650.122592,-22.095420,656.565432,-142.115300,651.132032,59.963894,0.006651,1,0
22.567000,-60.248974,201724.579362,179.911416,201811.904994,59.747960,203053.938361,97.428336,647.172483,-22.075137,647.782785,-142.145829,654.815156,59.959505,-0.005172,1,0
22.600000,-60.186974,201709.034646,179.755027,201820.827132,59.809327,201676.912754,97.787915,652.101400,-22.240662,646.538572,-142.220208,651.900722,59.956545,-0.008076,1,0
22.633000,-60.277817,202317.856980,179.822799,203705.497608,59.726427,201630.199774,97.742931,651.864624,-21.990500,650.539971,-142.437982,647.987199,59.950371,0.002865,1,0
22.667000,-60.076999,202501.115558,179.712971,200433.395906,59.794040,203228.910936,97.935776,643.938204,-22.196415,649.012010,-142.373239,643.286202,59.963972,0.011484,1,0
22.700000,-60.216666,203538.924711,179.654005,202790.707651,59.800014,201284.381598,97.993144,638.267647,-22.451331,654.140934,-142.236933,651.414315,59.963233,0.010518,1,0
22.733000,-60.230025,201412.904972,179.741420,201791.969453,59.685756,201115.220865,97.836947,647.689524,-22.355935,654.886708,-142.109811,652.510470,59.967045,-0.003058,1,0
22.767000,-60.306040,202166.436847,179.959024,201287.981277,59.709946,202032.046479,97.973530,651.781763,-21.856743,655.397418,-142.051500,652.833334,59.961817,0.005064,1,0
22.800000,-60.037135,202578.956244,179.859173,201630.670622,59.872010,201795.446045,97.544178,648.860083,-22.218678,650.993099,-142.034339,653.031438,59.963015,-0.007529,1,0
22.833000,-60.028337,202664.429596,179.734781,203984.212712,59.996798,201056.284321,98.084996,654.516854,-22.187476,656.921787,-141.928669,649.274601,59.969042,-0.006406,1,0
22.867000,-60.287844,203109.963990,179.705881,203111.978521,59.945370,201263.134560,97.698746,651.886524,-22.495793,659.816152,-141.952026,655.807443,59.965228,0.005013,1,0
22.900000,-60.211532,201314.188232,179.721028,202025.638926,59.728446,203149.152504,98.166238,660.722339,-22.344570,656.196479,-142.478264,660.985302,59.971259,0.011084,1,0
22.933000,-60.100473,203256.889366,179.796385,202022.427675,59.769922,203125.194099,97.813026,658.992746,-22.149378,664.082294,-142.131726,657.648192,59.965681,0.003491,1,0
22.967000,-60.173676,202473.993499,179.850389,202101.494330,59.709723,202824.313457,97.651750,659.302264,-22.242162,661.077936,-142.233044,661.005558,59.968528,0.000055,1,0
23.000000,-60.193493,202515.184091,179.723334,202358.496305,59.837753,202550.283959,97.912991,667.334608,-22.334508,658.626296,-142.322275,665.874862,59.965258,0.001965,1,0
23.033000,-60.310438,203697.855222,179.763708,202163.076237,59.757460,203836.572238,97.603233,658.458179,-22.265905,656.941978,-142.227908,662.415583,59.964862,0.006029,1,0
23.067000,-60.241556,202421.251187,179.766082,201947.950779,59.902302,202427.001931,97.755374,654.047903,-22.426321,659.338725,-142.330486,662.736764,59.960127,-0.006365,1,0
23.100000,-60.284883,202440.508242,179.784516,203739.131414,59.836218,201779.943667,97.746116,655.990730,-22.042400,660.577080,-142.240287,662.584198,59.964547,-0.004052,1,0
23.133000,-60.111543,202166.972534,179.721877,203435.353533,59.909324,202324.642029,97.997325,656.515982,-22.298746,656.905176,-141.997718,654.553434,59.957690,0.007411,1,0
23.167000,-60.199505,201489.041903,179.816821,203498.395382,59.665462,203441.882282,97.504160,657.978200,-22.425810,648.072902,-142.422360,657.010059,59.949559,0.010708,1,0
23.200000,-60.197885,203586.193146,179.696352,202373.597016,59.633945,201810.979327,97.780047,663.209307,-22.222881,657.393876,-142.395725,657.114612,59.955364,-0.002024,1,0
23.233000,-60.031975,203758.382238,179.815455,203393.783395,59.839676,201802.633653,97.469485,651.255876,-22.326552,657.883899,-141.937481,651.351524,59.960522,-0.006000,1,0
23.267000,-60.270408,203692.110079,179.847351,203470.926952,59.712525,202052.557311,97.691308,654.539749,-22.118972,658.872651,-142.379393,652.074900,59.965216,-0.001989,1,0
23.300000,-60.307777,204330.209099,179.872576,203572.383668,59.609759,202589.976963,97.790200,660.226675,-22.205664,656.355114,-142.471798,654.209198,59.961371,0.002426,1,0
23.333000,-60.313688,202163.907379,179.834561,203474.970070,59.849614,202655.782581,97.741781,655.991901,-22.442432,662.906461,-142.087752,651.949662,59.963725,0.000349,1,0
23.367000,-60.184904,203670.664335,179.763598,203740.996772,59.807621,203105.792018,98.141482,662.134890,-22.168482,664.129347,-142.260811,659.786405,59.958021,-0.004286,1,0
23.400000,-60.287791,202828.041426,179.649704,203943.457632,59.879958,203027.127927,97.831187,664.684777,-22.171381,663.345173,-142.419557,657.551035,59.956668,0.003271,1,0
23.433000,-60.193693,205020.151617,179.668191,204325.099382,59.881594,202561.511901,98.078866,670.709284,-22.321394,660.961450,-142.138820,659.113872,59.946925,0.002571,1,0
23.467000,-60.104460,203299.629119,179.876262,202026.122955,60.031195,202789.179576,97.848233,661.921026,-22.112639,660.276533,-142.094684,661.715566,59.961334,-0.003090,1,0
23.500000,-60.061761,203366.478296,179.808138,203425.169020,60.066173,203511.870970,97.811126,661.030058,-22.138037,662.150434,-142.041242,659.184898,59.960335,0.002031,1,0
23.533000,-60.252922,203002.353978,179.627090,202977.495949,59.724418,202465.897626,97.813601,667.786955,-22.330205,659.577767,-142.136492,667.756584,59.962049,0.006760,1,0
23.567000,-60.200909,203796.885981,179.735677,203331.908740,59.854991,204101.928262,97.600564,658.375886,-22.274916,660.124089,-142.193945,661.413120,59.955472,0.002924,1,0
23.600000,-60.077507,202666.765401,179.796442,203074.825788,59.539431,203285.824054,97.963188,663.142310,-22.076425,658.256812,-142.632019,666.342723,59.957430,0.001923,1,0
23.633000,-60.292375,201365.140691,179.737255,203357.058737,59.711941,203137.547182,97.744917,666.326058,-22.352864,668.797033,-142.141672,663.164500,59.952592,-0.005261,1,0
23.667000,-60.097862,203455.386985,179.708566,204007.421411,59.731667,202668.460895,97.837473,661.526971,-22.541274,657.527208,-142.487046,663.494942,59.955411,-0.002815,1,0
23.700000,-60.055001,202915.862353,179.788941,202700.670580,59.770618,203548.637094,97.697766,671.297225,-22.275138,661.704003,-142.662955,663.969306,59.949756,-0.005446,1,0
23.733000,-60.361703,203270.692435,179.682168,203126.186473,59.891165,202514.823069,97.697852,664.152845,-22.420918,667.641472,-142.176677,663.701064,59.948754,-0.002236,1,0
23.767000,-60.208191,202909.797747,179.718646,203243.066729,59.674569,202301.388426,97.788583,670.814380,-22.227630,666.235652,-142.533388,663.549892,59.954912,0.000681,1,0
23.800000,-60.138356,201842.634034,179.840695,201245.670141,59.968285,203537.025160,98.033296,662.198019,-21.791254,668.407408,-142.059105,668.904317,59.946700,0.006189,1,0
23.833000,-60.333188,201937.468616,179.699207,204092.677049,59.779838,202534.431176,97.412700,661.493986,-22.374781,667.311613,-141.948847,667.616161,59.955629,0.005440,1,0
23.867000,-60.138435,203924.923639,179.566797,202198.672550,59.704838,204004.963316,97.856932,670.024216,-22.555995,662.831125,-142.346471,666.747047,59.952917,-0.009519,1,0
23.900000,-60.318740,203092.750826,179.688464,203031.811559,59.797537,201420.283845,98.093425,661.817516,-22.295492,663.040868,-142.282243,670.097844,59.952440,0.005548,1,0
23.933000,-60.386999,203820.724422,179.866002,202598.425141,59.822600,202634.528471,97.831045,669.839182,-22.127741,668.506186,-142.261071,664.199448,59.963357,-0.003199,1,0
23.967000,-60.517669,203990.421543,179.820936,204178.988245,59.784204,203423.894012,97.367373,665.402857,-22.117454,658.124481,-142.524300,660.374032,59.962725,-0.001186,1,0
24.000000,-60.253403,201788.523662,179.727945,201933.839352,59.724926,202780.685196,97.650185,664.737149,-22.327181,663.042096,-142.577220,665.629845,59.955425,-0.004185,1,0
24.033000,-60.229840,200663.471087,179.863477,202088.430862,59.576475,203315.719008,97.704119,660.160177,-22.244864,655.529735,-142.573250,659.635911,59.955205,-0.004169,1,0
24.067000,-60.016254,203145.146066,179.798481,202037.758404,59.687111,203258.594602,98.126610,658.220362,-22.094887,661.304914,-142.130655,661.052688,59.953267,0.001801,1,0
24.100000,-60.129205,203986.069725,179.681803,203742.261035,59.766527,203211.770619,97.712137,661.080085,-22.298276,664.296516,-142.116145,659.290131,59.942853,-0.002032,1,0
24.133000,-60.310153,199978.935502,179.923491,200319.745760,59.773463,200534.160531,97.419280,660.452889,-22.124878,658.032288,-142.314489,662.990504,59.938534,-0.000089,1,0
24.167000,-60.208713,200210.859043,179.612503,201301.239101,59.704584,202759.238351,98.126211,660.952185,-22.428739,657.830049,-142.190764,662.397981,59.948468,0.002315,1,0
24.200000,-60.271646,204452.318731,179.956160,203414.486434,59.809988,202580.526649,97.490273,667.345964,-21.839095,661.972207,-142.191270,665.617762,59.949413,0.001481,1,0
24.233000,-60.339393,203509.752644,179.711614,201675.028222,59.683513,201872.947759,97.824142,660.350382,-22.438008,659.942666,-142.262904,662.684829,59.948375,-0.000696,1,0
24.267000,-60.406766,202354.592878,179.780738,204893.482250,59.636659,204031.893651,97.745545,658.660565,-22.067050,660.118356,-142.233424,654.139260,59.953600,-0.007733,1,0
24.300000,-60.247451,201260.117485,179.641474,204699.741583,59.669468,201750.452670,97.650147,668.005355,-22.673108,660.394009,-142.415663,660.846107,59.951948,0.001576,1,0
24.333000,-60.322457,203730.379439,179.640297,203601.552370,59.726789,202721.088502,97.701116,663.280751,-22.222723,665.337735,-142.211093,661.861045,59.960830,0.004384,1,0
24.367000,-60.256006,203130.161745,179.911480,202462.175838,59.897876,202996.595854,98.043591,664.864871,-21.722803,662.744481,-142.105662,661.026529,59.964713,0.002907,1,0
24.400000,-60.346821,203896.726222,179.591084,203263.209429,59.675427,203576.821626,97.530996,660.224114,-22.404254,667.481984,-142.227498,663.522281,59.960780,-0.009476,1,0
24.433000,-60.263977,202537.501701,179.641789,202991.957120,60.006932,200975.335760,97.569317,658.414553,-22.240853,669.912288,-141.994586,659.876708,59.962405,-0.000121,1,0
24.467000,-60.368206,202214.402589,179.711287,202772.474319,59.657681,204503.588982,97.552279,663.488787,-22.394577,665.745129,-142.444725,660.740354,59.961466,-0.006152,1,0
24.500000,-60.347038,204476.163868,179.694850,203453.454170,59.706260,204593.324860,97.658766,660.415475,-22.400242,658.967837,-142.038230,668.535167,59.952388,0.012208,1,0
24.533000,-60.058173,203110.113127,179.726241,203907.909010,59.698832,202859.782103,97.481589,662.608798,-22.194889,666.855861,-142.272368,664.010368,59.952778,0.003143,1,0
24.567000,-60.223242,203565.629828,179.756597,202947.238706,59.740366,204706.849751,97.815671,662.525231,-22.114579,661.202130,-142.301455,663.003895,59.953845,-0.005296,1,0
24.600000,-60.364834,202666.946273,179.681840,203791.195881,59.667014,203243.778220,97.602710,663.028898,-22.588989,665.408592,-142.148720,670.056399,59.957774,0.005909,1,0
24.633000,-60.264214,202766.499045,179.747236,204928.580568,59.800500,202602.597241,97.574486,655.742564,-22.005960,662.405584,-142.290641,660.821013,59.955792,-0.009835,1,0
24.667000,-60.019775,203346.197860,179.643143,204729.199427,59.800314,203125.452704,98.308398,664.342826,-22.280805,665.365453,-142.382561,670.243204,59.951524,-0.006901,1,0
24.700000,-60.244889,201989.305510,179.719664,203455.235381,59.926772,203338.929332,97.635810,668.281827,-22.287746,664.269192,-142.022636,665.009094,59.951242,-0.000018,1,0
24.733000,-60.065126,204012.950958,179.731406,204554.410210,59.662712,204130.063756,98.186341,665.058844,-22.335692,663.062774,-142.371948,662.340726,59.959839,0.000877,1,0
24.767000,-60.287726,203297.588108,179.859378,203021.971557,59.870748,202691.044553,97.874537,662.626922,-22.261519,668.643427,-142.112614,666.105114,59.957460,-0.004141,1,0
24.800000,-60.308303,203432.429966,179.772299,202640.766792,60.045179,202815.375951,97.512113,663.567193,-22.313602,667.115079,-141.919353,664.284164,59.949680,0.001482,1,0
24.833000,-60.259244,203298.747957,179.903395,202187.208553,59.783085,203135.805512,97.690085,658.701823,-22.256040,665.166104,-142.414168,667.965972,59.953398,0.000657,1,0
24.867000,-60.154658,202859.111394,179.885346,204029.794407,59.809650,203140.430361,98.076909,661.280973,-21.801662,663.944953,-142.328420,662.822902,59.958863,0.002364,1,0
24.900000,-60.123835,204061.007099,179.742817,203018.250380,59.710273,202880.529244,97.860692,667.866541,-22.531657,660.042657,-142.358720,663.706273,59.955952,-0.003658,1,0
24.933000,-60.025981,203781.644688,179.943878,203849.262966,59.855444,202379.326043,98.130323,663.877123,-21.940284,666.150034,-142.016698,669.242951,59.961899,-0.010653,1,0
24.967000,-60.064161,203345.920131,179.840501,203135.347075,59.885300,203731.139568,97.716904,665.672343,-22.388844,662.994310,-142.082692,671.970235,59.965338,-0.000652,1,0
25.000000,-60.182560,202172.396903,179.831867,201160.789394,59.944243,201746.672478,97.852391,663.209322,-22.264539,667.013825,-141.681917,671.054576,59.964660,0.007424,1,0
25.033000,-60.062449,204863.180744,179.691591,202398.492309,59.761744,202481.593651,97.960293,659.849380,-22.361229,666.877353,-142.282242,668.087449,59.957529,-0.008551,1,0
25.067000,-60.221233,203270.779147,179.941856,203209.546396,60.027181,200997.417615,97.615060,663.868239,-22.047717,666.793656,-141.676473,665.676574,59.965704,-0.002870,1,0
25.100000,-60.095291,203335.283960,179.998832,203455.143078,60.039715,201891.138359,98.185584,663.692242,-21.725648,667.095917,-141.875713,659.213846,59.965379,0.003592,1,0
25.133000,-60.098290,204176.165728,179.983727,202497.301785,59.899323,203525.984517,97.751544,660.013422,-22.045722,663.143907,-142.232079,666.288545,59.966342,0.003474,1,0
25.167000,-59.786926,203069.251853,179.967996,203037.948938,59.734477,203530.213473,98.587924,666.387916,-21.884350,664.649816,-142.474289,668.935309,59.961502,-0.013309,1,0
25.200000,-60.130090,204154.207204,179.879846,203126.177742,59.799369,203118.556488,97.786348,660.624756,-22.093945,663.520768,-142.462157,663.943532,59.964009,-0.005720,1,0
25.233000,-60.314882,204157.439101,179.822700,203139.313225,59.912373,201413.756840,97.750475,662.201151,-22.250961,660.939492,-142.084087,663.927792,59.970616,-0.009951,1,0
25.267000,-60.134750,203685.819943,179.938880,204459.886802,59.936238,201735.884972,97.877920,663.830793,-22.127550,664.572667,-141.965067,667.030325,59.966215,-0.015558,1,0
25.300000,-60.168900,203168.524524,179.860409,202340.161988,59.890305,202997.994672,97.930098,655.168332,-22.397218,657.024942,-142.066053,659.414473,59.963921,-0.003259,1,0
25.333000,-60.111145,204288.963122,179.738837,201636.484324,59.994548,202824.609877,97.822288,657.285779,-22.268859,658.355945,-142.347063,664.768225,59.959294,0.000488,1,0
25.367000,-60.013618,203263.721701,179.914297,201953.371654,59.804686,201121.028257,98.396138,659.186998,-22.009247,660.567896,-141.711333,657.030593,59.962078,0.001266,1,0
25.400000,-60.088103,204113.791334,179.851941,202668.475311,59.903765,202420.218186,97.961492,653.801671,-22.048540,659.559426,-142.170570,661.611515,59.961403,-0.000101,1,0
25.433000,-60.188295,202265.441483,179.870972,200365.840134,59.827443,202560.673320,97.918336,660.727586,-22.020617,670.449140,-142.013419,661.611166,59.961820,-0.008381,1,0
25.467000,-60.260137,202656.024269,179.878691,202685.642331,59.836117,200721.322700,97.476268,660.119409,-22.010903,659.432967,-142.047640,648.933158,59.956301,-0.004212,1,0
25.500000,-60.046880,204318.082793,179.679944,202181.962923,59.953385,203960.368261,98.191432,657.991629,-22.100059,663.532380,-142.191024,655.746518,59.949634,-0.009816,1,0
25.533000,-60.124029,201847.982734,179.923098,203179.901760,59.952476,202012.371332,98.345965,659.526085,-22.097364,659.407549,-141.940676,660.746284,59.965440,-0.007226,1,0
25.567000,-60.144251,203317.576554,-179.987802,203230.560781,60.000491,202550.382251,97.748498,666.332969,-22.069756,654.581927,-142.079808,664.847528,59.957856,-0.003559,1,0
25.600000,-60.093177,202339.659563,179.891427,201791.059285,59.687880,202874.972232,97.945758,659.091888,-22.204702,667.238234,-142.696176,662.559484,59.956960,0.004141,1,0
25.633000,-60.146517,204212.246313,179.734483,201824.728872,59.779008,201174.287660,97.866446,663.258329,-22.396004,661.917414,-142.208714,659.118686,59.962911,-0.006827,1,0
25.667000,-60.107258,201477.103387,179.923013,202218.878636,59.912188,201650.831565,97.886792,662.230829,-21.896854,657.031835,-141.955409,659.831344,59.960615,-0.005304,1,0
25.700000,-60.231311,202997.157436,179.858406,202649.439609,59.922824,201413.513763,97.556899,653.782895,-22.146313,654.555187,-142.130963,664.476125,59.964907,-0.011100,1,0
25.733000,-60.238743,203297.068579,179.728524,202010.548968,59.874509,201858.552123,97.636853,653.175099,-22.418715,655.367355,-142.501938,661.133601,59.959339,0.000199,1,0
25.767000,-60.177396,203786.942361,179.638693,202643.828993,59.932831,203196.423014,97.451534,656.207088,-22.052005,655.749738,-142.265090,658.744251,59.959540,0.002779,1,0
25.800000,-60.147812,201696.205456,179.790862,201572.288533,59.906048,201425.795475,97.772489,662.909066,-21.924598,657.468547,-142.110794,657.372744,59.966242,0.002321,1,0
25.833000,-60.117875,202918.418529,179.819336,202314.140543,59.874692,201833.295168,98.008704,665.218416,-22.457385,659.572251,-142.344022,654.641745,59.961108,0.002148,1,0
25.867000,-60.129989,201446.731833,179.870143,204392.137975,59.819801,203039.150102,98.055868,664.457638,-22.166577,664.418042,-142.405593,660.612969,59.966001,-0.012127,1,0
25.900000,-60.054340,202708.586476,179.745135,202094.835312,59.818928,201504.249398,97.749779,654.381572,-22.016440,665.801292,-142.042496,659.015382,59.968109,0.001556,1,0
25.933000,-60.296216,203938.875426,179.749290,202846.523023,59.813516,203565.092126,97.654888,656.336083,-22.461929,666.690194,-142.215937,662.317586,59.965103,-0.000988,1,0
25.967000,-60.111337,204089.362989,179.671800,203838.516756,59.745218,201960.481858,97.781670,658.276041,-22.412992,655.964618,-142.018709,663.869103,59.976360,0.005529,1,0
26.000000,-60.126195,204194.311577,179.794179,203429.850470,59.802682,202800.889315,97.662343,658.566692,-21.996515,655.967278,-142.062935,655.683884,59.974438,-0.002801,1,0
26.033000,-60.069742,201609.101008,179.772490,203308.281696,59.970059,202755.071131,97.740612,670.297230,-22.549789,662.943971,-142.001788,658.277892,59.973635,0.009960,1,0
26.067000,-60.156581,203778.184362,179.869685,204135.819274,59.965446,203249.611406,97.965799,659.501672,-21.891898,662.207204,-142.054189,659.883906,59.973460,0.009444,1,0
26.100000,-60.133605,202464.955786,179.864954,203508.799798,59.966134,201160.313372,97.941262,659.816564,-22.132462,665.078181,-142.080573,663.146100,59.983485,-0.006284,1,0
26.133000,-60.169554,204306.864941,179.909754,202900.096005,59.756549,202347.755667,98.120377,666.687900,-22.084958,663.169452,-142.086992,667.766092,59.972748,0.000548,1,0
26.167000,-59.992944,202118.097915,179.821227,203233.706468,59.771452,203409.142418,97.787682,663.140937,-22.007995,667.394516,-142.273450,659.850006,59.971844,0.003136,1,0
26.200000,-59.984158,202185.890908,179.912234,204035.679801,59.902168,201959.967626,97.930950,658.756664,-21.884359,662.148478,-142.212307,663.421865,59.971928,-0.001384,1,0
26.233000,-60.120784,204959.856527,179.822627,203230.705789,59.940149,202955.461818,97.745337,654.705315,-22.113301,657.686102,-142.244543,661.455168,59.969940,0.010119,1,0
26.267000,-59.971685,202093.463591,-179.948745,202199.175240,60.010075,202375.033727,98.081522,659.451005,-21.783804,658.310293,-141.916523,662.025639,59.979398,-0.000679,1,0
26.300000,-60.045458,201523.041886,-179.992792,202873.975255,60.043297,202987.869322,98.099349,655.717692,-22.386089,654.070183,-141.813145,660.605709,59.973254,0.004734,1,0
26.333000,-60.184771,202330.165367,179.901680,203390.798280,59.945667,203074.251364,97.843106,665.768376,-22.009571,661.973462,-142.376611,661.738179,59.969127,0.006831,1,0
26.367000,-60.210804,204247.501570,-179.931645,204211.720096,59.878568,202697.176152,98.030886,659.613973,-22.001234,662.543035,-142.142116,660.136822,59.966172,-0.004901,1,0
26.400000,-60.125743,203625.980033,-179.978849,203688.623487,59.903467,202527.874529,97.924237,663.262444,-22.156585,661.699472,-142.134016,662.728964,59.969099,0.003117,1,0
26.433000,-60.085299,202811.576763,179.828733,204295.177752,59.979122,203269.599865,97.874062,658.313812,-22.202532,665.722378,-141.984332,663.352650,59.975584,0.013064,1,0
26.467000,-60.212791,203218.378491,-179.914783,202834.303827,59.859762,205249.522673,97.710396,663.874315,-22.031503,661.583801,-141.646191,660.460191,59.969265,-0.001108,1,0
26.500000,-60.056880,203753.193238,179.766580,204353.716408,60.011458,205607.102501,97.680105,662.760507,-22.275020,672.621851,-141.978040,666.941594,59.983109,0.001170,1,0
26.533000,-60.190132,204667.759552,-179.952056,203633.851774,59.965788,204230.813234,97.766968,662.100119,-22.059145,661.178645,-142.386798,664.617298,59.977005,0.002783,1,0
26.567000,-60.114403,202700.807458,179.949842,203743.563342,59.820692,203322.313491,97.975684,653.208602,-22.144959,662.445575,-142.134012,655.314492,59.976774,0.009364,1,0
26.600000,-60.072560,205164.032592,179.837800,203175.120119,59.934267,203455.911006,97.571537,663.344590,-22.228104,667.678007,-142.363584,657.960568,59.966885,-0.011431,1,0
26.633000,-60.238837,204448.474520,179.889301,203729.444473,59.830094,202390.257695,97.873306,661.883997,-22.371372,664.219046,-142.296608,656.473721,59.975733,0.008815,1,0
26.667000,-60.082883,204952.253815,179.814305,202576.820629,59.865976,203237.120763,98.175298,662.970645,-22.310722,665.856804,-141.972642,658.943540,59.970878,-0.000043,1,0
26.700000,-60.276776,205138.423719,179.947621,204667.924208,59.902122,202474.182021,98.063538,663.309625,-22.176870,659.560798,-142.326980,659.790663,59.974081,-0.005619,1,0
26.733000,-59.933644,203711.828702,-179.890071,202951.202537,59.860942,203914.531550,97.888316,663.022483,-22.185088,663.678888,-142.153770,669.345065,59.974695,-0.005605,1,0
26.767000,-60.017845,204763.046021,-179.985618,203469.217422,59.805236,202719.721922,97.914549,654.541725,-21.886489,659.978681,-142.433468,664.593734,59.966140,0.008833,1,0
26.800000,-60.177483,203178.539479,179.947343,202485.099973,59.743078,203360.614784,97.726528,660.003859,-21.877357,661.622105,-142.000818,665.415976,59.971139,0.011665,1,0
26.833000,-60.211261,202957.801844,179.876599,203602.939863,59.912443,203583.007665,97.636369,661.037153,-22.089343,663.155403,-141.962584,662.938662,59.970545,-0.003581,1,0
26.867000,-60.071897,203557.114927,179.772143,202527.957702,59.946224,203071.718793,98.035601,666.344689,-22.539139,658.209983,-142.136651,652.991728,59.975578,0.000749,1,0
26.900000,-60.214997,204595.801536,179.773113,202616.773022,59.905863,202561.755737,97.712185,665.593311,-22.241445,662.893029,-141.993815,663.427035,59.964159,-0.003190,1,0
26.933000,-60.199031,203252.669989,179.942147,202656.505624,59.923785,203178.794550,97.763683,660.042189,-21.813868,658.068562,-142.295740,663.080192,59.972639,-0.009263,1,0
26.967000,-60.181081,204689.968851,179.617024,203596.495468,59.925246,202938.271910,97.799682,659.814157,-22.288699,660.102059,-141.999830,660.073877,59.976627,0.011296,1,0
27.000000,-60.222660,203030.143754,179.779311,203928.131512,59.889044,201811.661487,97.983413,664.286648,-22.489978,656.676052,-142.004070,656.904853,59.966900,0.005795,1,0
27.033000,-60.072307,205216.044591,179.760672,204882.356012,59.574696,203274.670444,97.954519,653.918448,-22.253308,668.521227,-142.156399,661.242835,59.974021,0.001611,1,0
27.067000,-60.203312,204480.601912,179.689230,203418.876245,59.830274,202470.237216,97.879966,661.106278,-22.537773,659.400478,-142.315730,664.493734,59.979834,0.008478,1,0
27.100000,-60.270409,203225.042145,179.698183,203696.705462,59.721337,202864.178021,97.718453,660.716080,-22.413859,661.777092,-142.417703,659.625065,59.973858,-0.005968,1,0
27.133000,-60.157143,204770.566781,179.812133,203787.310769,59.826182,202142.518496,97.903501,665.096652,-22.223428,662.178337,-142.382977,662.362033,59.980093,0.004082,1,0
27.167000,-60.314524,205564.885987,179.822938,202346.528078,59.709454,201539.495248,97.416389,662.664382,-22.227781,658.795197,-142.096389,658.999481,59.970448,-0.008030,1,0
27.200000,-60.196875,204775.137902,179.915572,203343.019394,59.547626,203505.088489,97.952883,661.716150,-22.205476,656.675599,-142.283836,664.823319,59.979240,0.001323,1,0
27.233000,-60.185422,203099.469593,179.672305,203015.966160,59.872154,201703.843635,97.984475,660.456191,-22.462650,659.268451,-141.975519,652.614038,59.982450,0.002438,1,0
27.267000,-60.078634,203855.177227,179.819149,204872.237007,59.682165,202916.753076,97.944444,660.953093,-22.300323,659.827803,-142.575425,656.369725,59.975639,0.004381,1,0
27.300000,-60.184924,202050.752416,179.881937,202533.996317,59.795163,203360.033033,97.761429,655.278011,-22.049870,656.281273,-142.376465,658.732956,59.978378,-0.007686,1,0
27.333000,-60.300568,202683.218038,179.779148,203826.089993,59.616651,204504.990355,97.654584,655.411519,-22.066600,657.736064,-142.067321,666.929225,59.977522,0.004236,1,0
27.367000,-60.391336,203723.883524,179.641084,203963.731755,59.856184,204545.928096,97.707029,665.832451,-22.279923,652.467276,-142.180770,657.870062,59.972057,-0.008581,1,0
27.400000,-60.183114,203785.345202,179.644273,203270.210335,59.748065,202867.039857,97.904903,658.901159,-22.303673,655.913638,-142.543144,652.323586,59.979070,-0.013438,1,0
27.433000,-60.114588,203309.768495,179.807302,204547.084948,59.653400,203031.637225,97.791596,655.170200,-22.006084,656.132984,-142.334504,650.882650,59.975111,-0.007622,1,0
27.467000,-60.225428,205960.592098,179.798500,202971.023303,59.543277,201749.055047,98.043845,657.220561,-22.319960,650.923439,-142.594020,647.001122,59.966442,-0.005296,1,0
27.500000,-60.275097,203655.657393,179.763235,203202.583734,59.679980,203518.170062,97.979346,655.709775,-22.448664,654.342903,-142.548040,655.243939,59.979103,-0.007414,1,0
27.533000,-60.290760,204420.526331,179.651955,203669.592878,59.641003,203658.063586,97.706089,653.580192,-22.457684,652.353678,-142.725495,658.282374,59.976967,-0.009135,1,0
27.567000,-60.407544,204604.864959,179.461763,203598.645056,59.729153,203316.001619,97.756203,661.502133,-22.392545,659.815653,-142.298046,657.811705,59.977295,-0.000287,1,0
27.600000,-60.359242,205368.137961,179.545844,203653.845650,59.576935,202957.048537,97.568338,663.941415,-22.503108,657.878041,-142.139171,663.433110,59.968787,0.016735,1,0
27.633000,-60.198025,203127.900952,179.789097,203766.262570,59.537248,204560.600190,97.975547,659.746157,-22.248367,661.727295,-142.478476,661.689073,59.967539,0.018670,1,0
27.667000,-60.298160,202874.406886,179.512080,202785.996258,59.553977,205865.942456,97.678075,657.366682,-22.491186,660.249194,-142.223848,660.475468,59.972618,0.014061,1,0
27.700000,-60.279612,203789.724839,179.580814,203981.201851,59.453526,202597.481518,97.836285,654.523450,-22.647610,659.051107,-142.560213,658.028409,59.966824,0.005040,1,0
27.733000,-60.251066,203668.286553,179.591914,204520.789039,59.794915,203804.587631,97.788533,653.165910,-22.314054,658.386217,-142.252449,657.899334,59.970557,-0.004425,1,0
27.767000,-60.286910,203492.616271,179.589836,203781.735378,59.619676,203918.072506,97.697784,659.411684,-21.933077,654.064214,-142.242468,657.014952,59.966227,-0.014076,1,0
27.800000,-60.318370,204387.872640,179.934696,202859.180031,59.722979,203071.299757,97.609212,650.302092,-21.864935,656.736600,-142.198215,653.921682,59.976778,0.001766,1,0
27.833000,-60.116799,203908.740993,179.737866,201972.490213,59.492684,203598.139807,97.963726,652.437877,-22.733546,652.375148,-142.477354,648.026279,59.983961,-0.010797,1,0
27.867000,-60.349821,203414.301593,179.791037,202400.879150,59.658150,201546.689242,97.786352,652.668893,-22.110598,653.475252,-142.655264,642.395015,59.978756,-0.010557,1,0
27.900000,-60.281333,202866.986099,179.780031,202617.743276,59.750859,203584.152224,97.369648,650.936788,-22.521896,646.864925,-141.979612,649.999045,59.971263,0.022422,1,0
27.933000,-60.193148,202890.595761,179.743706,202086.883253,59.720024,202756.197613,97.707102,648.226454,-22.555297,651.783881,-142.456536,645.314733,59.981628,-0.009923,1,0
27.967000,-60.193253,202418.001469,179.846002,202957.325382,59.769905,201843.739422,97.942457,652.165958,-22.344269,645.854755,-142.550015,653.074740,59.977672,0.002793,1,0
28.000000,-60.382850,203536.867956,179.817189,202212.430726,59.917934,201072.457846,97.648076,657.812327,-22.090665,653.236684,-142.111508,654.174075,59.976719,-0.002152,1,0
28.033000,-60.063039,201046.485202,179.948517,204215.068537,59.677210,201573.735960,97.970716,646.533905,-22.034157,645.105305,-142.239334,654.362406,59.982237,0.001249,1,0
28.067000,-60.210198,203692.040213,179.811653,204171.140968,59.805124,202287.333806,97.841168,656.779540,-22.330514,658.882583,-141.825818,654.449425,59.979158,0.001215,1,0
28.100000,-60.153783,203750.763080,179.538144,203637.748718,59.631460,203561.417500,97.994192,656.308909,-22.066093,654.991362,-142.435183,651.827513,59.972377,0.009765,1,0
28.133000,-60.306978,202506.384032,179.887091,203553.351494,59.776466,202411.345133,97.750697,663.690466,-22.231748,657.169385,-142.415452,652.836355,59.980978,-0.007167,1,0
28.167000,-60.369291,203961.082488,179.832358,205232.615984,59.779115,202871.961210,97.902506,656.257988,-22.093039,647.324950,-142.196620,655.386196,59.968547,-0.004404,1,0
28.200000,-60.256247,203062.386279,179.895804,202415.251741,59.808853,203698.751307,97.724846,651.689341,-22.192106,654.161816,-142.507876,651.366577,59.977435,0.002854,1,0
28.233000,-60.243194,203283.032742,179.761486,204410.943112,59.577873,203127.126974,97.793840,653.064426,-22.514958,654.382142,-142.473093,660.460546,59.975276,-0.004247,1,0
28.267000,-60.261787,202508.308537,179.928165,202541.291089,59.745307,203052.217096,97.835514,660.756297,-21.923935,654.715646,-142.201346,655.643653,59.972165,0.019999,1,0
28.300000,-60.343636,204641.552402,179.579305,203274.001372,59.669605,202827.425768,97.776021,657.561014,-22.464629,655.593550,-142.156052,657.474506,59.974738,0.003865,1,0
28.333000,-60.226782,204371.910206,179.689567,202522.998834,59.560329,201628.259914,97.787867,652.799722,-22.224260,650.215592,-142.897016,656.981582,59.974753,0.000812,1,0
28.367000,-60.352803,202389.227463,179.827343,201363.706805,59.823104,201884.919086,97.685560,652.711473,-21.950515,657.706767,-142.313206,658.494013,59.973750,-0.008374,1,0
28.400000,-60.242486,202517.887214,179.581556,203540.464265,59.617581,202237.343861,97.604306,651.140665,-22.128478,653.163208,-142.321323,655.252105,59.976149,0.000897,1,0
28.433000,-60.329148,202851.013767,179.775470,202470.419013,59.468631,202015.338212,97.561484,662.123987,-22.736414,662.547090,-143.004591,652.236186,59.977343,-0.011151,1,0
28.467000,-60.185543,202354.035002,179.465015,204293.924472,59.890414,203123.500807,97.754084,658.513075,-22.158038,658.338192,-141.920368,661.460111,59.977836,0.004814,1,0
28.500000,-60.199191,204170.891387,179.379199,203020.210782,59.489173,203178.850482,97.968696,666.067527,-22.780688,654.449180,-142.567465,655.545069,59.966940,-0.001127,1,0
28.533000,-60.364320,202993.002332,179.735887,202719.831387,59.650924,204156.957219,97.557093,658.501883,-22.042112,658.405287,-142.475958,655.253326,59.964363,0.005279,1,0
28.567000,-60.353225,204354.697077,179.489192,203879.485154,59.659707,202698.213718,97.783755,657.962622,-22.643646,655.730327,-142.351161,652.770295,59.968066,0.005504,1,0
28.600000,-60.355843,204501.967135,179.609781,204063.878045,59.802980,203762.762219,97.773071,650.588290,-22.135991,655.115020,-142.282557,652.482254,59.958557,-0.003554,1,0
28.633000,-60.296023,203026.937961,179.734210,204374.613875,59.645379,201877.959158,97.685109,655.218477,-22.455474,655.085360,-142.229579,652.516897,59.963919,0.001513,1,0
28.667000,-60.403735,203029.327044,179.752883,202317.556237,59.878580,200966.601038,97.564364,657.012511,-22.124386,654.724415,-142.099128,654.444563,59.963281,0.002476,1,0
28.700000,-60.110132,204268.209264,179.601307,203548.414312,59.619180,202375.997549,97.927692,659.595430,-22.435129,653.541068,-142.050886,652.029984,59.957660,-0.009948,1,0
28.733000,-60.209027,202651.440330,179.709742,202298.121879,59.624175,200551.595212,97.903887,654.042560,-22.352976,652.535839,-142.480792,656.674609,59.956543,0.006023,1,0
28.767000,-60.304795,203286.861794,179.696528,201918.396551,59.809778,203747.223019,97.816789,655.826149,-22.445892,640.705429,-142.302974,650.974432,59.963356,0.002481,1,0
28.800000,-60.389853,203614.380585,179.841966,202835.635107,59.677795,203153.021137,97.919588,651.887320,-22.221893,654.043819,-142.406453,656.231749,59.964465,-0.013633,1,0
28.833000,-60.357194,204415.131207,179.846878,203511.823222,59.595769,204286.078807,97.650321,652.778186,-22.385967,653.716340,-142.320420,651.395709,59.960549,-0.008749,1,0
28.867000,-60.212284,203918.631643,179.644831,203540.909642,59.817741,203094.386244,97.607010,650.329308,-22.304154,652.414109,-142.269650,653.948696,59.966145,-0.003318,1,0
28.900000,-60.249569,203280.732705,179.715080,202718.496699,59.631481,203000.648497,97.903375,653.756843,-21.992211,650.288520,-142.362247,656.380557,59.965457,-0.002255,1,0
28.933000,-60.077504,204431.660518,179.892509,203983.763507,59.686570,201419.460611,98.067960,657.396273,-22.089413,655.317218,-142.372409,650.533601,59.965183,-0.006979,1,0
28.967000,-60.288879,202914.404891,179.886970,203610.591906,59.866972,202328.200245,97.798350,656.863384,-22.140955,663.072330,-141.703179,650.392746,59.966405,0.008288,1,0
29.000000,-60.108610,204833.988125,179.926760,202842.322040,59.880664,202642.908392,97.879121,653.500504,-22.218072,656.901517,-142.347015,654.239586,59.957100,0.005022,1,0
29.033000,-60.313036,203684.138797,-179.945813,203463.428686,59.856999,201620.145740,97.689201,649.818535,-22.081048,649.457940,-142.566180,643.460995,59.960785,0.001214,1,0
29.067000,-60.153136,202744.304330,179.914528,201871.538985,59.973033,203599.581701,97.602650,654.087904,-22.038688,656.291881,-142.054440,654.912270,59.970296,0.008120,1,0
29.100000,-60.215849,203134.557876,179.845669,203337.907639,59.943294,203702.095921,97.534413,659.024372,-22.257598,657.884486,-141.864561,658.448509,59.963029,-0.011273,1,0
29.133000,-60.195547,202559.742528,179.824585,202224.404977,59.958227,202322.876972,98.050863,659.673974,-21.771693,651.851132,-141.986560,664.299838,59.965799,0.007255,1,0
29.167000,-60.146872,204705.848373,179.856284,201538.970849,59.999188,202221.451886,97.441017,652.793476,-22.247964,659.508959,-141.549873,659.737694,59.961492,-0.006200,1,0
29.200000,-60.137696,203462.566485,179.945866,202558.101984,59.852244,203190.314658,97.795541,651.948158,-21.930914,652.959545,-142.099209,651.482453,59.958673,-0.002138,1,0
29.233000,-60.034146,204297.732799,179.713569,203625.607527,59.870022,201088.334658,98.055283,653.662072,-22.244152,647.834811,-142.118433,651.707212,59.956413,-0.000832,1,0
29.267000,-60.376181,202862.447854,179.654216,203022.138834,59.721113,202297.081907,97.478127,644.035288,-22.434819,650.202065,-142.133542,647.809442,59.963567,-0.009607,1,0
29.300000,-60.251132,203555.213734,179.864798,204286.833145,59.769509,202283.212769,97.603103,658.925943,-22.146547,653.549001,-142.236774,653.596706,59.961154,0.003494,1,0
29.333000,-60.144281,203753.937834,179.795811,203297.188383,59.802636,202842.073688,98.112462,659.530497,-22.340937,655.924235,-142.210913,651.877466,59.957355,-0.001672,1,0
29.367000,-59.998882,203031.067106,179.930136,203182.737875,59.875204,203239.158424,97.989902,662.170654,-21.977860,649.692199,-142.491539,653.550392,59.964161,-0.007748,1,0
29.400000,-60.057398,202810.711260,-179.940423,203806.863852,59.786021,202976.931428,98.018973,651.905115,-21.854207,649.036352,-142.464952,646.113476,59.957060,-0.011281,1,0
29.433000,-59.930584,202754.530020,179.833006,202865.942642,59.998802,202091.956478,97.828193,656.904219,-22.417368,657.308740,-142.017699,651.413636,59.952007,-0.009934,1,0
29.467000,-60.215453,204260.380386,179.924659,201888.634034,59.945257,203386.898117,97.754106,656.582412,-22.213701,650.917371,-141.926085,654.274893,59.962458,-0.001119,1,0
29.500000,-59.921679,202653.024455,179.971037,202541.660329,59.897711,201452.595556,97.811979,652.461283,-22.063792,658.114822,-142.174861,652.428900,59.954796,0.002145,1,0
29.533000,-59.996914,202630.562237,179.987680,204189.004380,59.971198,202198.862985,97.730364,652.774115,-21.671956,649.332955,-141.975633,653.892953,59.951805,0.008012,1,0
29.567000,-60.047186,202397.808186,179.814448,203437.021956,59.950287,202610.547775,97.741459,656.716976,-22.134994,656.593843,-142.456474,659.613564,59.954765,0.014534,1,0
29.600000,-60.069154,202227.577483,179.793362,202499.301909,59.977367,201416.181107,97.688978,659.174935,-22.138161,652.717432,-141.883934,654.626000,59.948691,0.008666,1,0
29.633000,-60.094365,203100.299961,179.806526,202823.824805,59.814625,202636.735559,97.898702,658.665638,-21.999701,659.667842,-142.275788,653.144470,59.952325,0.003617,1,0
29.667000,-60.007464,204450.430255,179.818183,203615.160909,59.720950,202444.975291,98.119610,652.768731,-21.945183,648.646353,-142.297724,649.170272,59.962356,0.004734,1,0
29.700000,-60.096886,203248.002955,179.933033,202960.614753,59.884577,201863.876426,97.858583,653.754454,-22.120141,652.226309,-142.366796,652.507776,59.953504,-0.000151,1,0
29.733000,-60.180582,201771.328184,179.953040,201863.392039,59.904103,201254.040963,97.815164,657.793988,-22.103357,649.769855,-141.894978,645.849711,59.948081,0.005565,1,0
29.767000,-60.153220,203208.240204,179.780514,203439.739522,59.984891,202442.839097,97.767200,656.868966,-22.100906,646.158311,-142.021804,658.918712,59.955665,-0.000862,1,0
29.800000,-60.167173,202237.150261,179.817750,203262.483717,59.892678,200865.161842,97.917833,654.188509,-22.394691,650.852936,-141.865588,651.915918,59.958019,0.006967,1,0
29.833000,-60.237228,201579.684782,179.892044,203761.562985,59.824156,203163.535302,97.757905,657.239403,-21.772648,656.476878,-142.209611,654.822342,59.953847,-0.003533,1,0
29.867000,-60.288945,203950.928189,179.669895,202200.709137,59.712877,203076.696648,97.654105,652.660637,-22.748266,652.960845,-141.859487,648.469501,59.962527,0.000531,1,0
29.900000,-60.247358,203929.030320,179.776505,204182.914269,59.791291,201937.385094,97.457674,647.114247,-22.291838,644.381081,-142.255215,650.249232,59.955467,-0.001812,1,0
29.933000,-60.265396,204039.089149,179.786543,203380.002699,59.728859,202385.800989,97.927507,649.156358,-22.065381,645.594243,-142.497271,652.400818,59.961114,0.009639,1,0
29.967000,-60.292609,203649.450684,179.559211,203739.570006,59.690920,202542.137152,97.362430,642.365207,-22.669198,648.346166,-142.221249,648.871574,59.957038,-0.008119,1,0
30.000000,-60.278284,203360.007519,179.711830,204181.665570,59.589313,201694.580346,97.428472,650.961108,-22.228753,643.713344,-142.626879,643.563967,59.960749,0.000574,1,0
