TIMESTAMP,BUS22_VA_ANG,BUS22_VA_MAG,BUS22_VB_ANG,BUS22_VB_MAG,BUS22_VC_ANG,BUS22_VC_MAG,BUS22_IA_ANG,BUS22_IA_MAG,BUS22_IB_ANG,BUS22_IB_MAG,BUS22_IC_ANG,BUS22_IC_MAG,BUS22_Freq,BUS22_ROCOF,DATA_PRESENT,Event
0.000000,-60.344170,209812.367528,179.538837,209085.669035,59.572946,209674.992182,97.336060,1011.679221,-22.435566,1008.390113,-142.533996,1019.876356,59.938514,-0.003523,1,0
0.033000,-60.276422,210537.841249,179.645116,209874.409341,59.625719,209929.365885,97.918590,1017.410935,-22.571340,1018.245226,-142.528914,1016.554721,59.941619,-0.002372,1,0
0.067000,-60.354064,209699.308174,179.645504,210630.786782,59.644797,210561.479830,97.850420,1014.823661,-22.147001,1009.575280,-142.390845,1015.697877,59.945140,0.005039,1,0
0.100000,-60.382479,208685.212397,179.467554,210145.868087,59.758026,210052.371495,97.275762,1018.254118,-22.396409,1010.967940,-142.058140,1011.798938,59.942783,-0.004351,1,0
0.133000,-60.374392,208834.522029,179.758802,210262.431065,59.713856,209117.103270,97.784525,1006.137169,-22.304676,1001.326880,-142.218177,1010.374377,59.939477,-0.002454,1,0
0.167000,-60.342588,210635.557993,179.820938,211033.928474,59.651238,210730.651140,97.704182,1009.947935,-22.248446,1019.081095,-141.981422,1014.530870,59.948515,-0.006243,1,0
0.200000,-60.143478,211110.654972,179.646711,211878.859763,59.720874,209514.497947,97.771222,1015.855640,-22.368131,996.848553,-142.118288,1014.586221,59.947850,-0.010957,1,0
0.233000,-60.423531,208807.509462,179.606586,209891.949963,59.280504,212560.829979,97.548018,1017.114401,-22.544018,1010.510445,-142.373372,1015.436734,59.941554,-0.000369,1,0
0.267000,-60.323962,208842.246552,179.707154,208622.896372,59.567360,210575.056091,97.591111,1019.327949,-22.363632,1018.837621,-142.607683,1013.578793,59.937776,-0.005544,1,0
0.300000,-60.569621,210243.311476,179.556440,209941.465432,59.688830,211062.150579,97.549653,1012.306341,-22.501350,1013.754317,-142.252075,1014.488810,59.951197,-0.014940,1,0
0.333000,-60.359037,211060.269782,179.448339,209182.710184,59.679767,209223.113037,97.720271,1009.038841,-22.745742,1014.837040,-142.043449,1010.294353,59.948381,0.009738,1,0
0.367000,-60.457839,209030.287190,179.660526,209170.724406,59.497327,207928.501571,97.702018,1013.946119,-22.274685,1020.831261,-142.382087,1014.471176,59.950650,-0.019965,1,0
0.400000,-60.227251,209016.652198,179.668650,210078.240520,59.775381,208254.890933,97.923589,1009.425938,-22.422023,1012.789692,-142.361961,1026.409546,59.951281,-0.007634,1,0
0.433000,-60.404183,210019.563266,179.667085,209591.042806,59.628681,210089.136682,97.377561,1017.747438,-22.189907,1022.172634,-142.495462,1020.189448,59.948410,0.003667,1,0
0.467000,-60.375712,209616.065261,179.648750,210360.488678,59.555453,209113.827635,97.497566,1019.070402,-21.928908,1019.132008,-142.459313,1015.929074,59.956408,0.007458,1,0
0.500000,-60.327844,208488.162640,179.611252,208883.516034,59.704962,209905.430926,97.911757,1008.741942,-22.358632,1028.876517,-142.168919,1019.064695,59.953578,-0.016051,1,0
0.533000,-60.460754,208270.933415,179.569410,209414.183483,59.566271,209555.433872,97.640180,1017.763820,-22.471959,1014.594500,-142.411908,1022.422922,59.947595,-0.001104,1,0
0.567000,-60.375112,210581.152152,179.818614,208914.448122,59.701833,208009.624785,97.444810,1010.472589,-22.156881,1010.972370,-142.575496,1014.078095,59.962352,-0.001570,1,0
0.600000,-60.239819,210142.956805,179.609287,210813.043491,59.660102,209935.976690,97.943456,1020.600405,-22.243224,1016.057409,-142.134455,1011.485787,59.946497,-0.003936,1,0
0.633000,-60.404396,209762.172894,179.660887,209612.553094,59.616696,209923.275248,97.294011,1000.402423,-22.463495,1006.091143,-142.228866,1015.355428,59.953466,-0.003869,1,0
0.667000,-60.263234,208440.565948,179.482815,210380.124284,59.690941,209670.545493,97.662445,1007.683098,-22.927731,1013.218941,-142.404516,1009.459235,59.953839,0.012279,1,0
0.700000,-60.338518,208333.814993,179.823070,209583.675417,59.768276,209367.222044,97.791344,1020.560248,-22.306028,1010.242403,-142.257919,1017.140919,59.950906,0.004855,1,0
0.733000,-60.254381,208192.377583,179.713208,209417.982264,59.681243,209213.802159,97.579923,1006.420116,-22.254328,1015.406908,-142.396443,1007.140982,59.959703,0.009777,1,0
0.767000,-60.404838,209164.931192,179.664668,209111.723936,59.666092,210345.601681,97.589117,1003.383080,-22.279131,1006.373421,-142.239521,1012.772506,59.963918,0.003764,1,0
0.800000,-60.193627,208415.583810,179.756490,209312.296729,59.702839,210163.094444,97.687873,1011.404745,-22.206376,1010.189539,-142.208617,1013.901425,59.960341,-0.006521,1,0
0.833000,-60.245489,209669.465645,179.599602,207927.660899,59.578363,209387.353266,97.972352,1018.823298,-22.369956,1019.642158,-142.260594,1021.064578,59.957455,0.003356,1,0
0.867000,-60.238170,209805.658682,179.690232,210441.795616,59.782848,209128.738898,97.731331,1026.685208,-22.046362,1014.286312,-141.780001,1013.330517,59.954207,0.006921,1,0
0.900000,-60.254626,208945.244923,179.435308,210034.741943,59.650687,211898.434673,97.641197,1023.075758,-22.429527,1017.887445,-142.365820,1021.755832,59.952800,-0.002588,1,0
0.933000,-60.558167,209450.405481,179.731840,209312.663833,59.677954,208444.631291,97.473573,1017.334285,-22.297246,1012.705154,-142.305786,1023.669142,59.956832,-0.009100,1,0
0.967000,-60.371458,208074.266119,179.677424,206963.506729,59.614293,208530.827082,97.811137,1022.714711,-22.193221,1019.536612,-142.306379,1015.558964,59.953349,-0.008275,1,0
1.000000,-60.385230,208414.835293,179.820562,207521.414954,59.777691,208866.089297,97.418895,1018.636565,-22.442694,1016.346190,-142.439942,1014.444437,59.957462,0.003100,1,0
1.033000,-60.228411,210185.935801,179.586687,208446.475575,59.540232,207629.161235,97.685838,1007.642348,-22.314199,1016.241230,-142.517399,1021.725374,59.953063,-0.012730,1,0
1.067000,-60.471248,208860.523861,179.576656,208738.092598,59.497978,208447.127406,97.268404,1019.180931,-22.485927,1014.587022,-142.501063,1024.893350,59.960825,-0.013228,1,0
1.100000,-60.233170,208517.363195,179.709656,209483.930579,59.503543,209554.573249,98.002939,1013.195512,-22.337604,1022.471658,-142.654379,1019.228245,59.958287,-0.002745,1,0
1.133000,-60.255212,208773.786795,179.582022,209111.518622,59.756783,210469.746260,97.962171,1013.516444,-22.593293,1022.950095,-142.230944,1019.421208,59.946250,0.014414,1,0
1.167000,-60.297184,209327.427783,179.780473,208171.214425,59.647629,208486.349381,97.828322,1014.601142,-22.073701,1012.879450,-142.406564,1023.234696,59.954095,0.012491,1,0
1.200000,-60.471303,209201.049839,179.557563,208994.870655,59.527259,208260.662483,97.116818,1015.093564,-22.364976,1018.457904,-142.650558,1025.315055,59.958511,0.001691,1,0
1.233000,-60.437772,209333.143414,179.468278,208678.962681,59.548535,208837.815016,97.498154,1031.874692,-22.655897,1027.313343,-142.465109,1022.466405,59.968607,-0.011695,1,0
1.267000,-60.366183,206637.206899,179.677842,209163.737033,59.772901,208875.339471,97.206615,1023.072658,-22.265773,1021.653862,-142.080578,1030.741262,59.957687,0.003976,1,0
1.300000,-60.347118,207914.877011,179.579945,209550.625758,59.476894,209464.146661,97.701938,1019.031538,-22.439518,1018.914916,-142.326169,1012.072071,59.961357,0.004668,1,0
1.333000,-60.344904,208005.739020,179.608721,208049.413829,59.574472,209142.557339,97.838375,1018.047560,-22.355828,1018.353569,-142.260120,1016.557262,59.961877,0.015361,1,0
1.367000,-60.312708,208421.368814,179.442474,209405.476035,59.631798,210141.851282,97.397893,1019.879304,-22.597076,1019.991097,-142.263562,1025.168645,59.957275,0.017090,1,0
1.400000,-60.545006,206806.926890,179.567066,209245.310142,59.616989,206691.825516,97.520620,1016.316545,-22.646185,1011.055780,-142.447500,1016.018725,59.952691,0.008900,1,0
1.433000,-60.451260,208479.729447,179.677149,208003.359373,59.655559,208891.327687,97.726813,1023.096869,-22.485964,1017.404615,-142.198011,1006.931701,59.960814,0.011753,1,0
1.467000,-60.356321,211896.349262,179.734826,208677.688359,59.597891,209863.792099,97.794907,1012.281058,-22.154596,1016.228305,-142.555328,1018.776973,59.955704,-0.007498,1,0
1.500000,-60.270421,208482.579158,179.605898,209104.882302,59.539928,208621.534290,98.075633,1014.368733,-22.341147,1023.232134,-142.355553,1016.315610,59.959732,0.004565,1,0
1.533000,-60.403572,209490.192221,179.527651,209067.504579,59.573175,209826.217004,97.512790,1014.140746,-22.106647,1015.086027,-142.242210,997.556836,59.958781,-0.007584,1,0
1.567000,-60.320311,210762.075827,179.671764,208941.796195,59.532109,210549.741936,97.555650,1009.443896,-22.215372,1013.386928,-142.451525,1015.147304,59.964771,0.004311,1,0
1.600000,-60.231599,209557.812941,179.573042,210407.374736,59.662805,208721.984646,97.543447,1009.028150,-22.395559,1008.674168,-142.361070,1018.151523,59.961733,-0.007328,1,0
1.633000,-60.125102,210544.860591,179.657707,207908.961852,59.533453,207753.450387,97.915951,1015.318032,-22.476531,1015.988299,-142.447041,1005.113257,59.959368,0.006080,1,0
1.667000,-60.354528,210615.852276,179.668086,209974.030871,59.780908,209492.680701,97.525119,1013.268156,-22.414785,1018.631397,-142.366548,1009.381583,59.962115,-0.000506,1,0
1.700000,-60.416475,209387.149503,179.672687,209202.677912,59.453868,208183.675782,97.553142,1014.650877,-22.361683,1015.031788,-142.389285,1016.468301,59.955987,-0.001608,1,0
1.733000,-60.305150,209182.124609,179.563413,210129.626116,59.646003,210671.296398,97.761844,1007.307560,-22.488335,1020.903912,-142.397822,1006.020394,59.960567,-0.000241,1,0
1.767000,-60.360281,209280.298958,179.536804,209946.586512,59.705108,208663.449671,98.115402,1011.523986,-22.575013,1011.928149,-142.435660,1012.247655,59.960162,0.005792,1,0
1.800000,-60.163274,208870.044930,179.782575,207710.191359,59.586719,209826.944420,97.801954,1018.041960,-22.147874,1005.811471,-142.491097,1012.423139,59.958092,-0.008569,1,0
1.833000,-60.413705,208931.795929,179.669456,209151.503312,59.625191,210031.833098,97.512292,1022.569038,-22.545049,1006.087123,-142.213203,1011.384524,59.963102,-0.008487,1,0
1.867000,-60.263932,208571.355116,179.584126,210000.679623,59.512134,208957.643662,97.745002,1008.777223,-22.640679,1006.071188,-142.101382,1019.560036,59.960179,0.004839,1,0
1.900000,-60.325333,209056.553687,179.638741,208216.927173,59.688464,209940.509390,97.753003,998.918478,-22.379601,1011.898899,-142.050088,1020.148868,59.970430,0.007907,1,0
1.933000,-60.454544,209881.480297,179.614791,208098.376618,59.688608,208537.196478,97.666499,1008.167827,-22.475685,1007.734648,-142.387613,1018.525531,59.960536,0.010886,1,0
1.967000,-60.319839,209172.529330,179.600015,209316.258706,59.791002,210369.121041,97.722642,1021.959370,-22.322202,1011.756328,-142.451597,1016.809021,59.966429,-0.008125,1,0
2.000000,-60.443301,209832.103613,179.636909,209612.584815,59.623124,208460.271587,97.416470,1005.540155,-22.587865,1011.930129,-142.589972,1014.155489,59.955514,-0.002158,1,0
2.033000,-60.302376,206995.258448,179.592028,207580.270241,59.496885,209639.749537,97.692104,1023.185918,-22.505829,1012.924180,-142.435283,1021.172153,59.966003,0.001742,1,0
2.067000,-59.993916,209337.849183,179.699673,208720.363236,59.635908,210072.013572,98.147299,1012.774774,-22.404534,1026.359697,-142.291967,1017.526149,59.963019,-0.008227,1,0
2.100000,-60.331533,209778.587092,179.783534,208789.923052,59.755248,209684.143659,97.812976,1006.610093,-22.310284,1018.990284,-142.655934,1024.919161,59.953134,-0.001345,1,0
2.133000,-60.415337,209541.623512,179.722803,208245.690858,59.795551,208267.980179,97.568803,1015.189046,-22.552034,1025.606160,-142.028443,1016.894793,59.964982,-0.005031,1,0
2.167000,-60.347199,210581.462008,179.829791,210135.989492,59.833690,208549.306431,97.278722,1015.723543,-22.293184,1014.585168,-141.940734,1021.761638,59.969046,0.001748,1,0
2.200000,-60.444866,209424.761801,179.683873,209076.039808,59.545562,208895.943113,97.615837,1013.871156,-22.428299,1016.242303,-142.559373,1015.119562,59.965551,0.020212,1,0
2.233000,-60.374036,208867.364379,179.596628,209225.328414,59.670558,208469.810723,97.866553,1017.843681,-22.395551,1012.677602,-142.428417,1012.598191,59.954734,-0.009470,1,0
2.267000,-60.512076,209582.283390,179.525167,209251.158826,59.616255,207659.557931,97.484274,1022.281657,-22.752940,1022.836432,-142.728841,1014.849139,59.958104,0.008208,1,0
2.300000,-60.306163,208117.213212,179.793349,207458.739646,59.572093,209997.106260,97.704488,1009.388247,-21.898493,1007.136198,-142.736212,1018.783820,59.949368,0.007258,1,0
2.333000,-60.438622,209192.937960,179.656460,209679.850767,59.418355,209373.009234,97.678267,1015.584124,-22.556092,1013.301279,-142.532828,1029.370239,59.952367,0.007987,1,0
2.367000,-60.476891,208776.616097,179.684192,210174.989221,59.508430,211312.445425,97.426735,1016.793134,-22.227583,1003.155844,-142.718004,1010.994029,59.948682,-0.009417,1,0
2.400000,-60.103881,210805.223590,179.573766,208122.454022,59.638246,208781.064720,98.147356,1014.605328,-22.719450,1017.987408,-142.562487,1004.060252,59.949916,-0.003645,1,0
2.433000,-60.450785,208093.310411,179.695321,210323.845578,59.655196,209791.381193,97.543237,1008.841145,-22.297904,1014.144248,-142.197670,1022.163937,59.952097,0.003752,1,0
2.467000,-60.168235,208367.088709,179.682762,208206.170023,59.826029,209242.444959,97.592327,1013.025302,-22.360858,1030.316104,-142.041242,1016.504894,59.953882,0.001704,1,0
2.500000,-60.457865,208972.180561,179.767002,209907.768463,59.775196,209911.387225,97.543980,1019.023742,-22.307601,1021.605062,-142.346254,1015.825925,59.954725,0.000657,1,0
2.533000,-60.215681,211018.661619,179.474221,209629.585927,59.660439,210019.704844,97.825796,1015.104544,-22.592326,1014.039345,-142.463680,1015.607883,59.946485,0.003534,1,0
2.567000,-60.358985,209118.262220,179.731691,210299.419201,59.521332,210037.810395,97.994723,1005.706307,-22.304279,1019.640154,-142.272171,1015.676346,59.959085,-0.001834,1,0
2.600000,-60.172920,209657.136363,179.724522,209522.300139,59.749479,209337.265299,97.788133,1008.371282,-22.019222,1000.820520,-142.163901,1026.130540,59.943235,-0.003526,1,0
2.633000,-60.234723,210976.677562,179.630786,209568.998610,59.751135,211088.860141,98.055481,1004.725375,-22.340195,1012.396645,-142.412768,1006.346531,59.949134,-0.006803,1,0
2.667000,-60.323333,209616.590551,179.649692,209430.549151,59.513375,209632.136715,97.823994,995.598770,-22.393855,1002.848981,-142.626190,1013.174951,59.947945,0.007008,1,0
2.700000,-60.326657,209717.735286,179.681055,209384.804428,59.673815,209750.962874,97.918384,1006.712560,-22.439069,1009.893247,-142.143086,1001.419479,59.961553,0.005858,1,0
2.733000,-60.256416,209794.430512,179.764532,208853.106062,59.702341,211534.617691,97.669296,1007.340493,-22.019778,1006.980554,-142.267623,1018.133214,59.946988,0.010052,1,0
2.767000,-60.361003,209849.753239,179.756786,211146.908986,59.679459,209895.282398,97.476169,1008.214024,-22.286187,1008.641893,-141.845965,1014.770101,59.952904,-0.003769,1,0
2.800000,-60.341674,209566.720642,179.880993,209381.075685,59.748302,208201.746973,97.605829,999.291429,-22.102545,1004.511659,-142.309618,1007.997882,59.943957,-0.002009,1,0
2.833000,-60.114021,209973.781889,179.849930,211564.407857,59.743084,208662.410615,97.806106,1009.626834,-22.142211,1008.545482,-142.138174,991.928129,59.946815,-0.003103,1,0
2.867000,-59.913474,207698.000611,179.890403,209269.955412,59.877312,210616.862583,98.145058,1000.833248,-21.834042,1003.851795,-142.299262,1007.487216,59.953121,0.006026,1,0
2.900000,-60.009181,208103.443089,179.920500,208208.955940,60.033753,208634.394469,98.119740,1005.032607,-21.860262,1002.816598,-142.025453,998.866391,59.951886,0.001846,1,0
2.933000,-60.040518,210040.822794,179.934278,209004.275757,60.160418,209562.980706,97.675387,1002.694218,-21.788234,1006.913110,-141.823723,1004.525317,59.951620,0.001284,1,0
2.967000,-60.058588,208582.070996,179.917666,209109.887388,59.757331,210144.991938,98.137478,1007.203883,-22.004926,1010.091579,-141.971992,1002.603168,59.958516,-0.001536,1,0
3.000000,-60.014562,210051.440702,179.920538,209281.734087,59.927537,208639.919480,97.574808,1005.353620,-21.698639,999.283184,-142.146441,1008.503338,59.945732,0.011382,1,0
3.033000,-60.229982,212016.404735,179.704854,209700.591964,59.828203,211063.601996,97.890054,1008.294684,-22.212047,1006.981461,-141.942693,1011.438235,59.951503,-0.004949,1,0
3.067000,-60.267561,208237.326805,179.882127,208820.760618,59.955716,208764.650498,97.787943,1003.714984,-22.382409,1016.913345,-141.887544,1000.588194,59.949107,0.000527,1,0
3.100000,-60.062788,208093.568555,179.866611,208829.988719,59.876700,208064.190735,97.950440,1000.182131,-22.010284,1008.882937,-141.817525,1014.308016,59.947594,-0.001713,1,0
3.133000,-60.179126,209777.555384,179.805051,207836.529222,59.761710,209026.288818,98.090473,1003.367498,-22.153817,1007.773216,-142.180675,1008.852490,59.947022,0.005637,1,0
3.167000,-60.205559,209704.214403,179.848295,209007.903257,59.954140,208360.277627,97.722346,1010.597523,-22.207504,1000.662831,-142.256977,1012.206890,59.945196,0.000162,1,0
3.200000,-60.129604,210988.866655,179.780678,208384.943643,59.959841,208552.301930,98.005160,1005.639022,-22.458451,1004.967961,-142.018860,1014.978069,59.951590,-0.011807,1,0
3.233000,-60.199237,209631.171782,179.859263,210066.788736,60.126807,211341.151482,97.324090,1005.932592,-21.729403,1008.660647,-142.066814,1016.275636,59.954707,-0.004192,1,0
3.267000,-60.039018,209667.804770,179.905957,209188.902726,59.845235,208776.006974,98.089284,1005.780288,-21.845561,1016.239483,-142.242615,1007.530424,59.955981,-0.006905,1,0
3.300000,-60.213527,208948.920202,179.826881,210001.220671,59.842937,210382.305656,98.031636,1010.828464,-22.298684,1003.040119,-142.461122,1016.318311,59.950026,-0.008986,1,0
3.333000,-60.096908,209321.833066,179.891159,209913.595413,59.776905,209148.624969,97.839379,1013.651751,-22.179724,1019.967856,-141.885509,1008.600068,59.956079,0.004077,1,0
3.367000,-60.190110,209588.057677,-179.988060,209328.723345,59.838630,207769.971643,97.984861,1016.576168,-21.898399,1009.765633,-142.202426,1014.117417,59.957708,0.007684,1,0
3.400000,-60.161346,208253.788119,179.956861,208867.343463,59.943810,208981.006688,97.644187,1006.891455,-21.942509,1002.611219,-142.072244,998.054715,59.958746,0.011941,1,0
3.433000,-60.145441,209846.397440,179.784703,210517.952397,59.838460,208526.229700,97.568848,1003.943795,-22.348508,1011.510480,-142.544369,1011.633502,59.962836,-0.005113,1,0
3.467000,-60.018591,210130.573731,-179.963738,209881.073922,59.862752,208490.067861,98.014848,1005.496113,-21.983380,1007.782235,-142.372365,1007.095152,59.958516,0.001134,1,0
3.500000,-59.973993,209462.562174,179.790478,207556.310322,59.844332,207681.576621,97.889139,1009.153083,-22.310219,1009.013182,-142.295647,1007.613260,59.953523,0.006789,1,0
3.533000,-60.066928,208842.913750,179.993779,209513.903930,59.935636,210956.348687,97.870929,1006.402593,-21.994104,999.670988,-141.815949,1004.251907,59.953626,0.008916,1,0
3.567000,-60.102546,209203.594511,179.843692,208359.083714,59.709038,208406.158722,98.069863,1011.335429,-22.087510,1004.571623,-142.352648,1006.237310,59.957652,0.000706,1,0
3.600000,-60.244321,207515.087145,179.793601,207980.539413,59.796297,208548.453409,97.870491,1019.083811,-22.170650,1009.102220,-142.180411,1010.846867,59.952426,-0.002924,1,0
3.633000,-60.017741,209133.723017,179.953058,208098.386416,59.954472,208643.342563,97.693505,1004.970235,-22.099078,1007.453938,-141.983207,1009.870122,59.957571,0.011890,1,0
3.667000,-60.096499,209236.385305,179.940168,208475.197529,60.059256,207842.719797,98.025727,996.915437,-22.143978,1002.629685,-141.800034,1016.865153,59.948770,0.019879,1,0
3.700000,-60.060025,208049.942424,179.936305,208704.244441,59.876762,209399.234500,98.191998,1012.708116,-21.937105,1021.038357,-141.993486,1011.257951,59.946087,0.004003,1,0
3.733000,-60.128992,210070.356469,179.871336,205834.218770,59.989535,208527.095519,97.748242,1005.628555,-22.331074,1018.639116,-142.106040,1009.193291,59.940652,-0.000784,1,0
3.767000,-60.090856,209394.373412,179.853765,208029.070331,59.985305,208520.236758,97.374478,1014.340875,-22.202593,1019.305395,-141.983186,1017.237561,59.946415,-0.011251,1,0
3.800000,-59.961641,210477.958270,179.893898,209000.901119,59.986292,209921.781484,97.854565,1014.737972,-21.999513,1006.486908,-141.988366,1009.619326,59.955351,0.000312,1,0
3.833000,-59.972591,208438.647293,179.939459,207494.548375,60.038195,206352.757733,98.020787,1006.128227,-22.245558,1006.765924,-141.991138,1010.014289,59.957375,0.013316,1,0
3.867000,-60.032299,209027.827940,179.885800,207678.472451,59.994096,210106.635935,98.039893,1011.030168,-21.876690,1013.798935,-141.879864,1021.866863,59.941865,-0.006210,1,0
3.900000,-60.032213,209600.918665,179.838803,207190.105658,59.897436,208150.422102,97.752316,1016.315479,-22.067024,1019.996003,-142.103581,1021.215939,59.949959,0.001501,1,0
3.933000,-60.124521,208523.167526,179.868099,209607.223767,59.812956,209964.562484,97.918071,1003.304534,-21.987201,1014.787300,-142.172227,1010.754514,59.949845,-0.012698,1,0
3.967000,-59.957824,210446.586310,-179.949098,208683.079178,59.844834,207344.309319,98.250361,1014.186263,-21.998308,1005.335666,-142.000088,1011.633496,59.945862,0.001124,1,0
4.000000,-60.022295,208370.322278,179.921080,209029.894931,59.928609,208627.742965,97.762465,1014.612270,-22.186514,1020.901739,-141.932856,1014.759550,59.947892,0.002940,1,0
4.033000,-59.978519,207323.790432,179.923997,208229.909248,59.905883,209953.455018,97.936231,1014.111824,-21.935129,1009.771803,-142.194761,1007.603485,59.947717,0.004876,1,0
4.067000,-59.931580,208973.976125,179.877266,208558.353730,59.883324,207731.239079,98.006673,1016.597001,-22.329230,1023.185081,-141.778047,1021.383582,59.949566,0.006642,1,0
4.100000,-60.041595,211447.426324,179.776613,209205.604959,59.943481,209203.915202,98.029705,1014.068541,-22.384714,1013.500478,-141.957051,1010.974829,59.949400,0.005152,1,0
4.133000,-59.955970,209054.469198,179.979656,208832.000808,59.760682,208364.292997,97.947721,999.266380,-22.004519,1012.089735,-142.094888,1015.719509,59.945713,0.012703,1,0
4.167000,-60.012781,208344.532617,179.926535,207267.956681,59.855473,207434.196442,98.174273,1012.891552,-21.982702,1007.122443,-142.268860,1018.607338,59.946113,-0.000591,1,0
4.200000,-60.043529,208197.941799,179.809492,207887.451283,60.081192,206202.174257,98.064551,1019.832723,-22.032616,1015.152925,-141.973634,1008.044311,59.946700,-0.009060,1,0
4.233000,-60.324739,208699.065277,-179.914512,207992.876123,59.891675,208601.030561,97.582695,1007.170054,-21.899870,1005.119767,-142.217968,1004.426587,59.953714,-0.004317,1,0
4.267000,-59.962538,210432.950129,179.972268,209191.487566,59.826927,208749.983652,98.128586,1006.286628,-22.023025,993.663117,-142.463562,998.102321,59.953668,-0.000944,1,0
4.300000,-59.959289,208023.466522,-179.898833,209180.721969,59.846378,207631.999556,98.056908,1004.662629,-22.154383,1006.844628,-142.224060,995.325878,59.957867,-0.007361,1,0
4.333000,-60.108807,207223.543123,179.878082,208220.513214,59.871377,209334.436099,97.794177,1001.770823,-22.184445,1010.524615,-142.245184,999.189451,59.956834,-0.001838,1,0
4.367000,-59.982089,209706.258364,179.884965,209947.383885,59.836616,208579.713137,98.123025,1005.411729,-21.961740,1004.270463,-141.960304,1001.195218,59.950450,0.005117,1,0
4.400000,-60.194901,209476.668704,179.923023,209548.130515,60.036286,208441.659631,97.658233,1001.445709,-22.056769,1002.182448,-141.756771,1011.686272,59.953595,0.005935,1,0
4.433000,-60.059023,211643.996484,179.968643,209568.245310,59.902549,208301.282968,97.738802,1000.106983,-21.724231,1005.618129,-142.385382,1008.061378,59.944886,-0.003575,1,0
4.467000,-60.203694,208878.696770,-179.851911,207548.446076,59.838395,208915.469649,97.730174,998.774045,-21.888719,1011.673068,-142.084850,1010.649060,59.953840,0.008777,1,0
4.500000,-60.058277,208421.889692,179.932908,208767.510408,59.996304,206896.378506,98.056386,1003.334548,-22.075932,1001.750500,-142.026650,1002.155741,59.955568,0.005416,1,0
4.533000,-60.148871,210603.257192,179.958445,209335.359065,59.972411,209465.182621,97.984264,995.895264,-21.822931,997.088917,-141.734773,1006.384918,59.949882,-0.005233,1,0
4.567000,-60.236718,208698.576334,-179.988527,209295.226439,60.035549,207937.544914,98.001174,997.907711,-22.035678,1004.361075,-141.976422,999.861396,59.957653,-0.001350,1,0
4.600000,-60.031471,210818.268876,-179.935579,210008.172725,59.973845,208649.910512,98.180073,997.911712,-21.849404,1009.121114,-142.001658,999.230188,59.952472,0.007577,1,0
4.633000,-59.944244,209248.524348,179.857542,209395.090296,60.162390,209113.344503,97.826971,1004.684769,-22.422570,1006.845688,-141.814461,1010.271648,59.953599,-0.002209,1,0
4.667000,-60.112942,209900.263857,179.845540,209102.000109,60.075805,209268.317395,97.715334,1005.890795,-22.093279,1012.535612,-141.994433,1009.640205,59.962766,-0.004972,1,0
4.700000,-59.954530,209744.267384,179.850623,210129.477851,60.114307,209975.770553,97.939280,1017.616790,-22.072413,1000.096270,-141.841097,995.199346,59.949903,0.014573,1,0
4.733000,-59.999263,209839.654917,179.984247,209465.425276,59.740859,209037.117581,98.206499,1015.304787,-21.734863,1002.453043,-142.039239,1004.101229,59.962004,0.002972,1,0
4.767000,-59.801766,209173.596759,-179.933961,210842.958701,59.819639,210147.107010,98.137515,1015.461657,-22.082202,1006.677544,-142.120096,999.409507,59.959157,0.001929,1,0
4.800000,-59.933696,210055.737560,-179.871540,209532.493979,60.117234,211213.527802,98.048362,1015.048960,-21.962390,1004.865932,-142.170882,1003.888964,59.948835,0.001145,1,0
4.833000,-60.012183,210613.190725,179.962119,210132.097601,60.264775,208501.499444,98.166960,1004.849359,-21.896876,1007.071220,-141.763731,1002.276487,59.950773,0.000685,1,0
4.867000,-59.929135,210871.262051,-179.876806,210388.697303,59.924049,208846.073353,98.202078,1007.780635,-21.972398,1003.482135,-142.178735,1004.492600,59.957458,0.006786,1,0
4.900000,-59.890740,210756.077491,179.966746,209487.362654,60.113914,210896.861517,98.031281,1002.371864,-21.853923,1005.455520,-141.814841,1011.004000,59.955656,0.008961,1,0
4.933000,-59.986684,210458.784933,179.972504,209632.078908,60.043368,209719.546433,97.967811,1014.661205,-21.893694,1008.599768,-141.861817,1014.327717,59.959188,-0.004056,1,0
4.967000,-59.882196,210539.588836,179.962358,209323.460070,60.032763,210206.830385,98.171254,994.731978,-22.182568,1010.276930,-142.357560,1019.008041,59.956001,-0.007014,1,0
5.000000,-60.110958,209770.664957,-179.973403,210344.001748,60.082498,209476.225676,97.604802,1019.496743,-21.894625,1006.689449,-141.824988,1020.609713,59.960464,0.007898,1,0
5.033000,-59.801980,210237.160246,-179.731729,208976.820822,60.076734,211447.968715,98.248503,1008.851892,-21.855959,1005.287884,-141.729702,1003.259865,59.958390,0.002068,1,0
5.067000,-60.119795,210412.343445,-179.955146,210681.962091,59.866288,208649.666971,97.573606,1011.122077,-21.639746,1011.991896,-141.994063,1011.806021,59.959357,-0.002295,1,0
5.100000,-60.149229,208750.132293,-179.762543,211797.476064,60.069506,209990.742409,97.875288,1011.023256,-21.650567,1012.445246,-142.040294,1011.968949,59.961702,0.006305,1,0
5.133000,-59.876839,210084.792708,179.911055,209466.485879,60.020597,211308.143820,98.065267,1023.887305,-22.304677,1025.672922,-141.840690,1023.862882,59.957197,0.002841,1,0
5.167000,-60.007066,210991.698008,179.845735,209900.309812,59.963614,209993.841058,98.036628,1015.782766,-22.397324,1011.405743,-141.955615,1018.457642,59.960063,0.004541,1,0
5.200000,-59.981219,210210.703838,179.986646,210671.244971,59.996426,210633.599803,98.099567,1004.647638,-22.144493,1016.688752,-142.149124,1014.134312,59.954566,-0.002931,1,0
5.233000,-60.058180,210312.989325,-179.948884,209594.079685,59.858872,211803.708226,97.998592,1022.376337,-22.152819,1018.757134,-142.276098,1016.317075,59.954849,0.004125,1,0
5.267000,-60.161824,209897.808983,-179.816965,212601.935222,60.305297,210783.431105,98.044309,1025.591313,-21.755956,1019.993103,-141.708928,1025.668273,59.947555,-0.004207,1,0
5.300000,-59.721928,211095.934586,-179.939799,210017.340641,60.105721,209963.046802,98.343702,1008.657365,-21.908170,1004.934972,-141.967641,1011.046168,59.947092,0.001367,1,0
5.333000,-59.993952,209643.596694,-179.806296,209121.858261,60.023016,209658.699017,98.038241,1016.753044,-21.901756,1019.603827,-142.007373,1013.549661,59.949312,-0.000542,1,0
5.367000,-60.204598,211842.531749,179.980731,209589.441206,60.000307,211021.473415,98.026034,1008.519686,-21.909877,1011.419377,-142.104062,1011.225987,59.944945,-0.000757,1,0
5.400000,-59.754966,210085.662927,-179.911025,210770.650081,60.181531,211613.040507,98.342914,1006.966099,-21.660698,1006.233017,-141.776865,1021.698131,59.951815,0.006079,1,0
5.433000,-59.961924,210044.401900,-179.762589,211475.001492,60.190610,209234.672640,97.948509,1001.880544,-21.845523,1010.659390,-141.603855,1022.267419,59.951719,0.002536,1,0
5.467000,-59.989430,211048.783722,-179.909641,209452.614134,60.007322,210568.197793,97.988371,1021.243151,-22.105260,1002.903912,-141.851058,1019.142430,59.955232,0.004106,1,0
5.500000,-59.902719,210805.517182,-179.916660,210795.348244,60.000627,211251.511028,98.041638,1021.368142,-22.157731,1018.560943,-142.002886,1008.484557,59.952694,-0.003715,1,0
5.533000,-60.112588,212289.202382,179.827556,210566.616935,60.049628,210500.201157,98.169750,1009.999012,-21.948289,1018.101516,-141.906152,1018.492799,59.951058,-0.005787,1,0
5.567000,-60.168556,210482.955862,179.915901,210117.932312,60.063637,210471.477699,97.538740,1004.543641,-22.125141,1013.336712,-142.123129,1010.720839,59.948319,0.001054,1,0
5.600000,-59.711893,213177.912580,179.867267,210621.033149,59.913755,211305.283295,98.057085,1015.128652,-22.036287,1010.895200,-141.901329,1021.057483,59.954217,0.000806,1,0
5.633000,-60.119505,211839.537827,179.982256,209568.665020,59.948487,210648.767550,97.853916,1025.554071,-22.194850,1013.112196,-142.144464,1019.706628,59.951923,0.011341,1,0
5.667000,-60.033967,212143.871365,179.953684,212037.579106,60.082534,210226.210746,97.670241,1021.935774,-22.098603,1017.050033,-142.012705,1010.356053,59.959183,-0.002312,1,0
5.700000,-60.047980,211302.908725,-179.989454,211300.891051,59.989182,209794.620492,97.805437,1006.403697,-22.133544,998.324313,-141.755467,1007.287960,59.956239,0.004800,1,0
5.733000,-60.028941,209378.895129,-179.928244,208237.840850,59.930759,211565.283927,98.087048,1010.480469,-21.863888,997.343291,-141.958997,996.537082,59.951181,0.003964,1,0
5.767000,-59.960164,211392.289542,179.892624,210026.234089,60.149907,209708.273411,98.057194,1002.726044,-22.286757,1008.306797,-141.879543,1007.997089,59.948752,-0.003772,1,0
5.800000,-59.907250,210002.436142,179.950097,208733.106649,59.999433,208989.822837,98.200459,1003.400337,-21.822908,1002.572824,-141.858537,1000.075964,59.961312,-0.001066,1,0
5.833000,-60.003316,212015.477826,179.984298,211507.060115,59.980652,211226.991627,97.993743,996.708534,-22.091664,999.365437,-141.955452,1003.319573,59.951857,0.007992,1,0
5.867000,-59.901196,211678.812533,179.998743,210886.631257,59.737490,210518.924141,98.158311,1010.320855,-22.094502,1008.491532,-142.287372,1005.855412,59.953549,-0.004029,1,0
5.900000,-59.994176,212183.571177,-179.922319,211257.569561,59.957029,211297.979119,98.053307,1004.816678,-21.670857,996.570165,-141.886134,1009.737434,59.959653,-0.007335,1,0
5.933000,-60.084919,209331.733492,-179.970295,209309.160955,60.139350,209564.456004,97.807705,993.841647,-22.184827,1006.052429,-141.971524,1010.343466,59.959292,-0.004698,1,0
5.967000,-59.878502,210553.549940,179.899338,210352.986761,60.010268,210095.464704,98.095370,1005.670265,-22.117337,1002.818422,-142.180835,998.636270,59.959433,0.003167,1,0
6.000000,-60.043130,210242.473756,179.865014,211706.126736,59.951249,208271.138746,97.992509,1001.036478,-21.920271,993.044255,-142.012204,1009.495141,59.958117,-0.002078,1,0
6.033000,-60.002643,210188.456672,-179.982730,208726.171821,59.971445,208414.307124,98.189988,1008.706283,-22.052854,1002.733281,-142.028174,1006.350737,59.964478,0.000388,1,0
6.067000,-60.102339,208878.341206,179.973200,209148.916152,60.049571,209384.027620,97.701904,1009.607536,-21.884004,1003.901893,-141.949227,1004.096836,59.972473,-0.007607,1,0
6.100000,-60.115194,208671.704959,179.964985,211334.280307,60.041992,210111.097957,97.890248,1001.848655,-22.280576,1003.411104,-141.897225,997.300624,59.967391,-0.004966,1,0
6.133000,-60.093521,210561.189194,179.933454,210253.407275,59.910825,208953.045556,98.274113,1003.772456,-22.198437,999.702355,-142.115284,998.840560,59.969939,-0.004169,1,0
6.167000,-60.041753,210649.069987,179.973431,208931.599788,59.874009,211487.470520,97.981159,1013.611613,-22.050378,1006.909095,-141.972189,1010.591250,59.968432,-0.017682,1,0
6.200000,-59.946924,210838.971572,-179.936983,210415.939869,60.144428,208563.346412,97.850174,1004.765343,-22.023236,1010.848540,-141.858025,994.375324,59.964583,0.006856,1,0
6.233000,-59.903535,209804.350532,179.921569,210841.183942,60.044667,210602.206332,97.897210,1017.063865,-22.059404,1003.632451,-141.557755,1010.248365,59.967491,-0.005311,1,0
6.267000,-59.950470,208595.728540,179.939824,210101.292475,60.094958,209798.481633,98.053121,1006.179440,-22.059474,999.528296,-141.796020,999.980734,59.962496,0.004375,1,0
6.300000,-60.149785,209718.703030,179.980434,211527.220940,59.848084,210465.195475,98.032334,1001.983769,-22.420075,1019.071525,-142.152181,1005.465111,59.958424,-0.000209,1,0
6.333000,-60.054337,208911.506253,-179.932134,210721.654515,59.934594,210398.593960,98.002089,1016.621021,-22.085145,1005.220856,-141.920927,1009.295644,59.957224,-0.013622,1,0
6.367000,-60.107226,211108.648020,-179.950581,211489.206275,60.179786,209972.305025,97.961808,1008.644001,-22.113131,1013.507108,-141.917689,1013.788727,59.950419,0.002028,1,0
6.400000,-59.959092,210043.120655,-179.917850,210918.147099,60.161237,211617.812773,97.553833,1010.315339,-21.889285,1014.535415,-141.844387,1010.454793,59.956763,-0.001191,1,0
6.433000,-60.043923,210794.731614,-179.788319,210209.635965,60.079298,210394.247941,97.810677,1011.668428,-21.978776,1022.411230,-141.971373,1013.586771,59.959241,0.004901,1,0
6.467000,-60.098441,212393.464964,179.895055,211935.456375,59.994750,211852.745743,98.172433,1013.372750,-22.183612,1010.441426,-142.176186,1004.463890,59.951943,0.011375,1,0
6.500000,-60.065340,211320.281497,-179.996923,210440.191155,60.112279,211566.437253,97.916528,997.381261,-21.794305,1006.174070,-141.927895,1013.764466,59.963082,-0.013380,1,0
6.533000,-59.961154,210070.180391,-179.793222,209341.959938,60.150040,209962.996709,98.185597,1016.881980,-21.536728,1015.516038,-141.858641,1013.520342,59.960739,0.003939,1,0
6.567000,-59.859309,210302.219739,-179.972555,209688.694022,60.044551,209831.842573,97.951163,1001.456025,-22.181071,1010.734389,-141.829821,1013.507465,59.964670,-0.003170,1,0
6.600000,-59.973340,210753.747994,-179.894095,209460.093092,60.240775,210815.053171,97.976967,1020.083547,-21.930752,1018.090681,-141.704215,1006.035775,59.959000,-0.008750,1,0
6.633000,-60.068589,209529.281245,179.903910,208618.635126,59.764315,209177.465586,98.083643,1010.556110,-21.860854,1002.679194,-142.237282,1015.871477,59.957503,0.010148,1,0
6.667000,-60.012632,211382.049827,179.925161,210722.257440,59.941593,209493.120439,98.065277,1010.389177,-22.396945,1002.146631,-141.770071,1005.124661,59.959494,-0.009116,1,0
6.700000,-60.198124,210597.456892,-179.949864,209434.854330,60.061775,210982.934994,97.729069,1004.304282,-21.925418,1001.996751,-142.023850,1015.226114,59.959850,0.005384,1,0
6.733000,-60.073967,211398.065344,179.912979,210751.406895,59.987934,208264.033725,97.797578,997.587750,-22.041286,1001.154227,-141.898108,1002.300168,59.961195,0.001518,1,0
6.767000,-60.083993,211021.496486,-179.983170,211468.885665,60.093287,211471.362047,97.863653,1007.970522,-22.030475,1002.723732,-141.928242,999.686765,59.966247,0.001363,1,0
6.800000,-60.169184,209304.929171,179.961316,209624.200922,60.063069,210541.678255,98.154062,999.436462,-22.015152,1013.776844,-141.991182,1004.792562,59.959728,-0.001998,1,0
6.833000,-59.991365,210295.292897,179.972777,209891.139752,60.111796,208113.704338,98.122548,993.280127,-22.053944,986.477514,-141.701260,998.948682,59.956530,0.008127,1,0
6.867000,-60.078600,210690.623830,179.988240,212651.806491,60.006676,210069.399092,97.768020,1002.900633,-21.998830,995.825019,-141.946561,996.127806,59.956727,0.003928,1,0
6.900000,-59.984403,210376.409864,179.948753,210227.957750,60.049770,209130.166042,97.985125,998.725646,-21.899984,996.990267,-142.037782,997.221950,59.973916,0.003032,1,0
6.933000,-60.173176,211198.137956,179.951807,209638.665015,60.104901,210758.256666,97.762132,996.431333,-21.992775,988.612191,-141.738851,1007.917798,59.961413,0.001530,1,0
6.967000,-60.164696,212305.340732,179.879705,210586.679519,60.061358,209920.279659,97.973365,996.024297,-22.002167,1003.108055,-142.231717,991.913661,59.959159,0.006509,1,0
7.000000,-60.045369,211247.228546,179.921566,210321.058093,59.932368,209025.569152,97.966812,997.993521,-22.094850,1000.740746,-142.189961,1005.445926,59.958523,0.003420,1,0
7.033000,-60.018172,209966.372195,179.812876,210985.590138,59.959270,210766.537076,97.965430,992.242529,-22.297202,994.226635,-141.889307,999.386975,59.959393,-0.004475,1,0
7.067000,-59.862815,209963.664850,179.835268,211483.392725,59.948355,208924.596874,98.255978,998.245678,-22.301843,998.779025,-142.000439,985.360243,59.956850,-0.002337,1,0
7.100000,-59.851779,211113.799420,179.964411,208450.151432,60.026526,209742.712247,98.152826,1002.519351,-21.956584,998.143662,-142.103851,1003.279866,59.961979,-0.002486,1,0
7.133000,-60.040526,211033.952663,179.958388,209109.666904,59.911302,210115.974072,98.296921,989.238587,-22.064908,1001.181190,-142.153943,991.687564,59.962781,0.004204,1,0
7.167000,-59.880872,210746.961951,179.908064,211226.297206,59.838769,210301.974917,98.364447,997.964797,-21.760239,993.369352,-141.847660,1000.546596,59.961419,0.005028,1,0
7.200000,-59.862765,209655.497838,179.838987,208555.110870,59.912739,211441.099175,97.894837,990.540991,-22.150074,1002.960109,-142.189395,1000.088492,59.964774,-0.004187,1,0
7.233000,-59.983204,210356.289436,179.808909,208794.611267,59.981943,209884.641024,98.105652,998.251996,-22.198069,1000.831040,-142.288183,990.654725,59.961172,-0.005212,1,0
7.267000,-59.886121,209622.933971,-179.892698,208267.459885,59.962780,209147.412513,98.355590,998.621513,-21.976586,1000.192058,-141.779772,994.753974,59.958797,-0.002544,1,0
7.300000,-60.246948,209702.977455,-179.970811,210626.342202,59.981571,208933.864730,98.006059,1002.389258,-22.041897,997.801320,-141.908884,999.868929,59.968483,0.002250,1,0
7.333000,-59.861932,209305.320636,179.954310,211252.746452,59.870724,210823.989625,97.918246,1005.638219,-22.119033,1008.222328,-141.886041,1011.065290,59.961909,-0.003380,1,0
7.367000,-60.072078,208440.855374,179.944545,209218.266827,59.971884,209067.153300,97.676619,995.797556,-21.856551,1007.312771,-141.645781,1001.443171,59.968099,-0.003596,1,0
7.400000,-60.073027,210177.599138,179.999817,209538.243138,59.860708,207933.597277,98.242248,1015.989611,-22.233154,1003.540434,-142.083066,994.679825,59.963845,0.001078,1,0
7.433000,-59.992493,209976.355162,179.847226,211012.839915,59.953233,210075.802071,98.222765,1003.230313,-22.354562,1006.469940,-142.082484,1015.059960,59.968547,-0.000586,1,0
7.467000,-59.857950,211017.482733,179.979250,208351.869946,60.066992,210811.647842,98.110552,1011.290299,-21.997780,1004.718917,-141.437515,1001.557425,59.960859,-0.009856,1,0
7.500000,-60.019455,211014.808052,-179.966354,208843.245071,60.010855,209413.272346,98.004899,1010.786261,-21.765715,1017.321859,-141.515449,1008.864993,59.971459,0.005736,1,0
7.533000,-59.849965,210844.277648,-179.868933,211346.295951,59.955320,210814.407145,98.045626,1015.043680,-21.782495,1008.684826,-142.203463,1020.058913,59.962037,0.004471,1,0
7.567000,-59.899081,209163.129664,-179.902032,209593.512370,59.915494,208275.068653,98.025073,1005.474234,-21.952703,1014.817195,-141.959746,1002.405150,59.960441,0.001886,1,0
7.600000,-59.860290,209338.625986,-179.874171,210669.390685,59.877075,209228.318550,98.296297,998.223307,-22.019002,1009.475855,-142.100832,1013.136197,59.959682,0.006677,1,0
7.633000,-59.740071,209115.228393,-179.975008,208768.710844,60.163967,210219.310494,98.070048,1006.850534,-22.029367,1005.545597,-141.750712,1011.686809,59.970874,0.012288,1,0
7.667000,-59.993311,210993.323581,179.946080,208557.031045,60.058932,210326.858940,98.135068,1008.919148,-22.152531,1002.243889,-141.822693,1003.718100,59.962884,0.003710,1,0
7.700000,-60.054919,210080.094079,-179.852725,210583.639071,60.182888,209033.154688,98.055478,1000.844312,-21.660103,1000.792716,-141.849261,1012.107003,59.964704,0.004597,1,0
7.733000,-59.982555,209947.430413,-179.822133,210714.267463,59.790842,209587.948519,98.154269,1017.202672,-21.835410,1017.387620,-142.125844,1010.735346,59.969970,-0.006678,1,0
7.767000,-59.932257,209342.639359,-179.975929,210207.572730,60.149330,209909.016063,98.085533,1010.651520,-21.883586,1005.523415,-142.034003,1007.099335,59.967038,-0.001584,1,0
7.800000,-59.882355,210426.451688,179.905761,209893.068447,60.000312,210879.846319,97.796917,1012.786857,-22.169524,1013.159580,-141.751615,1000.418665,59.968373,-0.002863,1,0
7.833000,-60.025274,210176.496629,-179.933283,209816.715528,60.089047,210180.369024,97.883515,1015.832793,-21.693590,1013.221849,-141.954208,1008.887900,59.960922,-0.007472,1,0
7.867000,-59.850365,209791.386275,179.955124,210584.159499,59.982611,210056.333752,98.336013,1007.246130,-22.097008,1004.397597,-141.836149,1010.345728,59.957773,0.003195,1,0
7.900000,-59.888661,210202.885800,-179.855769,210290.685268,59.989638,208652.817718,98.083439,1010.983771,-22.355555,995.455029,-141.981025,1004.513920,59.969930,0.001900,1,0
7.933000,-59.909968,209783.184699,-179.928479,209993.049655,60.223054,209714.147527,98.115476,1004.068384,-22.126799,996.822100,-141.486986,1005.543508,59.970508,0.000038,1,0
7.967000,-60.060599,209431.413707,-179.877502,209583.568558,60.019005,208699.255598,97.908176,1017.809688,-22.034620,1006.121520,-141.835348,1001.360661,59.975549,-0.005222,1,0
8.000000,-60.078523,210160.751963,179.955573,209974.357350,60.005711,210150.461479,97.992226,1007.407733,-22.026128,1008.642015,-142.249951,1016.091295,59.958617,0.003528,1,0
8.033000,-59.925086,208266.278400,179.934004,210849.468532,59.923855,210392.628959,97.889933,1016.823213,-22.073835,1018.448462,-142.233943,1015.642888,59.963650,-0.000995,1,0
8.067000,-59.876472,209584.574126,-179.943725,207441.821810,60.120468,211022.997098,98.153278,1014.891537,-21.781114,1010.566425,-141.940317,1003.906207,59.959137,-0.007287,1,0
8.100000,-60.209251,211685.019571,-179.944036,210562.185627,59.867284,210282.617564,97.923504,1003.849337,-21.952377,1006.209695,-141.745926,1019.903491,59.964252,0.019639,1,0
8.133000,-60.092960,211010.491724,179.817141,209080.018157,59.786943,209359.588382,97.871489,1016.389605,-22.705266,1021.037271,-142.529510,1018.928018,59.959695,0.002146,1,0
8.167000,-60.097009,208648.009813,-179.847449,208341.638944,60.011360,210962.726682,98.123196,1001.283172,-21.600020,1008.242971,-142.127394,1014.637792,59.971515,0.002933,1,0
8.200000,-59.897618,210087.981218,179.933353,211873.617736,60.167901,209871.033342,98.166147,1008.432681,-22.219215,1012.829372,-141.802413,1004.035214,59.961649,0.007690,1,0
8.233000,-60.083506,209982.549603,179.954031,210646.975101,60.114996,210028.340454,97.997360,1007.256863,-22.133108,1019.137291,-141.861583,1014.262916,59.958815,-0.004221,1,0
8.267000,-60.093270,210953.113968,-179.928692,209657.836706,59.853359,210241.888842,97.848623,1010.757880,-21.983688,1002.948969,-142.314572,1008.757153,59.956452,-0.006063,1,0
8.300000,-60.020465,210386.262620,179.985359,210325.709776,59.872857,208058.729387,97.556374,994.200466,-21.835191,1008.941427,-142.398640,1000.623167,59.962284,-0.007923,1,0
8.333000,-59.813548,211367.266293,179.913729,211681.122426,59.889130,210814.396305,98.135816,1018.274443,-22.022964,1016.832128,-142.265388,1014.260480,59.963530,0.012611,1,0
8.367000,-59.937807,210704.306545,-179.941240,212494.070477,59.999477,211498.782740,98.366039,1013.613673,-22.013753,1023.020113,-141.908953,1015.816292,59.962351,0.015574,1,0
8.400000,-60.050711,210068.343978,179.905652,209605.392262,59.804557,211221.627965,97.788008,1021.551914,-21.701021,1019.524866,-142.537513,1017.019581,59.960970,-0.007284,1,0
8.433000,-60.172566,210725.547672,179.871299,209696.946176,59.846132,208911.108035,98.125835,1017.726927,-21.968736,1021.203736,-142.249046,1015.401836,59.955467,-0.010917,1,0
8.467000,-60.158794,209822.706659,-179.983850,209762.536273,60.008771,209926.830656,97.822832,1009.352853,-21.965121,1019.267596,-141.808693,1021.714880,59.958881,-0.006374,1,0
8.500000,-60.142124,209950.449468,179.623270,209630.388065,59.909265,211769.426114,98.018077,1011.955525,-21.763058,1013.757556,-142.226765,1017.976007,59.957466,-0.007346,1,0
8.533000,-60.066735,210250.595383,179.869633,209753.260295,59.915192,210907.070681,97.791549,1030.704157,-21.935912,1029.811620,-142.222953,1017.214443,59.960091,0.005388,1,0
8.567000,-60.124509,210673.447336,179.862588,209362.820337,59.708409,209528.900079,97.843667,1014.008300,-22.193687,1017.176683,-142.078786,1013.956809,59.956818,0.007359,1,0
8.600000,-60.021967,209816.140383,-179.906012,209711.521854,59.963651,210983.319842,97.902605,1017.435638,-21.971977,1015.081482,-141.645362,1020.770472,59.951827,0.000850,1,0
8.633000,-59.949514,209110.441561,179.985452,210978.066564,59.874146,208945.238551,97.803583,1016.643640,-21.987031,1015.738445,-141.936085,1015.122045,59.957041,-0.005934,1,0
8.667000,-59.823671,210647.905150,179.864752,210231.408521,59.768307,210976.727916,98.206320,1027.984372,-22.008955,1018.725207,-142.173480,1022.778871,59.957806,0.004222,1,0
8.700000,-59.934969,210882.295925,179.841726,211632.247009,59.815210,211109.862009,98.288592,1022.917252,-22.099382,1016.973360,-142.137080,1019.896905,59.960647,0.001521,1,0
8.733000,-59.975105,210232.676125,179.853803,208847.510364,59.598587,208867.648265,97.706953,1020.747357,-22.258477,1020.012589,-142.347949,1012.860764,59.958577,0.001350,1,0
8.767000,-59.928818,210005.749067,179.952305,210481.127255,59.910197,209367.133166,98.153017,1023.034632,-22.090351,1019.839682,-142.017426,1017.264026,59.962101,0.006723,1,0
8.800000,-59.980369,210920.608359,179.903696,209582.971137,60.030014,210559.078162,97.757515,1009.745831,-22.141684,1033.180554,-141.792641,1019.678249,59.958275,0.010209,1,0
8.833000,-60.226792,211383.421450,179.974811,210229.844949,59.998487,211820.911163,97.903815,1010.889299,-22.142378,1011.723801,-142.053443,1015.457869,59.950720,0.004111,1,0
8.867000,-59.775069,209284.269935,179.862116,207522.573519,60.028434,210262.884794,98.272234,1025.092632,-22.358990,1041.225143,-142.048732,1027.266689,59.964604,0.011494,1,0
8.900000,-60.037406,211387.510608,-179.937000,209701.267490,59.761678,209352.767195,98.329500,1024.182324,-21.857838,1018.744269,-141.994631,1024.614732,59.965845,-0.002103,1,0
8.933000,-59.962448,210545.677314,179.977653,210807.277366,59.834184,209675.688347,98.074701,1026.987041,-21.980055,1011.240417,-142.480173,1020.989276,59.958196,-0.001197,1,0
8.967000,-60.025009,212079.093084,179.926793,209347.021878,59.867910,209295.357147,97.893922,1028.153760,-21.984308,1019.709162,-142.138603,1022.082869,59.953842,0.005750,1,0
9.000000,-60.199990,210201.946804,179.893708,210478.611405,59.914670,211969.985946,97.769288,1016.203231,-22.163648,1025.572282,-142.164186,1021.377631,59.963735,0.001747,1,0
9.033000,-60.167028,210994.396494,179.924627,209276.938986,60.042182,209882.951689,98.017274,1022.699354,-22.135124,1015.100050,-141.693047,1033.826628,59.953771,0.008315,1,0
9.067000,-60.035110,210632.645299,-179.959467,209541.328380,59.887000,211359.661868,98.254759,1029.641379,-21.958711,1017.775557,-142.203083,1025.356701,59.965881,-0.004123,1,0
9.100000,-59.962273,210118.868857,179.895820,209113.916296,60.009408,210548.355663,97.801139,1021.467504,-22.088001,1019.715404,-142.073948,1017.792493,59.958437,0.004014,1,0
9.133000,-59.996039,211292.299769,-179.934779,209292.367054,59.986717,209193.855847,97.983365,1018.555482,-21.911247,1014.207842,-141.964220,1013.782308,59.962806,0.013938,1,0
9.167000,-59.895823,208411.277086,179.969338,210699.751610,60.101279,210519.624060,98.155227,1015.470592,-22.081015,1022.680682,-141.460180,1017.842668,59.960743,-0.001031,1,0
9.200000,-59.787098,210041.970006,-179.932442,209867.645673,60.106567,210907.128350,98.219784,1014.119981,-21.400562,1007.721163,-141.708473,1010.237664,59.958799,0.009229,1,0
9.233000,-59.905941,210222.621391,-179.922938,211427.343723,60.164885,210534.996566,97.786112,1022.425023,-21.917492,1017.919473,-142.447447,1013.817337,59.966330,-0.004272,1,0
9.267000,-59.934244,209635.273112,-179.890035,210907.969344,59.942599,209433.406753,98.138839,1019.246313,-22.053114,1015.700807,-142.110482,1014.135552,59.961288,0.001790,1,0
9.300000,-59.910926,211032.485999,179.959169,211466.574200,60.012245,210017.584914,97.956586,1026.536806,-21.895116,1019.971888,-142.132964,1019.626024,59.958468,-0.008258,1,0
9.333000,-59.984441,210769.117849,179.963501,211280.720605,60.160427,210047.934669,97.997447,1026.658877,-21.849058,1022.134037,-141.632487,1026.487551,59.964141,-0.007668,1,0
9.367000,-59.931200,210489.733732,-179.931822,211128.157292,60.041907,210216.787269,98.140995,1024.148858,-21.737768,1024.310608,-141.919145,1022.752156,59.958542,-0.002332,1,0
9.400000,-59.893807,209032.830455,-179.867003,211381.680794,60.163017,211310.964364,98.425955,1019.021221,-21.987579,1027.032743,-141.892688,1022.387184,59.962311,0.002959,1,0
9.433000,-59.950172,209189.074090,-179.818699,210093.843610,60.212472,210114.137580,97.804169,1023.364334,-21.457056,1028.703072,-141.566399,1019.532186,59.958478,-0.002287,1,0
9.467000,-59.764684,208758.989489,-179.839980,208532.576641,60.023322,208734.142451,98.212086,1015.329123,-21.655871,1027.942427,-141.827950,1018.060982,59.965070,0.013443,1,0
9.500000,-59.924958,210268.243416,-179.703552,209764.476322,59.926977,209964.522767,98.152871,1017.740476,-21.819620,1015.266148,-142.153345,1020.231977,59.955890,-0.003753,1,0
9.533000,-59.781688,208638.676852,179.986605,209342.079028,60.102276,211263.023552,97.800079,1017.279830,-21.866223,1020.487116,-141.864330,1020.523696,59.971655,0.000469,1,0
9.567000,-59.956241,210741.576894,-179.824730,209639.927854,60.064763,209670.548392,98.356775,1022.875340,-21.724386,1028.163222,-141.970277,1026.651180,59.967935,0.000326,1,0
9.600000,-59.894223,207846.173254,-179.908822,208130.839203,60.036537,208645.542551,98.245827,1017.865791,-21.914472,1026.642979,-141.828049,1017.618693,59.955402,0.004311,1,0
9.633000,-59.941910,210980.971438,-179.923086,211047.674522,60.017361,208174.924736,98.109233,1020.501446,-22.079099,1033.464125,-142.288093,1024.051329,59.971887,-0.005599,1,0
9.667000,-59.889269,210418.741862,-179.849567,209167.696833,60.051666,210500.621189,97.872950,1011.448285,-21.832056,1008.394807,-142.198760,1014.838527,59.965813,0.001655,1,0
9.700000,-59.988107,208843.245589,-179.994163,209813.361032,60.296797,210165.135684,97.838881,1022.127948,-22.078081,1019.924614,-141.687799,1023.973301,59.962412,0.006354,1,0
9.733000,-59.772122,210690.867261,-179.937931,208224.436732,59.976332,208438.628137,98.519187,1024.701876,-21.565114,1017.686712,-141.945683,1018.472564,59.971446,0.003437,1,0
9.767000,-60.050908,209245.366650,-179.943022,208389.461458,60.145290,209455.566052,98.273042,1012.174138,-21.870603,1012.058399,-141.912448,1010.529880,59.965680,0.008030,1,0
9.800000,-59.863828,209536.380110,179.960858,210481.959270,60.096801,209573.115340,98.115950,1008.394462,-22.217512,1022.974457,-142.022559,1018.745160,59.963524,-0.001707,1,0
9.833000,-59.892379,210611.796807,-179.873691,208587.145990,60.151747,209163.514761,98.052482,1020.724560,-21.811994,1016.305705,-141.854495,1007.830341,59.959173,0.006109,1,0
9.867000,-59.763824,210513.059228,-179.878603,209761.074559,60.079104,207541.717932,98.579026,1012.884796,-21.875404,1012.095078,-141.935493,1017.433437,59.958266,-0.002164,1,0
9.900000,-59.772748,209173.751584,-179.829660,210659.161667,60.219567,209171.530527,98.132776,1000.671723,-22.139397,1009.328869,-141.948690,1008.305880,59.962243,0.002826,1,0
9.933000,-59.716943,209793.461524,-179.944442,209767.876671,60.220765,210294.241304,98.025361,1003.251492,-22.033987,997.424362,-141.892306,1013.270657,59.965990,0.006631,1,0
9.967000,-60.148130,209539.654538,-179.832443,210862.649395,60.108804,209028.221246,97.756251,1005.511045,-21.775654,1002.371131,-141.491190,1018.352156,59.958922,-0.000380,1,0
10.000000,-59.925668,210215.157794,-179.851603,209398.559989,60.319452,210333.388454,98.285054,1002.044347,-21.634859,1007.348660,-141.467111,1008.070598,59.963680,-0.007862,1,0
10.033000,-60.046195,210855.471246,-179.931171,210295.272831,60.074772,211116.915318,97.992547,1002.730088,-21.792532,1011.197452,-141.982673,1006.815542,59.970579,-0.007833,1,0
10.067000,-59.927301,208963.560191,-179.677325,209139.287509,60.313015,208764.881813,97.800731,999.316533,-21.806233,1001.235424,-141.804997,997.119467,59.971121,-0.007271,1,0
10.100000,-60.011999,209729.553799,-179.886789,208713.530447,60.087472,210438.051853,98.099180,998.054394,-21.798312,1005.932159,-141.601377,1007.879973,59.966397,0.007526,1,0
10.133000,-59.833216,209160.669310,-179.960230,209201.270890,60.135867,209764.993067,97.836798,1002.081836,-21.330804,987.868269,-141.491082,1003.261423,59.975758,0.000394,1,0
10.167000,-59.990962,209620.308747,-179.925839,208846.554735,60.046916,208683.132113,98.276713,1003.934842,-22.127502,1010.616785,-141.719302,1002.205990,59.966320,0.001586,1,0
10.200000,-59.831449,209942.083889,-179.665307,209272.416830,60.178991,208776.596063,98.520139,1003.894183,-21.913240,999.134681,-141.879793,1003.662072,59.971427,0.010989,1,0
10.233000,-59.932831,210406.803816,-179.738309,209996.832492,60.298293,210249.044423,98.012750,1000.613765,-21.652121,1008.746660,-141.581903,996.320350,59.973880,-0.003766,1,0
10.267000,-59.774742,208875.330457,-179.710547,209506.945250,60.173971,211140.369431,98.323820,997.411819,-21.603732,1005.179867,-141.937393,1010.427344,59.965164,0.002984,1,0
10.300000,-59.875917,209128.878869,-179.582728,208465.074378,60.090850,210963.215026,97.890129,1004.318521,-21.637514,1004.576371,-141.855283,1006.608507,59.973771,-0.011773,1,0
10.333000,-59.846676,210151.808141,-179.805978,210635.483492,60.119522,210423.750158,97.970291,1004.446416,-21.694831,997.703128,-141.872275,1011.901754,59.960578,0.005463,1,0
10.367000,-59.912038,207817.521115,-179.930044,209224.610861,60.180955,208881.431935,98.283245,1007.341345,-21.971989,1008.317130,-141.824570,1007.919509,59.960283,0.005793,1,0
10.400000,-59.777054,210476.327910,-179.901364,210408.666007,60.158866,209537.434749,98.276638,1008.680342,-21.874057,1005.931793,-141.820940,1014.338170,59.958950,0.001481,1,0
10.433000,-59.747859,209845.692330,-179.790000,210160.273314,60.323019,209776.531478,98.129620,1011.495227,-21.669906,1002.189658,-142.022366,996.809009,59.952194,-0.015619,1,0
10.467000,-59.962523,209695.295387,-179.629396,209859.273216,60.219303,211143.081249,97.955539,1025.564075,-21.343371,1016.280596,-141.818342,1004.595790,59.952370,-0.008644,1,0
10.500000,-59.861649,209925.335975,-179.822961,208741.422813,60.121793,209379.882316,98.063623,1011.989333,-21.827468,1010.109183,-141.628908,1005.664093,59.954611,0.006100,1,0
10.533000,-59.763280,210452.167386,-179.939170,209046.638104,60.229160,210043.729675,97.928817,1004.377120,-21.948285,1001.160620,-142.026687,1006.074753,59.952681,-0.007057,1,0
10.567000,-59.886409,210024.236575,-179.823442,210144.298296,60.324856,209964.821772,97.994722,1021.389640,-22.211825,1009.679321,-141.527370,1019.392935,59.959524,-0.000147,1,0
10.600000,-59.834757,209111.456196,-179.828612,210324.826168,59.990117,210856.460402,98.060599,1009.504998,-21.686568,1013.325433,-141.831715,1002.544566,59.944939,0.001053,1,0
10.633000,-59.840153,210081.763496,-179.894494,209866.316585,60.183492,210501.407271,98.127355,1002.019370,-22.135929,1014.285074,-141.645679,1001.849352,59.952262,-0.001201,1,0
10.667000,-59.988564,208282.636462,179.989414,208543.314173,60.146470,208579.736953,97.811663,1016.375062,-22.342859,1004.645824,-141.988697,1008.064648,59.952026,-0.001961,1,0
10.700000,-59.734147,210617.485318,-179.861372,209721.803901,60.049564,211498.361776,98.407778,1013.524125,-22.009468,1010.523163,-141.973295,1019.244359,59.949446,0.006485,1,0
10.733000,-59.888515,209772.934876,179.974228,208813.668291,60.056941,209231.289383,98.158707,1008.216639,-21.827992,1012.436031,-141.776483,1012.002835,59.948381,0.017538,1,0
10.767000,-59.846901,210137.477947,-179.946335,209022.367665,60.085562,209186.247615,98.133097,1018.011585,-21.668093,1012.128255,-142.090976,1010.124622,59.949741,-0.006949,1,0
10.800000,-59.890508,208345.274022,-179.854809,208703.858142,60.128391,209534.164022,98.136958,1021.766221,-22.043132,1008.674718,-141.985945,1009.507085,59.950970,0.001379,1,0
10.833000,-59.802721,210315.806907,-179.844423,210854.743865,60.339604,209310.087356,98.477498,1014.768159,-22.014176,1010.068749,-141.805568,1020.208311,59.950578,-0.004880,1,0
10.867000,-59.938159,211790.291616,-179.949774,207811.429136,60.131120,209509.543287,98.246538,1016.199268,-22.018737,1009.970437,-141.743637,1011.319904,59.958560,-0.006262,1,0
10.900000,-59.667937,206831.213684,-179.929814,209290.397039,60.236367,207968.132526,98.109747,1006.708595,-21.699484,1007.227823,-141.979404,1005.750010,59.946975,0.002776,1,0
10.933000,-59.811780,210184.514989,-179.915712,209418.651563,60.201077,209149.016344,98.464677,1002.681957,-21.777394,1003.150762,-141.921199,1008.922945,59.949369,-0.004533,1,0
10.967000,-59.850586,209244.232305,-179.806698,208166.781269,60.240032,210396.422563,98.157322,1007.751873,-21.938051,1015.788744,-141.691253,1007.221771,59.947253,0.001213,1,0
11.000000,-59.787458,210463.596487,-179.900224,210111.115129,59.991343,208515.211483,98.053670,1001.701151,-21.997013,1009.164936,-142.020216,1008.515404,59.944102,-0.008296,1,0
11.033000,-59.866990,208185.316468,-179.872098,208549.741190,60.406717,209865.576635,98.217920,1010.259131,-21.840837,1007.197854,-141.862908,998.033414,59.943735,-0.003423,1,0
11.067000,-59.764461,211097.028901,-179.872402,208848.083259,59.985123,209081.655266,98.127439,1006.257115,-21.796696,1015.310554,-142.121445,1009.299161,59.946637,0.006658,1,0
11.100000,-59.851015,210939.945237,-179.747629,208760.622760,60.114004,209456.383858,98.444296,1000.656206,-21.737235,1004.878460,-141.710474,1015.199629,59.946361,0.005492,1,0
11.133000,-59.875514,210246.956616,-179.776426,210460.721207,60.250226,210081.422040,98.082753,1011.023148,-21.433595,1009.360486,-141.652581,1005.165548,59.948702,0.001671,1,0
11.167000,-59.990492,208446.085936,-179.785490,208794.613093,60.190448,210764.993024,98.047418,991.016869,-21.761585,997.890422,-141.480422,995.966803,59.939217,0.009333,1,0
11.200000,-59.795059,209217.058873,-179.855283,210468.089727,60.143266,210625.949064,98.182742,994.760170,-21.836598,1006.984288,-141.835543,1005.273767,59.943797,-0.015735,1,0
11.233000,-59.819513,210487.634980,-179.786914,209679.341164,60.263252,209439.795485,97.873452,1003.238872,-21.728358,993.793410,-141.877049,1006.576952,59.940409,-0.001313,1,0
11.267000,-59.989021,211173.672712,-179.988105,209341.930130,60.080932,208303.309172,98.224693,997.267759,-22.037979,994.603554,-141.831641,1003.604121,59.933001,-0.001679,1,0
11.300000,-59.948413,210090.146294,-179.971647,210198.789475,59.827608,209412.842177,97.903643,992.577181,-21.747636,995.296944,-142.031438,996.410065,59.940599,-0.002417,1,0
11.333000,-59.922422,210975.606588,179.989718,209706.378566,60.091260,210013.142585,97.670622,996.209335,-21.551907,1008.354033,-141.960672,994.876409,59.934242,0.010919,1,0
11.367000,-60.082602,211313.093134,-179.893100,209647.347546,60.025732,209987.737405,97.635974,992.924985,-21.821536,1003.078359,-141.989966,988.708744,59.939486,-0.008875,1,0
11.400000,-59.930001,207022.340159,-179.931477,210278.053202,59.967677,208563.497793,97.762002,993.688172,-21.649452,1007.638147,-141.955423,994.550126,59.945687,-0.012451,1,0
11.433000,-59.914914,209166.011367,-179.983854,209775.777424,60.018053,209057.526792,97.946275,994.152488,-21.550675,1002.093701,-142.125135,999.725613,59.950427,0.005798,1,0
11.467000,-59.799809,211172.041208,-179.908117,211070.793491,60.128132,212637.817633,98.280429,992.884237,-21.900988,997.780673,-142.201566,989.097855,59.947240,-0.001730,1,0
11.500000,-59.853482,211863.141724,-179.886505,209692.534078,59.806394,211810.035314,97.830510,988.916048,-22.331280,985.824387,-142.295051,993.391915,59.944211,0.001514,1,0
11.533000,-60.014406,210780.336144,-179.995225,210039.650675,59.959786,209099.111777,98.021887,999.554456,-21.676096,1001.763665,-141.848433,1001.724618,59.936020,0.005805,1,0
11.567000,-60.145292,210892.478126,-179.970255,210846.388009,60.111011,209986.558314,97.983890,998.994641,-21.766131,991.179416,-141.668164,987.027298,59.938937,-0.000052,1,0
11.600000,-60.148238,210713.676646,179.975960,210755.267226,60.198556,211219.136483,98.066280,998.830753,-21.798324,976.655064,-141.718238,992.801575,59.938673,-0.003531,1,0
11.633000,-60.076650,210115.090108,179.994881,211497.176738,60.001123,211058.490839,98.016350,998.650132,-21.939197,994.672252,-141.835122,985.952057,59.947176,0.000301,1,0
11.667000,-60.072728,210155.765568,179.923133,209889.111022,60.062262,211021.852509,98.053159,992.957964,-22.020445,987.907417,-141.991394,1007.056441,59.931763,-0.002534,1,0
11.700000,-59.856173,210267.664258,-179.900807,210529.524494,60.181136,211674.438794,98.144262,985.826847,-21.770038,987.218293,-141.544797,989.448868,59.929527,0.008232,1,0
11.733000,-59.955716,208842.995508,-179.988600,209304.744563,60.094583,211099.674452,98.411467,988.615495,-21.718549,995.208813,-142.179438,987.984166,59.925984,0.003325,1,0
11.767000,-60.013811,210437.198251,179.980675,209520.351824,60.031024,211200.548883,97.745353,994.977015,-21.997710,988.563957,-142.069751,989.545895,59.929692,-0.003927,1,0
11.800000,-59.786728,211044.771850,-179.969812,210472.961733,60.104850,211085.230365,98.188040,995.820022,-21.908720,990.051565,-142.094606,1001.112166,59.935885,0.000527,1,0
11.833000,-60.187069,212062.991576,-179.921929,210568.185737,60.012466,210107.303226,97.615763,999.332972,-21.857348,1002.564016,-141.760620,1008.188065,59.941758,-0.000974,1,0
11.867000,-59.990542,210476.829773,-179.852651,211220.450231,59.858011,209961.645466,98.033560,999.471243,-22.178874,1005.057289,-142.375625,1001.112830,59.939212,0.005077,1,0
11.900000,-60.025535,209906.921569,-179.974028,210165.434444,59.934589,211362.870490,98.134663,1005.535950,-21.947735,1003.023767,-142.283316,1002.115803,59.932751,-0.009189,1,0
11.933000,-60.132153,209864.754570,-179.949978,210214.478243,59.858015,211115.736202,97.938582,1004.261954,-22.238571,992.526546,-142.099951,1011.848448,59.926469,0.003024,1,0
11.967000,-60.166203,211917.628534,-179.955704,212927.315074,59.925887,210883.319368,98.191937,1003.954686,-21.962818,1000.743424,-141.894730,995.976558,59.938094,-0.003902,1,0
12.000000,-60.012414,209370.031680,179.995917,210711.735994,60.042741,209227.782857,98.018207,993.877332,-21.717213,999.821099,-141.910040,1007.217446,59.929892,0.010625,1,0
12.033000,-60.036594,211470.101301,179.897537,211123.600054,59.985830,210084.427895,97.862570,997.084323,-22.058577,995.424177,-142.174276,1000.744560,59.936804,0.001621,1,0
12.067000,-60.012112,208864.981650,179.937725,209211.199508,60.030450,211081.472079,97.973109,987.520065,-22.184595,996.684873,-142.446896,989.201920,59.932769,-0.007855,1,0
12.100000,-60.075559,209822.703773,179.718116,210741.671611,60.020744,210811.399924,98.092331,990.850279,-22.420849,993.447266,-141.608542,992.767835,59.934716,0.004429,1,0
12.133000,-60.034052,209171.538260,179.934623,210815.250777,59.997741,210503.982132,98.043414,1005.473921,-21.821355,992.216287,-141.839614,999.924095,59.930639,-0.003644,1,0
12.167000,-59.955655,209724.811108,179.861165,209467.639339,59.671590,210869.648310,98.091459,988.351341,-22.384914,998.254639,-142.376753,996.133387,59.936598,-0.005582,1,0
12.200000,-60.054727,207967.087357,179.999828,208893.334525,59.931711,210122.563157,97.562520,996.869422,-21.761143,993.372330,-142.020184,994.165582,59.936475,-0.006481,1,0
12.233000,-60.241062,210194.567358,179.965222,211171.699455,59.956130,211155.723166,97.577881,1008.558863,-21.652823,994.360786,-142.209226,1002.021041,59.932191,-0.010682,1,0
12.267000,-60.198391,209436.574361,179.974047,210442.393680,59.746393,211449.798014,97.927655,1012.301611,-22.173862,1002.193391,-142.134248,1006.768389,59.938539,0.011987,1,0
12.300000,-60.121989,210217.837210,179.777735,209554.218542,59.887062,210401.290586,97.628254,998.501965,-22.285055,1005.747093,-142.109827,1003.217462,59.942251,-0.001880,1,0
12.333000,-60.149737,208970.657922,179.780046,209155.203988,59.893265,209033.909807,97.777364,991.242495,-22.329880,993.299355,-142.060206,1002.629028,59.931983,0.003662,1,0
12.367000,-60.163769,210421.038335,179.848423,212126.871934,59.754221,210977.700792,97.857316,1001.385425,-22.090651,1003.833177,-142.208557,1005.142604,59.937168,-0.012469,1,0
12.400000,-60.315882,209748.409843,179.959390,209047.775453,59.673670,210170.465827,97.872919,1003.118808,-22.150240,994.017902,-142.365886,996.028186,59.941322,-0.005875,1,0
12.433000,-60.092138,211286.763801,179.889654,209441.696923,59.858237,211307.180309,98.195900,1003.033362,-22.160083,995.298736,-142.169804,1006.340452,59.933059,-0.002842,1,0
12.467000,-60.201589,210918.552746,179.853450,209239.652247,59.754334,209665.118320,97.894403,1004.365153,-22.184722,1004.994562,-142.451391,996.901416,59.932353,0.005955,1,0
12.500000,-60.029386,211393.155940,179.809382,210769.494852,59.744396,209099.361400,98.421550,1005.696499,-22.387202,1006.123869,-142.333618,997.160533,59.923498,0.012101,1,0
12.533000,-60.219946,209294.332089,179.696639,211299.697092,59.831018,211236.623856,97.754453,996.320749,-22.478304,997.784832,-142.230217,1008.263250,59.936709,0.000164,1,0
12.567000,-60.194028,208794.021349,179.707719,209557.787878,59.847618,209422.952597,98.188662,1004.216327,-22.296639,1012.323299,-142.353898,1003.516459,59.935636,0.000898,1,0
12.600000,-60.050534,211650.731435,179.912746,210275.590579,59.953499,209642.423142,98.207619,999.656122,-22.417238,999.773194,-141.593031,1002.795254,59.939477,0.008320,1,0
12.633000,-60.110363,209463.933026,179.587437,210168.067248,59.798003,210443.147003,97.530989,994.543523,-22.398809,996.864266,-142.114180,999.875723,59.932915,-0.009606,1,0
12.667000,-60.043354,210301.494534,179.911613,209140.282061,59.798245,210472.970024,97.893900,1003.229662,-22.317995,1008.058915,-142.481059,991.666951,59.937890,-0.005441,1,0
12.700000,-60.381243,209513.601295,179.858278,207102.380237,59.853193,208546.345260,97.472181,1000.313537,-21.838290,1004.467238,-142.364095,995.056811,59.931170,0.006252,1,0
12.733000,-60.400316,209819.714971,179.647265,209692.180857,59.774383,209789.788350,97.451677,994.919615,-22.268139,1000.180885,-141.925206,1000.781690,59.926115,-0.009533,1,0
12.767000,-60.363680,211558.302467,179.829293,207400.968828,59.694226,208230.471636,97.618767,1012.077422,-22.106250,1008.476607,-142.296406,991.952389,59.928361,0.001531,1,0
12.800000,-60.262893,210078.877825,-179.971330,209900.738924,59.815457,210819.107573,97.756696,1005.187412,-21.897555,993.356505,-142.022384,1000.610688,59.927860,0.005751,1,0
12.833000,-60.188685,209590.886810,179.872482,209897.977327,59.851002,208973.031349,98.110033,997.960584,-22.179562,1004.083946,-141.920713,998.514999,59.925588,-0.004383,1,0
12.867000,-60.161016,209885.837097,179.816007,210152.211829,59.776282,209682.899575,98.223112,999.469808,-22.108065,1004.057954,-142.277580,1006.653851,59.927531,0.002462,1,0
12.900000,-60.115324,209482.334857,179.843832,210367.631659,59.966061,210305.728742,97.754613,989.445113,-22.207442,994.705382,-142.292529,1003.896690,59.935943,-0.005515,1,0
12.933000,-60.221026,208494.662167,-179.936881,209100.634081,59.844648,209116.224324,97.716033,1002.318313,-22.257539,989.313457,-142.047352,993.503458,59.922041,-0.001851,1,0
12.967000,-60.133768,209454.862255,179.942140,207638.000740,60.084333,208958.191357,97.974812,992.949324,-22.078843,1000.584875,-142.080607,1001.916135,59.926749,-0.009045,1,0
13.000000,-60.010883,208214.726902,179.880891,209236.198972,59.980211,209371.826447,97.944789,999.809130,-22.095348,1003.903696,-142.006535,992.226007,59.933956,0.007438,1,0
13.033000,-60.067530,208395.140583,179.789686,207443.714308,59.865613,209169.934607,98.217148,993.983441,-22.013777,995.725548,-142.410595,997.577332,59.932521,0.000049,1,0
13.067000,-60.137068,209177.362565,179.894908,210361.262089,59.812365,210900.418960,97.869039,992.888956,-22.106162,999.239707,-142.334100,990.672540,59.937307,-0.005599,1,0
13.100000,-60.232771,211297.023194,179.906097,209753.832475,60.050103,207709.266622,97.874489,995.475651,-22.392049,994.651558,-142.048807,989.453815,59.934999,0.006280,1,0
13.133000,-59.876350,207859.218409,179.892614,207348.210973,60.006841,208250.568739,98.062890,998.338639,-22.069612,996.774019,-141.860275,1002.865220,59.941425,-0.002762,1,0
13.167000,-60.140776,209464.694260,179.897836,209454.321432,60.077276,208923.451686,97.883204,1006.986229,-22.382695,1009.403775,-141.852376,995.892075,59.940907,-0.001311,1,0
13.200000,-60.181351,208741.159255,179.651722,208700.060468,59.764040,209785.727946,98.149866,994.574462,-22.364985,1000.070585,-142.135836,1006.350185,59.944047,0.004917,1,0
13.233000,-60.185320,209158.294781,179.701110,210532.586646,59.939281,208263.712908,97.524879,992.891349,-22.427281,991.455354,-141.545526,994.558037,59.939143,0.009750,1,0
13.267000,-60.401318,210940.005196,179.935290,210871.464513,59.788475,209315.642252,97.778186,1001.142593,-22.266036,1004.844244,-142.367459,998.826048,59.936542,0.000225,1,0
13.300000,-60.285270,209399.718253,179.751461,207182.938522,59.917368,210534.195533,97.542615,1008.395475,-22.111681,1000.849138,-141.927012,1001.804721,59.938166,-0.005655,1,0
13.333000,-60.208978,208544.755181,179.580691,208425.642687,59.696931,209050.827511,98.038547,1006.453916,-22.239198,1004.467798,-142.095387,1001.703816,59.938833,-0.003401,1,0
13.367000,-60.045895,209866.058147,179.961927,208629.799288,59.878000,208883.007641,97.811633,1004.823630,-22.361577,995.196804,-142.467492,993.217410,59.935005,-0.001151,1,0
13.400000,-60.300128,209455.130293,179.813883,209121.086499,59.850705,208170.034137,97.630499,988.645581,-22.229361,998.489046,-141.934329,996.552162,59.945460,0.002020,1,0
13.433000,-60.131038,209046.739651,179.922923,208428.710621,60.066385,208498.239545,97.848035,993.335563,-22.171963,985.421640,-141.751175,985.356125,59.939793,0.014485,1,0
13.467000,-60.205235,209393.893269,179.972255,208467.255409,60.067477,207741.013494,97.919004,999.814063,-21.840880,987.577744,-141.993213,983.310215,59.942042,-0.007751,1,0
13.500000,-60.175513,209274.699484,179.854232,208562.862762,59.939773,207140.331552,97.807437,987.758915,-22.427733,993.503828,-142.060654,989.799782,59.940268,0.002360,1,0
13.533000,-60.174658,208809.508705,179.821831,208104.273057,59.799189,209096.374191,97.385295,999.898349,-22.082462,996.904514,-142.329852,991.525656,59.940876,-0.003403,1,0
13.567000,-60.136065,207728.408424,179.937023,208562.946965,59.966293,210447.098469,97.744461,1002.160788,-22.005847,995.966450,-142.231987,995.517920,59.933770,0.011598,1,0
13.600000,-60.201547,210226.543621,179.914369,208315.509211,59.928983,207754.015605,98.020070,992.495978,-22.068341,993.832478,-142.102644,991.686438,59.943206,-0.005934,1,0
13.633000,-60.145823,209088.533786,179.877994,208425.891927,59.959325,206973.892148,97.527985,1001.164592,-21.996654,994.534311,-142.139455,987.633108,59.939733,0.000120,1,0
13.667000,-60.074741,209066.182804,179.990016,210284.688960,59.898122,207627.888343,98.186360,986.538281,-22.093791,987.439724,-142.059089,983.974300,59.944995,-0.007961,1,0
13.700000,-60.050403,207728.313869,-179.902633,206389.974579,59.995092,208510.839640,98.000416,994.980742,-21.754920,983.739188,-142.040159,996.828110,59.938186,-0.001833,1,0
13.733000,-59.932319,208499.555438,179.829684,208730.577773,59.767687,208015.084253,98.069902,981.479055,-22.029281,979.661406,-142.256015,988.947995,59.942309,-0.022431,1,0
13.767000,-60.303102,208873.861024,-179.977857,207561.182582,59.998658,208387.656165,97.653381,984.819608,-21.861660,985.023315,-142.050425,988.434794,59.936850,-0.001015,1,0
13.800000,-60.110183,210027.496744,179.837187,208023.019521,59.804736,208666.136504,97.702522,983.008809,-22.329059,987.761920,-142.319221,983.079909,59.944299,-0.001733,1,0
13.833000,-60.037718,209394.432640,-179.971393,209340.050706,60.071643,207976.031691,98.200293,982.962500,-21.901742,985.798658,-141.961066,988.464340,59.942225,-0.003301,1,0
13.867000,-60.110161,209208.942669,179.945083,208932.528871,59.674448,208606.924961,97.815036,989.973587,-21.889263,986.902074,-142.504199,988.888756,59.944007,0.000191,1,0
13.900000,-60.093432,209814.965924,179.917888,209088.753362,59.791745,208636.238876,97.716633,982.906105,-22.138931,1002.039344,-142.152398,992.215759,59.939855,0.007355,1,0
13.933000,-60.098750,208715.079118,-179.860767,208249.879071,59.868526,208242.809739,97.586230,993.909714,-21.565963,978.060789,-142.293218,986.465475,59.945725,0.000654,1,0
13.967000,-60.048025,208915.008981,179.927776,209766.999151,59.874867,208632.440630,97.884311,982.051184,-22.316570,1001.670798,-141.762762,985.141834,59.932505,-0.010022,1,0
14.000000,-60.175588,209480.458084,179.729518,207137.258892,59.923935,208981.534237,97.996611,984.191079,-21.898743,980.815569,-142.164719,985.654808,59.943092,-0.008350,1,0
14.033000,-60.212662,210086.660120,179.595901,207724.674613,59.900235,209587.134044,97.718274,995.414608,-22.680133,988.939764,-142.594653,987.025557,59.943514,-0.013161,1,0
14.067000,-60.190453,208504.902247,179.810119,209496.670123,59.764217,208382.269544,97.639479,994.849434,-22.283722,991.934242,-142.089599,997.309065,59.939041,-0.000216,1,0
14.100000,-60.298890,209893.603554,179.832555,210571.419775,59.698819,209119.808684,97.489936,996.085056,-22.484535,987.157036,-142.081561,991.515548,59.940594,-0.010736,1,0
14.133000,-60.192811,207960.680148,179.857619,208985.470270,59.898367,208707.356536,98.045371,997.600038,-22.047669,1000.300389,-141.965332,992.635807,59.937571,-0.001085,1,0
14.167000,-60.308818,208628.205312,179.910442,210508.713581,59.722348,208978.079183,97.711748,997.303376,-22.276263,993.043512,-142.453948,995.214346,59.937135,0.008445,1,0
14.200000,-60.079862,209866.815892,-179.858738,208540.920972,59.664835,208795.338411,97.774726,999.698655,-21.851344,988.678135,-142.396558,1003.176124,59.929333,0.003445,1,0
14.233000,-60.278966,208109.978339,179.865946,208847.379341,59.818523,210796.480878,97.389130,988.070561,-21.960833,988.551324,-142.268301,995.923700,59.932369,-0.007251,1,0
14.267000,-60.213247,208176.200945,179.798673,209069.421433,59.826251,207182.106174,97.715461,997.169070,-22.402076,990.499705,-141.836662,990.953886,59.928489,-0.011801,1,0
14.300000,-60.191236,210271.294597,179.756961,209680.638364,59.897593,207623.436794,97.739387,999.349155,-22.438230,997.463312,-142.197307,1002.988119,59.929311,0.001211,1,0
14.333000,-60.159719,210108.718449,179.860937,208665.142306,59.767681,208124.076033,97.689319,1001.040958,-22.441513,999.669849,-142.227540,1000.405338,59.934569,0.007487,1,0
14.367000,-60.060337,209925.804360,179.737816,209160.265593,59.761730,207734.083006,98.003675,985.565366,-22.405360,1001.584278,-142.262498,1000.524753,59.933782,0.007723,1,0
14.400000,-60.151752,209672.128331,179.813509,209483.577598,59.778973,209038.884324,97.938044,997.167917,-22.259100,991.326473,-141.948121,985.499377,59.936520,0.004939,1,0
14.433000,-60.092535,208364.529914,179.937926,208291.195994,59.901897,207787.316514,97.954665,983.286229,-21.987282,991.497494,-142.351576,991.270439,59.930912,0.001195,1,0
14.467000,-60.154443,208097.173832,179.873906,208195.483847,59.772817,209075.687201,98.152240,977.951960,-22.140153,987.008796,-142.280204,994.997855,59.931475,0.000016,1,0
14.500000,-60.123290,210837.102867,179.680834,209109.472813,59.921115,210233.841408,98.106493,984.578157,-22.523475,994.807205,-142.090920,986.860495,59.941664,0.002491,1,0
14.533000,-60.301356,208461.725513,179.854581,208929.686011,59.966119,208018.925173,97.796775,992.420965,-21.966286,993.479327,-142.221505,981.975809,59.935903,0.007224,1,0
14.567000,-60.165241,210699.912015,179.987815,208115.097108,59.788069,208839.853144,97.655079,992.579425,-22.094591,990.172976,-142.132760,993.527464,59.928078,-0.005221,1,0
14.600000,-60.246960,208506.116717,179.873408,210921.157081,59.829058,208607.574696,97.756246,985.341093,-22.028308,990.030235,-142.014496,976.458931,59.935242,-0.010670,1,0
14.633000,-60.248542,209650.206698,179.786726,208755.109580,59.699852,207839.621727,97.798788,981.296862,-22.226458,979.806130,-142.270272,985.807079,59.936582,-0.002786,1,0
14.667000,-60.352222,208878.453698,179.767785,209735.682478,59.802126,208397.358882,97.486490,990.936783,-22.419173,992.847776,-142.187147,994.266705,59.936502,0.001573,1,0
14.700000,-60.298805,210308.094358,179.880998,208100.876397,59.689964,207573.766109,97.553172,1002.301674,-22.325773,990.611920,-142.244789,979.197664,59.939120,-0.003832,1,0
14.733000,-60.562812,208480.410075,179.619425,207950.154458,59.756502,209471.646149,97.631470,990.776532,-22.352366,986.048746,-142.214583,986.232798,59.934133,-0.003035,1,0
14.767000,-60.427589,207665.948368,179.704232,209316.810992,59.663241,210440.045760,97.236757,986.692511,-22.347315,980.080072,-141.981729,982.107193,59.934117,-0.003912,1,0
14.800000,-60.214352,210651.929951,179.746949,209493.240755,59.700915,209259.401642,97.661712,989.437340,-22.297940,991.398564,-142.351426,984.665017,59.941688,0.000424,1,0
14.833000,-60.275829,210157.066758,179.741495,209587.622915,59.590256,210832.762683,97.971721,987.708454,-22.222770,987.808022,-142.173407,986.060798,59.935874,0.000229,1,0
14.867000,-60.281046,210343.615311,179.869987,206391.421195,59.511188,208381.214998,97.613078,1002.827417,-22.204800,987.006659,-142.535950,1001.391195,59.930867,0.000751,1,0
14.900000,-60.476711,210735.715390,179.621152,206937.148602,59.675745,208652.834815,97.802797,991.941611,-22.476446,986.010933,-142.344114,987.434145,59.935108,-0.002919,1,0
14.933000,-60.468418,209855.168454,179.675261,208916.518985,59.423541,210402.021832,97.752091,993.046067,-22.142653,992.294684,-142.652025,992.326578,59.935698,-0.009634,1,0
14.967000,-60.395880,210103.556823,179.609450,210072.926986,59.753208,209148.408555,97.535702,987.611473,-22.322505,990.075158,-142.447174,991.367743,59.929932,-0.011943,1,0
15.000000,-60.329190,209448.307911,179.826074,208369.886644,59.601480,207012.763892,97.325565,995.864856,-21.704166,977.746531,-142.515169,992.732356,59.929453,-0.014199,1,0
15.033000,-60.331444,209270.037212,179.748467,209367.782290,59.687731,207710.001083,97.667702,989.629088,-22.069345,989.729579,-142.347277,988.115067,59.934195,-0.018892,1,0
15.067000,-60.360179,207660.158995,179.642943,207706.688449,59.728480,207891.410625,97.805761,983.366658,-22.518858,988.905365,-141.968294,980.278662,59.940707,-0.005728,1,0
15.100000,-60.505565,208996.114563,179.720266,209243.727126,59.690633,209489.084112,97.397354,989.587471,-22.227915,983.975689,-142.163834,996.176441,59.936172,-0.006297,1,0
15.133000,-60.424367,207488.099482,179.569152,209003.865703,59.482722,208661.313251,97.397681,988.296772,-22.347575,994.655004,-142.454380,989.290861,59.929292,0.006447,1,0
15.167000,-60.393555,208440.124561,179.556575,210799.540768,59.495467,209569.907179,97.491729,991.800993,-22.656402,987.710540,-142.576570,989.307881,59.933761,-0.002204,1,0
15.200000,-60.458940,211314.286390,179.776040,207869.321395,59.663813,207725.168796,97.424744,991.039534,-22.012331,1000.767802,-141.948958,990.292430,59.936362,0.009302,1,0
15.233000,-60.120592,209799.351246,179.645908,210226.026214,59.671952,208071.230303,98.068392,978.932976,-22.277376,984.580073,-142.151999,971.914145,59.934936,0.002805,1,0
15.267000,-60.357546,208542.451843,179.732627,209599.774316,59.635523,207831.600683,97.471292,980.231083,-22.408208,989.454727,-142.042864,977.190735,59.931765,-0.002767,1,0
15.300000,-60.265843,207370.371308,179.706797,209558.744156,59.745803,208060.946052,97.930062,982.482769,-22.106440,989.834760,-142.405551,985.413424,59.933016,0.000064,1,0
15.333000,-60.335465,207938.494315,179.620863,207257.272777,59.546776,207781.590483,97.581761,990.160906,-22.438497,979.504382,-142.322978,987.111221,59.929307,-0.001323,1,0
15.367000,-60.421540,208958.514502,179.518349,208970.593357,59.612644,208762.151036,97.612398,984.573535,-22.710413,980.787959,-142.525495,982.956098,59.948692,0.004370,1,0
15.400000,-60.278533,210352.221831,179.637705,206997.253487,59.584230,208300.188458,97.796342,985.058287,-22.097626,997.814487,-142.453682,979.533073,59.941443,-0.002267,1,0
15.433000,-60.310429,209733.772728,179.509374,210678.421904,59.555674,208908.069604,97.956960,991.840220,-22.381249,986.340612,-142.252079,989.466724,59.942998,-0.005105,1,0
15.467000,-60.376430,207144.608560,179.613558,207886.179387,59.694726,207878.125671,97.810605,993.436667,-22.238021,983.747091,-142.343155,973.639160,59.945551,-0.000565,1,0
15.500000,-60.371782,208384.395744,179.557214,208713.187629,59.694075,209680.884191,97.413554,988.277650,-22.179795,976.185898,-142.144968,984.836032,59.946414,0.008603,1,0
15.533000,-60.483604,210809.711257,179.608875,209470.367833,59.456025,209792.402731,97.552477,981.476366,-22.168341,986.075136,-142.656074,976.082745,59.941813,0.013054,1,0
15.567000,-60.377865,209763.459851,179.646261,209827.799265,59.717430,211785.548562,97.621362,985.464519,-22.254979,972.681288,-142.449691,983.077505,59.941172,0.008917,1,0
15.600000,-60.455654,208183.807392,179.525913,207238.457726,59.451018,210119.360223,97.920187,983.762081,-22.226300,980.565423,-142.514855,980.931247,59.951524,0.007711,1,0
15.633000,-60.484534,208433.782572,179.500722,209159.507497,59.517763,208958.061798,97.673997,983.078897,-22.531986,990.632266,-142.319736,986.442252,59.946308,-0.000248,1,0
15.667000,-60.550458,208586.849103,179.479922,208155.361200,59.488317,209085.026660,97.492978,970.465674,-22.583659,984.592065,-142.105521,980.597389,59.950606,0.009249,1,0
15.700000,-60.423471,209811.624555,179.363552,209569.598895,59.495211,209208.309895,97.427903,986.429277,-22.596399,984.877973,-142.449518,982.548589,59.949631,-0.001458,1,0
15.733000,-60.439483,208387.185329,179.660618,208375.002822,59.679385,209212.968510,97.328860,973.934009,-22.581498,975.679384,-142.368399,976.859344,59.954715,-0.008113,1,0
15.767000,-60.356201,209842.564756,179.623521,210393.695131,59.605827,210015.233186,97.496464,985.651764,-22.210309,980.909128,-142.357951,978.321800,59.949939,-0.004248,1,0
15.800000,-60.378505,209869.944084,179.598345,208306.149219,59.529708,210831.886922,97.631835,975.496941,-22.317647,969.550633,-142.398431,979.670085,59.952493,0.005788,1,0
15.833000,-60.483572,210260.028229,179.631397,209522.508920,59.741764,210574.837971,97.514622,968.204430,-22.228338,978.883271,-142.414428,969.282496,59.950538,0.002492,1,0
15.867000,-60.276666,210282.408092,179.514050,210075.926595,59.614311,209155.732042,97.731041,980.043713,-22.412659,981.342669,-142.521749,978.519432,59.950772,0.004946,1,0
15.900000,-60.376653,209128.269255,179.697841,207722.837557,59.624661,207591.215005,97.830491,975.334727,-22.230590,984.170186,-142.457723,976.945955,59.952055,0.001247,1,0
15.933000,-60.342305,209495.251964,179.593535,208034.227832,59.593449,207818.370210,97.725312,981.652479,-22.146864,979.921257,-142.529070,977.174713,59.948367,0.004022,1,0
15.967000,-60.341849,209893.217650,179.681080,208662.427490,59.730064,209358.105122,97.797640,992.694607,-22.478575,985.736494,-142.305451,988.298979,59.948462,-0.001559,1,0
16.000000,-60.216980,209469.916767,179.664364,210097.051800,59.720861,210699.128565,97.747336,986.921218,-22.165669,989.891476,-142.218370,984.759003,59.952820,0.004600,1,0
16.033000,-60.279888,208469.835240,179.760525,209541.970065,59.591383,208848.407854,97.758025,985.074170,-22.418515,983.119068,-142.476662,985.774674,59.948103,0.005118,1,0
16.067000,-60.393346,207992.689514,179.670728,208763.480065,59.687968,209167.904340,97.328799,980.836179,-22.044096,987.700731,-142.367966,986.367573,59.960469,-0.006025,1,0
16.100000,-60.561361,209324.709404,179.766151,210486.330046,59.394269,206665.804083,97.491365,980.542306,-22.326856,982.129294,-142.975156,973.827539,59.957758,0.000680,1,0
16.133000,-60.378103,210256.041724,179.582023,209282.142905,59.517027,209192.745810,97.036683,967.584618,-22.292080,984.180978,-142.480104,981.523336,59.956283,0.002072,1,0
16.167000,-60.384797,210670.324405,179.637117,209424.797618,59.664422,209009.278888,97.678149,976.477017,-22.037881,982.059897,-142.228675,977.537075,59.954740,-0.001310,1,0
16.200000,-60.470112,208712.851258,179.341020,208978.632162,59.789316,208440.752706,97.495583,988.917604,-22.404283,988.106159,-142.208296,987.582175,59.945568,-0.002747,1,0
16.233000,-60.482672,209675.424059,179.682221,211450.377287,59.605766,208019.229451,97.360676,990.213002,-22.291434,991.182315,-142.352650,986.345358,59.950417,0.004615,1,0
16.267000,-60.577135,209402.593590,179.612059,208933.604917,59.522808,207002.207761,97.444217,981.949803,-22.400818,990.002364,-142.632945,991.064014,59.950879,0.002276,1,0
16.300000,-60.160668,208208.102981,179.611674,207875.622084,59.615387,208579.438194,98.287439,985.594771,-22.141150,990.340723,-142.338886,986.342645,59.946077,0.000361,1,0
16.333000,-60.451658,208484.131542,179.728598,207836.277277,59.569583,209779.560127,97.547710,981.444949,-22.329330,986.904296,-142.111866,988.080132,59.949674,0.004785,1,0
16.367000,-60.585513,207947.116246,179.629635,207558.471893,59.521696,207769.731850,97.401441,991.188797,-22.516908,990.847706,-142.479048,989.315035,59.947784,-0.007926,1,0
16.400000,-60.509672,208206.699353,179.667341,206754.554754,59.651823,209442.396269,97.725241,979.176989,-22.390623,986.817197,-142.395908,992.574892,59.946717,-0.009926,1,0
16.433000,-60.405502,208753.245805,179.573143,210249.062272,59.705099,208037.622544,97.732060,1000.117062,-22.406167,979.901799,-142.324665,978.155372,59.943836,-0.001624,1,0
16.467000,-60.395569,209217.050971,179.637146,208137.239158,59.722459,209523.397455,97.740828,980.645154,-22.323818,986.721552,-142.265905,988.367058,59.948764,0.003139,1,0
16.500000,-60.368044,209876.323617,179.728021,207868.281496,59.769786,209378.562646,97.591088,995.122530,-22.243265,997.207803,-142.105215,988.581098,59.953080,0.007344,1,0
16.533000,-60.372776,208199.184141,179.663861,210154.021905,59.819276,209231.602761,97.349906,994.251547,-22.135189,995.427266,-142.387263,994.125217,59.947559,0.009420,1,0
16.567000,-60.460271,209347.538835,179.586584,207500.542513,59.551822,210796.031955,97.432457,987.792969,-22.560954,985.285816,-142.172142,1000.474561,59.948347,0.002264,1,0
16.600000,-60.308969,209389.911605,179.503984,209078.989843,59.574485,207486.855300,97.820523,997.489025,-22.468059,998.308601,-142.530096,991.442765,59.945046,0.003577,1,0
16.633000,-60.326126,209340.856638,179.705408,208960.086572,59.731592,208602.246768,97.638323,994.553536,-22.267221,998.334268,-142.059517,985.685034,59.947799,0.004397,1,0
16.667000,-60.285457,208491.164888,179.783455,208906.378302,59.752595,207959.598135,97.585886,987.587653,-22.223376,994.696875,-142.418297,1003.986129,59.944095,-0.007330,1,0
16.700000,-60.239476,209243.486439,179.917622,208395.606367,59.701095,206817.949658,97.765508,989.760267,-22.113712,1005.129494,-142.110115,1006.029211,59.948801,0.000886,1,0
16.733000,-60.352793,207226.164422,179.777974,208857.127698,59.691564,208643.600383,97.532654,989.397700,-22.226683,1002.786808,-142.082735,999.969642,59.941435,-0.008352,1,0
16.767000,-60.318033,209128.074137,179.803097,207651.738145,59.914052,209945.634392,97.506544,994.700464,-22.240124,1000.945209,-141.847712,1008.939933,59.940056,0.000141,1,0
16.800000,-60.212303,209404.223269,179.798978,207710.929296,59.728065,208020.849498,97.750133,1008.417654,-22.249773,986.560489,-142.198538,1000.619553,59.937251,0.010059,1,0
16.833000,-60.239875,209801.277023,179.820371,209605.150900,59.631908,208189.584689,97.498714,1003.443472,-22.002845,993.213953,-142.225181,999.063689,59.943997,0.006118,1,0
16.867000,-60.449698,207765.238498,179.800166,208535.051891,59.797949,210714.799812,97.407237,996.030761,-22.370108,997.967098,-142.691639,1000.910847,59.940319,0.005026,1,0
16.900000,-60.425930,208860.956834,179.839937,208555.156783,59.730268,208611.502047,97.652830,1001.283411,-22.234095,1007.527772,-142.105088,999.844851,59.951302,0.005380,1,0
16.933000,-60.416446,209697.886940,179.798926,209970.972718,59.662962,209035.348406,97.508529,989.300916,-21.999545,996.795155,-142.285517,989.411537,59.941206,0.013489,1,0
16.967000,-60.252461,208497.010653,179.891432,209849.485715,59.765350,209949.355051,97.668398,986.278333,-22.173465,1000.717251,-142.374826,994.625508,59.943654,-0.009322,1,0
17.000000,-60.371802,209120.982210,179.739936,208851.539928,59.678543,208891.894621,97.568543,1000.655923,-22.076659,997.197855,-142.666523,996.972939,59.941744,0.008658,1,0
17.033000,-60.309015,209674.539611,179.654699,208315.628310,59.651712,208995.695388,97.789315,999.736382,-22.359374,992.807689,-142.531414,993.982765,59.947402,0.012180,1,0
17.067000,-60.245065,208541.943391,179.670596,208366.779752,59.572061,208699.157673,97.959765,1003.982733,-22.173314,1002.465529,-142.276921,998.262866,59.936354,-0.003804,1,0
17.100000,-60.475269,208435.718508,179.711965,207618.603657,59.620444,209479.731946,97.476680,987.451337,-22.339125,1006.423518,-142.288405,991.452857,59.946440,0.000725,1,0
17.133000,-60.244190,208287.881971,179.658458,209723.656073,59.776969,209392.019428,97.572399,1005.443209,-22.259197,1005.781905,-142.249247,998.582872,59.951004,0.000164,1,0
17.167000,-60.302866,209556.098317,179.616718,208965.378619,59.640236,207058.735869,97.575889,1001.474496,-22.546115,1002.818238,-142.347604,992.689274,59.942348,0.008682,1,0
17.200000,-60.400067,208745.681613,179.607020,207770.733469,59.653742,208172.856739,97.690909,999.761321,-22.514182,998.964322,-142.424444,1005.162793,59.938943,0.007124,1,0
17.233000,-60.468044,208782.636562,179.549485,207798.560322,59.538154,207882.440470,97.613317,984.289453,-22.303415,992.125928,-142.754931,1002.873261,59.946663,-0.016423,1,0
17.267000,-60.432983,209727.648308,179.538732,207384.016883,59.683214,208157.389441,97.554867,988.398725,-22.356477,992.144410,-142.181966,983.320900,59.943776,-0.010795,1,0
17.300000,-60.443188,208002.920530,179.637012,208070.200566,59.391313,208970.624130,97.371427,1008.616613,-22.096389,991.168853,-142.830599,1013.763430,59.950856,-0.015314,1,0
17.333000,-60.500049,208038.420238,179.564196,208784.462448,59.672544,209653.863375,97.329182,987.869446,-22.421742,994.116172,-142.192594,1001.287586,59.951476,-0.000637,1,0
17.367000,-60.369122,207672.223800,179.714337,208396.805515,59.579614,208257.789464,97.518017,991.373153,-22.202744,1004.765515,-142.321210,997.219637,59.951929,0.007668,1,0
17.400000,-60.563536,207084.506797,179.474053,208419.294143,59.536760,206317.370383,97.404913,1001.312309,-22.443648,996.674165,-142.634438,1009.701970,59.943965,0.005194,1,0
17.433000,-60.336986,208241.394497,179.745797,209430.515272,59.584775,209387.189463,97.803731,992.427221,-21.912361,1005.404971,-142.704281,998.845857,59.943822,-0.000778,1,0
17.467000,-60.352706,208603.759670,179.532875,208888.180725,59.364597,207509.422197,97.537278,993.430935,-22.547946,998.758638,-142.936270,1001.210936,59.943758,-0.002657,1,0
17.500000,-60.461943,210209.673968,179.577708,207639.889628,59.580015,208491.619514,97.475737,986.225292,-22.525215,986.077434,-142.037190,988.508484,59.943478,0.003687,1,0
17.533000,-60.575662,207156.834467,179.575498,207926.080061,59.605185,208755.906085,97.676266,991.534331,-22.264081,993.979091,-142.448075,990.867690,59.948226,0.000615,1,0
17.567000,-60.511933,208500.486899,179.555541,207042.350104,59.409492,206537.070238,97.740684,988.486724,-22.419033,995.432612,-142.700541,995.078887,59.949950,0.005107,1,0
17.600000,-60.488713,207855.641643,179.426745,209203.383962,59.514680,208147.260781,97.793865,1002.403082,-22.772930,992.953422,-142.540910,1008.057386,59.943858,0.006315,1,0
17.633000,-60.305813,206574.658015,179.598177,209012.454511,59.699308,209151.480660,97.677334,1001.158791,-22.641838,988.323426,-142.362602,1012.686345,59.943315,-0.001689,1,0
17.667000,-60.369316,207480.941187,179.448063,209624.097488,59.561081,208063.796400,97.572352,995.553090,-22.563737,995.728337,-142.545386,1000.387338,59.943682,-0.007758,1,0
17.700000,-60.450845,206618.640921,179.572662,207743.337530,59.556582,208546.123034,97.359495,1000.385894,-22.540266,995.945722,-142.097577,998.909008,59.940106,-0.005704,1,0
17.733000,-60.438958,209083.284575,179.567964,208233.661801,59.626767,207370.212501,97.475788,999.311814,-22.208240,995.808673,-141.970279,990.375074,59.949336,0.010729,1,0
17.767000,-60.467759,210350.738788,179.542507,208906.635562,59.445918,208619.576421,97.520404,994.924313,-22.281435,989.923653,-142.518638,1001.889316,59.942105,0.002172,1,0
17.800000,-60.522150,208749.983797,179.400434,207612.478487,59.473111,207425.689054,97.802595,1000.678522,-22.513626,997.239976,-142.768895,1001.349184,59.941305,0.009871,1,0
17.833000,-60.523121,208985.433932,179.475743,208072.083583,59.532721,209055.743079,97.306761,1008.984723,-22.736487,999.720889,-142.454201,1003.241695,59.943765,-0.002473,1,0
17.867000,-60.475552,208894.591413,179.487707,209248.388570,59.532613,208738.266308,97.585356,993.179296,-22.538317,1006.729114,-142.366276,988.868296,59.948884,0.019498,1,0
17.900000,-60.506402,207528.550051,179.503120,208791.933007,59.774438,208178.762360,97.648340,994.835123,-22.570922,1002.062320,-142.353273,997.553051,59.954694,-0.003778,1,0
17.933000,-60.390960,209798.102370,179.451642,208262.733269,59.553116,208449.339013,97.685301,996.023761,-22.522676,997.550441,-142.492419,986.265309,59.951485,0.006793,1,0
17.967000,-60.404529,209201.230377,179.538534,207878.506943,59.386583,208999.853519,97.924689,995.398707,-22.385204,992.289783,-142.654079,994.061453,59.946818,0.012007,1,0
18.000000,-60.470168,208643.465753,179.371914,209562.291830,59.523311,208577.944768,97.571038,986.851632,-22.420399,985.309229,-142.567678,984.981072,59.953882,0.001106,1,0
18.033000,-60.311613,210231.222793,179.860455,208676.426373,59.417715,210008.311806,97.971906,993.158073,-22.139721,999.322244,-142.650245,987.199815,59.947487,0.008610,1,0
18.067000,-60.554637,207844.141122,179.422586,207884.589897,59.655418,208217.070280,97.333424,994.032366,-22.664990,994.936850,-142.674606,991.709256,59.952605,0.005270,1,0
18.100000,-60.542924,208444.993663,179.433263,209289.540599,59.579296,208354.228976,97.707757,989.438764,-22.430983,1000.685681,-142.584337,1004.352380,59.954050,0.002250,1,0
18.133000,-60.519055,208232.004100,179.370525,208698.131065,59.544176,207760.024760,97.607020,997.834313,-22.483223,993.399965,-142.612520,995.024949,59.950492,0.010892,1,0
18.167000,-60.580792,207840.750766,179.641364,208669.409130,59.581821,207637.321064,97.624798,988.490356,-22.608122,986.623983,-142.769815,990.009626,59.952903,0.009505,1,0
18.200000,-60.476153,208405.310944,179.605736,208279.865791,59.554020,208779.117646,97.215980,1000.407229,-22.491845,992.836650,-142.640826,991.168391,59.954976,0.002138,1,0
18.233000,-60.553062,209867.507817,179.675092,205997.118915,59.522551,209165.345474,97.332951,980.024699,-22.372791,989.125296,-142.230217,982.594134,59.947916,0.000331,1,0
18.267000,-60.481950,208280.879110,179.505343,207646.978146,59.460753,208280.529051,97.681461,996.963130,-22.365195,975.598448,-142.582895,982.165462,59.944985,-0.001466,1,0
18.300000,-60.546936,208048.505523,179.369426,209380.583134,59.448978,208333.165918,97.374133,977.458367,-22.502666,984.930466,-142.579201,981.731667,59.946946,0.006848,1,0
18.333000,-60.589068,209955.605496,179.441538,206493.726680,59.581595,207629.162430,97.240198,986.369253,-22.432183,990.731377,-142.329278,988.009099,59.953694,0.004373,1,0
18.367000,-60.524799,207394.966977,179.413418,207769.423118,59.671765,209033.503109,97.555059,973.542124,-22.692538,983.181333,-142.271315,982.485780,59.951363,0.005401,1,0
18.400000,-60.507061,208816.634701,179.447153,206105.069690,59.439054,208047.698310,97.411358,993.171311,-22.500407,979.889977,-142.567633,988.136114,59.950044,0.002624,1,0
18.433000,-60.496132,207373.996206,179.607988,207519.233208,59.711323,206242.943066,97.001456,991.219804,-22.253727,986.336368,-142.323422,985.018767,59.954959,0.002397,1,0
18.467000,-60.358639,206971.659773,179.428255,206417.913304,59.452950,208420.068732,97.393592,984.462969,-22.516909,983.808183,-142.695887,982.990161,59.952382,-0.001044,1,0
18.500000,-60.513677,207475.466470,179.413202,207037.209324,59.353178,206776.246486,97.384261,984.081506,-22.762559,975.519802,-142.606128,986.575289,59.953673,-0.004831,1,0
18.533000,-60.421430,208672.756063,179.437359,208042.500699,59.645021,207290.022478,97.570370,984.528957,-22.457448,983.264603,-141.990252,991.825472,59.950153,-0.004002,1,0
18.567000,-60.592076,208377.257268,179.722114,207885.825274,59.476681,207696.548630,97.185705,989.867696,-22.285532,1000.819043,-142.261641,979.548481,59.951054,-0.006841,1,0
18.600000,-60.519786,208283.930145,179.601073,210364.218016,59.480699,207544.471206,97.559600,995.808523,-22.554469,989.291504,-142.679646,993.630853,59.942424,-0.004142,1,0
18.633000,-60.466328,206440.610336,179.575647,208930.598374,59.657314,208565.792558,97.619799,995.375478,-22.415627,985.086893,-142.200658,990.074335,59.951038,0.008620,1,0
18.667000,-60.385523,208221.424763,179.534590,207116.563881,59.593027,207754.217225,97.522004,982.390734,-22.361185,992.265019,-142.087564,994.179044,59.950192,0.004279,1,0
18.700000,-60.295085,206776.306436,179.520754,207529.148112,59.535169,206931.187527,98.039967,1003.238433,-22.527238,992.508754,-142.306771,999.541278,59.953388,-0.001020,1,0
18.733000,-60.314920,208228.595482,179.561774,206780.833848,59.453560,206325.495494,97.990082,993.394824,-22.208022,994.811914,-142.377680,986.873296,59.952697,0.004145,1,0
18.767000,-60.417416,208000.821240,179.621516,207861.941222,59.582453,209793.111169,97.469417,999.847312,-22.059706,989.327441,-142.381142,994.767644,59.954500,0.007217,1,0
18.800000,-60.483716,208740.339463,179.515876,208288.990405,59.745025,207366.962431,97.562860,995.626822,-22.400787,998.153695,-142.331182,996.700996,59.956554,0.000700,1,0
18.833000,-60.396996,207819.312539,179.739027,207308.529264,59.642960,208468.145453,97.423895,985.867859,-22.442554,989.537281,-142.545958,984.917894,59.958181,0.009684,1,0
18.867000,-60.790768,207682.150501,179.699521,207175.114577,59.668127,206146.297642,97.075023,997.239707,-22.265761,997.679566,-142.383852,1003.051372,59.958030,-0.000361,1,0
18.900000,-60.376598,209562.115757,179.460254,206603.239901,59.452894,208018.269114,97.767458,1004.251090,-22.598724,999.538227,-142.927636,977.823520,59.954647,0.009248,1,0
18.933000,-60.481533,207367.682111,179.553396,207018.287460,59.503202,208103.576343,97.667813,991.418632,-21.995825,994.060921,-142.506792,993.365717,59.946141,-0.002083,1,0
18.967000,-60.279630,208860.987866,179.534060,206541.665094,59.508617,209006.191404,97.516949,1003.354161,-22.276941,987.440788,-142.478243,998.631220,59.956440,0.008619,1,0
19.000000,-60.379827,207854.488744,179.506763,207608.499371,59.548936,207876.752816,97.429037,1000.826494,-22.279216,991.011355,-142.370115,987.778459,59.954264,0.012105,1,0
19.033000,-60.697013,207927.912020,179.573235,205586.623416,59.401588,208841.660859,97.554057,992.768272,-22.657482,995.527538,-142.658211,996.677666,59.958847,0.004588,1,0
19.067000,-60.504338,207104.000665,179.712700,209497.921737,59.571289,209504.346447,97.365284,1003.475654,-22.364229,998.895807,-142.494798,993.396803,59.952486,-0.003629,1,0
19.100000,-60.428901,207887.026768,179.697633,208323.810731,59.630150,209372.495196,97.635396,995.993799,-22.125885,1009.520269,-142.191000,992.331818,59.954503,0.002264,1,0
19.133000,-60.461476,207492.946173,179.499420,209346.629933,59.524603,207456.607414,97.411364,996.224504,-22.364749,988.676638,-142.294088,991.220025,59.957112,-0.014994,1,0
19.167000,-60.525183,209932.856931,179.639386,206281.087615,59.692971,208371.611255,97.687213,991.440239,-22.431961,993.218577,-142.445225,995.114992,59.960910,-0.011105,1,0
19.200000,-60.470140,207846.895056,179.488859,209272.715242,59.575946,208603.863755,97.701080,994.649970,-22.328847,987.370724,-142.309779,984.993686,59.957921,-0.011791,1,0
19.233000,-60.221112,208833.774157,179.436615,208056.454756,59.537643,208298.820244,97.909119,995.522796,-22.490072,998.927999,-142.693149,995.958357,59.968249,0.005805,1,0
19.267000,-60.555439,207834.697753,179.578935,208141.455201,59.542690,208104.756911,97.759116,999.716806,-22.482771,996.474934,-142.610293,1002.282982,59.957325,0.008284,1,0
19.300000,-60.420125,207393.596029,179.539280,206234.795688,59.576463,209227.461689,97.294462,997.489040,-22.486985,998.455262,-142.751178,1002.942440,59.949296,0.001487,1,0
19.333000,-60.607848,206758.627802,179.464515,208746.628413,59.470967,206034.207780,97.587128,993.392864,-22.694658,997.354131,-142.477513,989.178484,59.954889,0.001165,1,0
19.367000,-60.566273,206467.540490,179.448583,206710.693140,59.467613,208480.897954,97.571250,1004.276515,-22.350693,997.442775,-142.547109,1002.807417,59.951046,-0.001417,1,0
19.400000,-60.381356,208873.316305,179.527331,207953.456117,59.529429,207216.004956,97.493017,1004.756933,-22.192480,994.295998,-142.415695,990.099801,59.947871,0.004104,1,0
19.433000,-60.507488,206178.056589,179.344419,207607.987482,59.508761,206178.958136,97.667968,989.321947,-22.486087,992.690258,-142.620409,991.795688,59.959403,-0.009083,1,0
19.467000,-60.397405,208760.020842,179.673390,208945.034541,59.482592,207356.149158,97.531137,991.227635,-22.388696,1001.785055,-142.517172,1002.545526,59.949637,-0.008860,1,0
19.500000,-60.556553,207566.082459,179.506765,207069.284364,59.423641,206515.530218,97.175556,994.544588,-22.481829,982.625460,-142.562236,994.947814,59.950435,-0.005629,1,0
19.533000,-60.393874,208076.568205,179.606627,207122.582475,59.444510,206306.541531,97.649887,993.109942,-22.205781,991.366138,-142.672890,1002.337553,59.954631,-0.002338,1,0
19.567000,-60.396234,207446.516054,179.446554,207403.092096,59.450756,205615.380316,97.599120,1001.062902,-22.997505,988.586567,-142.546508,1000.975566,59.955974,-0.002316,1,0
19.600000,-60.422782,207993.148409,179.437458,207674.669567,59.597718,208060.610190,97.365645,986.628885,-22.400780,993.657851,-142.586406,994.567929,59.958686,0.011922,1,0
19.633000,-60.491402,209221.800624,179.520664,209666.457598,59.573542,208032.500932,97.191704,986.014572,-22.561742,988.750057,-142.624482,976.985136,59.955055,0.012649,1,0
19.667000,-60.522728,206865.356033,179.345370,208244.311744,59.288580,205821.127546,97.789002,979.043759,-22.395722,985.939837,-142.235970,980.895636,59.955183,-0.013786,1,0
19.700000,-60.525220,207348.947653,179.521495,207176.936532,59.353578,206953.478295,97.583843,979.344261,-22.445864,992.176444,-142.740370,983.372862,59.950772,0.002195,1,0
19.733000,-60.672180,206244.244603,179.506624,207226.210434,59.534894,205473.803876,97.300022,985.814896,-22.657757,985.295192,-142.245038,982.415147,59.948799,-0.003125,1,0
19.767000,-60.328843,206897.813776,179.571401,206821.126417,59.442866,207428.235199,97.750396,993.670004,-22.651167,985.872884,-142.483407,990.475195,59.955546,-0.001668,1,0
19.800000,-60.387307,206154.751004,179.558818,207460.414418,59.452511,207586.326639,97.351081,991.356614,-22.483985,988.065622,-142.368866,989.778324,59.959802,-0.002325,1,0
19.833000,-60.509493,206876.533058,179.406292,207724.455503,59.394216,208702.801887,97.530324,990.546504,-22.540569,993.469560,-142.426421,989.679666,59.959706,0.001723,1,0
19.867000,-60.400467,208097.787120,179.659820,206629.933095,59.618685,207914.458998,97.526482,995.136279,-22.360852,980.645847,-142.277889,985.167162,59.957155,0.010791,1,0
19.900000,-60.550776,206531.919984,179.479369,206529.363395,59.467476,208720.244006,97.521258,975.613579,-22.742247,989.993462,-142.627644,994.059600,59.950686,-0.006102,1,0
19.933000,-60.580360,207209.178574,179.671796,206762.195984,59.560712,205804.959923,97.396214,977.677570,-22.467306,986.012420,-142.498188,987.744273,59.953527,0.003393,1,0
19.967000,-60.586215,208479.108977,179.553239,205974.925800,59.485613,207307.461603,97.691455,978.025735,-22.606476,976.809503,-142.206619,986.755346,59.960816,0.003029,1,0
20.000000,-60.330359,207597.727323,179.334760,208603.649351,59.340131,206911.091182,97.640073,987.546122,-22.680677,986.337449,-142.480001,983.648783,59.956446,0.002278,1,0
20.033000,-60.473800,206205.251868,179.536301,206631.885079,59.729447,207767.779660,97.462407,976.269359,-22.570354,984.990832,-142.154144,989.455276,59.960993,-0.008268,1,0
20.067000,-60.532858,209193.130732,179.540599,207456.351415,59.543505,208022.155625,97.515471,989.552893,-22.597385,986.217108,-142.420578,980.121918,59.960439,-0.010610,1,0
20.100000,-60.351593,207564.230684,179.533806,205751.509484,59.584781,207296.775895,97.493222,985.033070,-22.431809,974.640038,-141.853549,988.423940,59.956028,0.005667,1,0
20.133000,-60.538700,207886.872853,179.445152,207688.014897,59.420887,206009.767104,97.720371,986.534063,-22.138101,975.253915,-142.521692,988.952836,59.959127,0.002431,1,0
20.167000,-60.621825,206830.879088,179.628530,206358.781042,59.517348,207482.530294,97.467322,980.869318,-22.308044,979.572055,-142.662284,989.311584,59.965055,-0.005816,1,0
20.200000,-60.562425,205839.515766,179.422136,208996.834300,59.527701,208119.411895,97.433844,990.404392,-22.649259,987.890532,-142.475983,981.772331,59.953226,-0.000504,1,0
20.233000,-60.421491,206965.058381,179.445485,206910.743867,59.438745,206939.934570,97.668250,990.668130,-22.319474,989.694947,-142.415779,978.189695,59.960647,-0.001323,1,0
20.267000,-60.394054,208591.111874,179.678142,207066.106359,59.663255,207244.351640,97.845207,1000.289409,-22.200225,988.168464,-142.314066,991.988832,59.960274,-0.006763,1,0
20.300000,-60.411857,209113.321387,179.689156,209285.199665,59.424254,207880.192223,97.472444,985.627197,-22.101464,990.118511,-142.561024,987.485094,59.965814,0.001189,1,0
20.333000,-60.432454,207474.073727,179.582352,206553.249579,59.607626,205987.200221,97.420429,986.326928,-22.496461,992.491377,-142.293830,995.293823,59.961831,0.012914,1,0
20.367000,-60.563422,208766.943796,179.654811,206972.557467,59.563063,207516.973047,97.473616,990.080743,-22.355074,997.600370,-142.448704,991.629216,59.967207,-0.000176,1,0
20.400000,-60.438854,206936.432380,179.526139,206191.631243,59.573154,206680.574289,97.748512,997.205983,-22.166715,1000.150991,-142.557159,993.194540,59.964745,0.011870,1,0
20.433000,-60.320263,207916.300037,179.607281,205876.672079,59.610841,206803.669816,97.880593,997.944481,-22.097382,998.288762,-142.291789,987.966617,59.954675,-0.000281,1,0
20.467000,-60.454270,208585.685547,179.593452,207312.619928,59.497155,206088.564564,98.048358,987.282960,-22.490746,988.353739,-142.392554,986.390640,59.956257,0.003210,1,0
20.500000,-60.520872,206422.824623,179.503766,207092.271224,59.532903,208358.123160,97.351675,998.245411,-22.149835,993.302695,-142.767527,997.243100,59.957617,0.004321,1,0
20.533000,-60.402577,207484.177760,179.503608,206708.924046,59.709382,206538.907248,97.477196,997.367376,-22.453204,984.331305,-142.149035,991.477576,59.955744,0.000984,1,0
20.567000,-60.272528,207878.071876,179.691442,207835.425745,59.677132,206429.408100,97.844883,995.778269,-22.237414,1008.477855,-142.275619,1002.458843,59.965768,-0.001768,1,0
20.600000,-60.530813,207523.603863,179.687046,205930.754145,59.606355,207779.436255,97.797110,1007.105089,-22.514499,998.137061,-142.614433,1004.086831,59.964030,-0.010819,1,0
20.633000,-60.544088,206339.314749,179.532049,206713.929295,59.591489,208027.074444,97.624241,995.666878,-22.543009,991.929271,-142.560142,1005.751987,59.945270,0.005061,1,0
20.667000,-60.384828,207497.464644,179.489823,207700.857028,59.489069,206029.614874,97.790950,983.533169,-22.527144,1000.655981,-142.543996,984.274969,59.951063,0.004742,1,0
20.700000,-60.484266,208305.995004,179.524309,208156.823409,59.280436,207261.437307,97.617831,988.816709,-22.267524,998.365838,-142.703283,989.445970,59.962152,0.005457,1,0
20.733000,-60.320839,209056.802141,179.711162,207636.277560,59.571603,206189.671259,98.044331,997.546898,-22.116582,997.707091,-142.266144,991.126965,59.954102,0.003204,1,0
20.767000,-60.486037,207748.720370,179.614651,209218.654265,59.644917,207047.289594,97.576058,994.297398,-22.597676,995.087252,-142.504137,991.739027,59.964715,0.007196,1,0
20.800000,-60.297577,206600.181481,179.709352,205573.353923,59.677084,207197.579945,97.847828,991.391131,-22.182668,985.146621,-142.521834,992.410103,59.971130,-0.012514,1,0
20.833000,-60.459043,205872.057515,179.452140,207061.774888,59.782791,207332.751657,97.552006,1002.537748,-22.664439,997.092734,-142.314426,996.740618,59.967939,-0.001069,1,0
20.867000,-60.411265,208108.952145,179.651935,207154.965744,59.688430,205111.334685,97.381117,997.883361,-22.393508,989.697588,-142.391014,985.657767,59.965951,-0.006236,1,0
20.900000,-60.261569,207946.985714,179.683776,207972.801185,59.529132,207587.656876,97.622912,994.498196,-22.089934,991.595365,-142.199069,996.501804,59.954274,-0.008105,1,0
20.933000,-60.310038,207960.477698,179.602829,205674.342606,59.583580,206924.615337,97.821496,998.956162,-22.684952,1004.804679,-142.488712,1005.035889,59.961202,-0.005613,1,0
20.967000,-60.304876,208083.920177,179.439457,207139.481881,59.598890,207951.248269,97.608504,1002.042021,-22.777116,1008.300210,-142.576587,1006.894625,59.963459,-0.003629,1,0
21.000000,-60.609099,207394.852818,179.685145,207152.098220,59.681855,207986.917614,97.433351,995.504580,-22.549989,1012.539271,-142.394645,1002.037296,59.962298,0.001517,1,0
21.033000,-60.295929,207207.469153,179.556018,207237.881221,59.571580,206749.177636,97.710417,1001.596790,-22.305215,1012.380034,-142.435189,989.928505,59.966503,0.000004,1,0
21.067000,-60.357532,206110.515195,179.579556,207466.858175,59.558637,206145.360624,97.494398,999.313197,-22.089622,1009.167710,-142.524305,1008.983002,59.958650,-0.007587,1,0
21.100000,-60.299309,206273.510665,179.605189,206325.089702,59.724224,205645.174617,97.558246,1004.529514,-22.335371,1011.518182,-142.333644,1000.727654,59.962924,0.005501,1,0
21.133000,-60.420934,206377.177757,179.638967,208374.078733,59.763835,208755.811191,98.014155,1009.919864,-22.398364,1002.543309,-142.063185,1004.989277,59.964139,0.005865,1,0
21.167000,-60.233290,205947.079889,179.675794,207006.104161,59.416983,207643.625832,97.998203,1014.504668,-22.406841,1017.070576,-142.657132,1011.970337,59.965936,0.005419,1,0
21.200000,-60.282462,207755.209523,179.579967,207769.760891,59.707649,205968.694224,98.044080,998.231922,-22.389498,994.736192,-142.084165,994.944480,59.963585,-0.009830,1,0
21.233000,-60.312172,206606.269493,179.397519,207499.045998,59.670625,206354.851194,97.676154,998.871198,-22.653112,998.985696,-142.296697,999.563200,59.970928,0.008262,1,0
21.267000,-60.207935,205157.373949,179.785186,206757.881605,59.725887,207234.039686,97.805819,1003.794297,-22.077260,994.429716,-142.422258,994.392916,59.959621,-0.002468,1,0
21.300000,-60.394098,206602.725556,179.790253,206439.658682,59.476143,208429.266051,97.508870,1000.431180,-22.258906,1001.644488,-142.672399,992.035151,59.963779,0.000597,1,0
21.333000,-60.290603,207305.190381,179.601621,206494.721159,59.473152,206364.116261,97.507654,997.734722,-22.424856,992.776784,-142.437944,1000.621394,59.959178,0.008215,1,0
21.367000,-60.468482,206439.490256,179.789775,205147.724370,59.541908,207493.095908,97.217508,997.335729,-22.311646,993.717246,-142.079627,1001.805693,59.960323,0.002349,1,0
21.400000,-60.356532,206857.915834,179.552895,207545.544110,59.488305,207607.242998,97.877239,992.028917,-22.391259,985.003096,-142.777197,991.461582,59.964330,0.002371,1,0
21.433000,-60.462679,206160.804205,179.750880,206263.509810,59.783919,206883.477505,97.550106,1001.151714,-22.171896,1006.723182,-141.977274,1000.440817,59.962928,0.012568,1,0
21.467000,-60.394516,206208.907444,179.608009,207698.177947,59.843382,206564.019846,97.621841,1003.643697,-22.228625,990.492004,-142.587473,987.094493,59.963305,0.009386,1,0
21.500000,-60.310011,205645.311122,179.567066,208141.360466,59.648298,205391.655213,97.701831,1000.471652,-22.564529,1011.725132,-142.347280,992.953895,59.967367,0.006799,1,0
21.533000,-60.373269,207407.975855,179.627422,208298.354496,59.633918,206544.240180,97.588494,1001.700208,-22.391581,996.898887,-142.241885,997.505543,59.968953,-0.000554,1,0
21.567000,-60.547711,205834.795921,179.817780,207130.486921,59.728984,206740.755978,97.468594,992.549748,-22.257905,1001.414504,-142.087902,996.986686,59.965222,-0.011220,1,0
21.600000,-60.182945,206647.764435,179.533629,206966.027552,59.444932,205783.929370,97.463666,995.317847,-22.938822,1003.962125,-142.904668,994.056980,59.965637,-0.007505,1,0
21.633000,-60.388813,204216.642075,179.516260,206891.991942,59.779161,207435.824377,97.398362,995.084555,-22.332195,995.397238,-142.160260,996.713805,59.965321,-0.004744,1,0
21.667000,-60.408470,205983.176285,179.729881,206809.526818,59.731607,208470.250079,97.611979,989.662416,-22.134855,998.197888,-142.322723,999.751110,59.959840,0.000107,1,0
21.700000,-60.208749,206276.332760,179.574390,206673.737004,59.625397,207739.343038,97.553287,998.563065,-22.273305,1010.768609,-142.300273,1000.535113,59.967716,0.001691,1,0
21.733000,-60.407684,206148.737340,179.573181,205108.357154,59.483602,207100.123685,97.414982,1004.509502,-22.323531,1001.651540,-142.868200,1001.997049,59.969860,0.000465,1,0
21.767000,-60.487604,206446.667591,179.635670,205241.734491,59.487922,205881.007861,97.546231,1013.508639,-22.280452,1011.264825,-142.555256,1002.433404,59.966658,0.006112,1,0
21.800000,-60.379598,205543.548806,179.410356,206866.299210,59.722429,206503.520719,97.706440,994.305438,-22.690013,1009.097227,-142.478766,1003.192271,59.967354,-0.006300,1,0
21.833000,-60.421975,207503.013383,179.465630,206538.526263,59.539355,207508.031484,97.424899,993.104527,-22.416061,994.774350,-142.551773,989.859501,59.971275,-0.006867,1,0
21.867000,-60.352501,206850.254565,179.652996,206615.824067,59.427339,206156.504076,97.645517,1000.426464,-22.498365,1016.902054,-142.402088,1006.651860,59.967008,-0.004498,1,0
21.900000,-60.323395,207092.954301,179.570776,206634.475451,59.718450,207956.960923,97.442707,997.383236,-22.280744,995.083081,-141.926551,997.930887,59.967085,-0.009428,1,0
21.933000,-60.567895,206543.215342,179.524532,205811.108893,59.631406,206937.455870,97.306701,987.781490,-22.291359,998.295192,-142.343397,993.855381,59.967804,-0.001869,1,0
21.967000,-60.421419,205148.478040,179.613383,206518.726366,59.667538,206839.560783,97.526558,996.922070,-22.502915,992.216895,-142.323401,997.491050,59.968095,0.002859,1,0
22.000000,-60.441062,207116.419140,179.661103,208186.980976,59.727708,206665.342533,97.439675,995.024305,-21.905791,991.198317,-142.455239,989.434957,59.967608,-0.004646,1,0
22.033000,-60.309329,207595.815142,179.623242,206997.405165,59.600245,206754.289627,97.819874,997.128231,-21.694998,987.838626,-142.301174,994.938061,59.961805,-0.000037,1,0
22.067000,-60.369935,206426.503540,179.662692,205803.173896,59.788448,204901.537536,97.788783,984.668860,-22.446359,982.020976,-142.118821,996.617080,59.964965,0.005355,1,0
22.100000,-60.333771,206506.852641,179.738259,207836.246470,59.721143,207167.106445,97.385392,1004.811859,-22.231093,987.856129,-142.342086,989.603712,59.962132,-0.002198,1,0
22.133000,-60.452960,206521.402014,179.559101,207677.514685,59.546156,206587.923628,97.831689,985.288390,-22.406521,991.563057,-142.173116,988.552503,59.964720,-0.010323,1,0
22.167000,-60.588362,205554.724426,179.651747,208311.497283,59.461930,204509.580363,97.172599,987.507366,-22.348690,984.018981,-142.126140,982.624500,59.970717,-0.001730,1,0
22.200000,-60.435599,207602.838294,179.376305,205883.098292,59.488070,205272.461463,97.615707,980.555542,-22.672284,981.505879,-142.746702,993.984109,59.967031,0.001168,1,0
22.233000,-60.471632,208115.403520,179.556866,207719.040421,59.625423,206204.431066,97.361987,981.263049,-22.385544,986.202130,-142.232711,984.762399,59.971699,0.010884,1,0
22.267000,-60.349265,207454.517825,179.337780,205921.767336,59.576577,206775.552517,97.853708,984.006369,-22.735896,979.575940,-142.546402,979.130727,59.963273,-0.001446,1,0
22.300000,-60.466695,206040.099848,179.404329,205836.684803,59.351538,204525.477442,97.335775,973.254748,-22.563269,976.328373,-142.611454,969.836933,59.958353,-0.008596,1,0
22.333000,-60.371587,208029.742138,179.741562,206704.854565,59.703857,206737.426374,97.556115,973.349019,-22.025209,963.265412,-142.299535,971.759783,59.968218,-0.002392,1,0
22.367000,-60.307904,207832.906056,179.480001,205965.407457,59.495257,204459.047728,97.453837,969.472141,-22.718534,980.339181,-142.427317,970.359002,59.966371,0.017303,1,0
22.400000,-60.618436,205211.043033,179.452677,205967.653525,59.559307,206680.027159,97.551850,963.946762,-22.568966,972.178888,-142.542226,978.553382,59.970243,0.012707,1,0
22.433000,-60.603859,205993.565130,179.540830,206611.085395,59.465191,207444.578200,97.095716,963.158596,-22.370120,962.714617,-142.496472,968.848694,59.968377,0.005199,1,0
22.467000,-60.583534,203996.167915,179.472924,203869.059887,59.750806,206847.749540,97.584512,963.670382,-22.543659,970.055508,-142.646432,969.502669,59.962708,-0.005769,1,0
22.500000,-60.348745,205837.495249,179.440917,207460.074845,59.793216,206166.112872,97.583432,967.228840,-22.343187,958.256003,-142.086198,963.471170,59.968066,-0.001438,1,0
22.533000,-60.197178,207829.731716,179.510178,207586.148404,59.519022,205446.111843,97.979873,964.059097,-22.617240,970.069726,-142.271820,968.535300,59.967286,0.008807,1,0
22.567000,-60.543951,205602.335727,179.541833,205703.530774,59.668646,207739.718796,97.739566,964.787812,-22.416921,963.326637,-142.039999,977.472983,59.974591,-0.006654,1,0
22.600000,-60.374660,207345.418392,179.705550,207307.720085,59.536955,206425.253603,97.431922,972.724801,-22.387779,974.573242,-142.677899,974.061984,59.964631,-0.004441,1,0
22.633000,-60.399173,206282.074989,179.682374,206577.125925,59.643722,206088.539376,97.969781,964.120872,-22.216617,973.814740,-142.366833,976.152580,59.970039,-0.003292,1,0
22.667000,-60.346281,208103.684313,179.619438,207553.684960,59.551941,206659.433158,97.798191,977.340076,-22.258633,974.533027,-142.370173,969.328867,59.978644,0.007999,1,0
22.700000,-60.298589,205834.879025,179.594488,205953.560245,59.628837,207960.753377,97.983910,968.092286,-22.227003,968.806474,-142.566877,970.176322,59.981127,-0.006185,1,0
22.733000,-60.464431,206465.553308,179.663852,206244.774634,59.705554,205444.715040,97.314455,978.076734,-22.231903,962.315873,-142.216764,962.402605,59.979800,-0.004900,1,0
22.767000,-60.589310,206574.900724,179.549018,207394.861540,59.757910,209260.470942,97.367867,974.239830,-22.399391,978.045897,-142.255991,980.929453,59.970392,0.001603,1,0
22.800000,-60.446735,205931.669483,179.645255,206689.342028,59.647892,207446.504502,97.588448,971.308095,-22.384749,972.198522,-142.593142,969.674524,59.982219,0.008918,1,0
22.833000,-60.422870,205452.656895,179.740324,206437.131557,59.617571,208126.266349,97.662488,975.795555,-22.162181,984.631065,-142.372321,971.012142,59.973775,0.014335,1,0
22.867000,-60.481805,206488.215293,179.792851,208654.737053,59.710039,206363.279644,97.380106,985.188532,-22.251288,976.743643,-142.233441,970.809760,59.986614,0.009518,1,0
22.900000,-60.318193,205504.135469,179.683199,206172.950352,59.633695,206240.564890,97.336118,967.815573,-22.211444,963.061628,-142.278021,975.948348,59.982159,-0.007989,1,0
22.933000,-60.216550,206085.917290,179.640357,206616.097739,59.722173,205860.202753,97.876535,964.911690,-22.387792,972.682141,-142.068963,971.137696,59.967656,0.006636,1,0
22.967000,-60.292698,206568.660585,179.651924,204679.830313,59.720442,205410.759339,97.603424,964.107807,-22.304390,979.399622,-142.572194,972.101575,59.980454,0.000018,1,0
23.000000,-60.343161,207267.550227,179.457893,207621.257450,59.612432,206282.377542,97.454681,976.453329,-22.240321,967.056403,-142.263501,966.996650,59.979147,-0.006841,1,0
23.033000,-60.324304,206424.578092,179.766742,207030.537138,59.810292,205804.790018,97.880332,976.688419,-22.628321,963.343708,-142.102522,970.483570,59.980828,-0.001564,1,0
23.067000,-60.287264,207973.128310,179.873409,206891.950905,59.726028,207277.330548,97.611971,970.761307,-22.188561,955.713813,-142.181250,968.560944,59.969869,0.004987,1,0
23.100000,-60.325964,208265.344722,179.697160,206735.454054,59.789951,206881.172782,97.632583,963.139749,-22.195218,964.766112,-141.919068,970.501752,59.970490,0.004315,1,0
23.133000,-60.333180,207153.697292,179.838841,206419.107348,59.708574,207276.098425,97.946865,964.925647,-22.178704,957.339957,-142.286022,961.870705,59.971623,0.015124,1,0
23.167000,-60.153359,208266.153616,179.808436,206910.280319,59.903361,206548.728750,97.829032,967.132832,-22.039237,963.942683,-142.101728,970.437177,59.974340,0.014595,1,0
23.200000,-60.290430,208412.805892,179.584260,206104.887912,59.628549,206236.714144,97.646420,968.810749,-22.760095,977.779676,-142.389730,975.439313,59.966088,-0.008085,1,0
23.233000,-60.084286,207942.203265,179.679775,206741.440145,59.889927,205752.858443,98.182726,958.806736,-22.039450,976.802822,-142.100897,982.166453,59.966997,0.006427,1,0
23.267000,-60.152864,205070.472784,179.589116,207144.077334,59.701489,206562.469806,98.013188,970.509465,-22.224339,969.301389,-141.980701,975.054411,59.965385,0.009799,1,0
23.300000,-60.055174,207937.860230,179.773573,206966.490177,59.730635,205826.501726,98.035935,975.914559,-22.236468,980.123764,-142.498398,970.762820,59.960833,0.008603,1,0
23.333000,-60.257742,205596.747628,179.846070,207160.146347,59.682671,206809.478967,97.476434,982.348029,-22.161386,978.997658,-142.569125,977.094879,59.971514,-0.011558,1,0
23.367000,-60.137939,206941.462681,179.692109,207385.063033,59.798195,205639.379712,97.734350,971.598380,-22.175749,966.261352,-142.051857,981.526483,59.969437,-0.003352,1,0
23.400000,-60.357915,205613.813677,179.653383,206815.165080,59.674344,208108.083520,97.967726,973.266536,-22.596290,975.635220,-142.037041,982.558037,59.980018,-0.003707,1,0
23.433000,-60.339333,207993.969562,179.844340,206765.391300,59.647747,208308.191303,97.768900,978.393166,-22.296134,973.894363,-142.597634,977.699538,59.964618,-0.007020,1,0
23.467000,-60.211967,207683.225709,179.618387,205988.865380,59.820634,205483.103725,97.463243,968.625517,-22.502935,973.367902,-142.235874,971.700813,59.965858,-0.003866,1,0
23.500000,-60.448420,206160.290377,179.790145,207179.345169,59.625319,206341.639873,97.606878,972.093139,-22.429781,969.978231,-142.570672,967.319529,59.968909,0.011276,1,0
23.533000,-60.217034,208141.630921,179.690529,207687.156232,59.334568,206938.967756,97.908865,958.839041,-22.525180,974.014916,-142.401173,971.114012,59.971914,-0.002714,1,0
23.567000,-60.479854,206820.996816,179.726813,206734.998747,59.606332,206455.773621,97.337987,974.045746,-22.354194,969.569099,-142.565411,967.919827,59.962872,0.003453,1,0
23.600000,-60.325701,206463.005355,179.604494,207028.699085,59.827123,208395.763649,97.709505,975.256872,-22.563525,971.574252,-142.388357,968.700001,59.965104,-0.004144,1,0
23.633000,-60.250123,207203.784304,179.769556,206468.856357,59.911843,206396.943015,97.673193,955.632538,-22.203849,961.461818,-142.169275,978.628275,59.967288,0.002409,1,0
23.667000,-60.416152,207984.164297,179.780805,207655.426708,59.676283,207442.807552,97.595308,979.317823,-22.219671,981.142106,-142.320285,982.693113,59.973950,-0.006594,1,0
23.700000,-60.116743,207322.903602,179.768864,205425.531479,59.727045,208471.589706,97.739503,971.287894,-22.237516,977.273666,-142.116560,986.448720,59.972254,0.011452,1,0
23.733000,-60.162354,206236.909075,179.484612,206440.483187,59.730922,206746.360927,97.844374,979.458729,-22.519520,977.874316,-142.260921,981.542043,59.969108,-0.006283,1,0
23.767000,-60.192023,207636.229059,179.825331,207441.040975,59.651818,208099.207673,97.466164,973.197895,-22.039092,972.833601,-142.450851,980.253242,59.969909,-0.003316,1,0
23.800000,-60.187509,205967.044632,179.814837,206242.104261,59.987847,207565.077326,97.629626,973.835742,-22.155995,986.467255,-141.845893,975.155311,59.970472,0.007046,1,0
23.833000,-60.258053,207799.118033,179.815762,207136.662465,59.849578,207254.802758,97.434989,976.562014,-22.018362,986.580585,-142.256050,973.578179,59.970855,0.007076,1,0
23.867000,-60.084025,208778.299859,179.997370,207228.843381,59.588789,208851.150694,98.232407,971.544234,-22.102566,986.357140,-142.353038,975.871136,59.965530,0.007130,1,0
23.900000,-60.095148,206726.845852,179.751556,207133.043475,59.845063,208220.563223,97.466855,978.964327,-22.398633,977.521338,-142.531455,976.933993,59.978025,-0.000813,1,0
23.933000,-60.087348,207312.036401,179.866805,207129.479033,59.845709,207614.674018,98.074933,975.827670,-22.212835,991.020981,-142.092819,976.336188,59.962992,0.005087,1,0
23.967000,-60.055427,208096.487822,-179.996365,207335.804930,59.845980,208074.651940,98.165615,980.926251,-22.123469,981.436418,-141.945650,979.653423,59.973516,0.003552,1,0
24.000000,-60.224368,209115.521731,-179.897716,207630.100647,59.974169,208357.043767,97.653347,984.460557,-21.886819,974.932043,-141.988142,989.790070,59.973600,0.005548,1,0
24.033000,-60.103669,207378.700376,179.859943,207117.775924,59.807260,205182.350981,97.954644,984.679222,-22.469342,973.157963,-142.284170,989.378786,59.965637,-0.004926,1,0
24.067000,-60.176306,208045.195440,179.868502,206624.090630,60.001735,207295.463737,98.113422,991.217623,-22.238619,979.052933,-142.051415,988.633785,59.964440,-0.008272,1,0
24.100000,-60.117154,206832.430828,-179.972847,206746.980706,59.818099,206476.709503,98.043056,989.702711,-21.947811,990.468214,-142.094106,979.339576,59.976249,-0.000835,1,0
24.133000,-60.115866,208235.667098,179.996658,205210.893124,60.012889,206735.440208,98.008565,978.060586,-22.096071,982.629467,-142.076706,963.357086,59.964392,0.005341,1,0
24.167000,-60.033098,207346.418109,179.921994,206582.509290,60.082810,207226.035752,97.913706,983.614588,-22.147434,989.884026,-141.911917,988.457570,59.970681,-0.006566,1,0
24.200000,-59.874360,208565.554636,179.867925,205073.387432,60.003189,207595.225359,98.290187,979.495851,-22.235021,984.332590,-142.062427,982.946945,59.962043,-0.004809,1,0
24.233000,-60.185277,207223.693772,-179.820231,207158.071980,59.905390,207058.295831,98.019095,979.476612,-21.790907,975.958462,-142.059493,976.503177,59.962641,0.010988,1,0
24.267000,-60.038862,208179.731356,179.940116,206738.012891,59.765481,207178.922382,98.053225,970.228511,-22.091729,970.310163,-142.015572,988.533793,59.961098,-0.007603,1,0
24.300000,-59.950110,208612.979967,179.925613,207743.942265,60.094233,208338.596623,98.035515,975.772438,-22.281161,980.489015,-141.977497,981.990115,59.961746,-0.010022,1,0
24.333000,-59.960871,207154.165112,-179.992580,207435.083788,59.950040,206463.064995,97.852044,985.612502,-21.833892,985.303102,-142.177891,970.763964,59.967979,0.004945,1,0
24.367000,-60.153162,207088.070426,179.932449,207715.811459,59.945160,206701.054512,97.729285,974.617176,-21.963046,980.501481,-141.904414,982.270166,59.965027,0.005916,1,0
24.400000,-59.944180,207943.891411,-179.971515,207841.640169,60.058308,207068.723378,97.974494,989.198897,-21.793866,981.060668,-142.044600,978.068562,59.969131,0.005045,1,0
24.433000,-60.049279,206762.804964,-179.858984,207717.493965,60.106617,206640.127047,97.851764,981.322379,-22.008540,986.424862,-141.945235,983.085626,59.959060,-0.006177,1,0
24.467000,-59.915534,207445.039285,-179.971547,207363.680084,60.110136,206171.649850,98.122680,981.693345,-21.870321,983.786892,-141.754644,978.218781,59.966191,-0.002040,1,0
24.500000,-59.964483,207153.773554,-179.791174,206197.260629,60.278380,205236.788009,97.784213,980.358842,-22.117428,978.559436,-141.926448,976.504214,59.966391,0.000084,1,0
24.533000,-59.907653,206440.558164,-179.876525,206709.827692,59.907999,206377.935984,97.934530,979.838464,-21.413943,979.648056,-141.947449,970.587759,59.964791,0.009304,1,0
24.567000,-59.961610,207064.827134,-179.857595,204947.156624,60.084246,207101.781914,98.170510,987.353436,-21.834419,964.668437,-141.924034,992.752670,59.958170,0.005725,1,0
24.600000,-60.009995,206764.505128,-179.848644,208302.158884,60.188736,207570.269397,98.180309,972.548700,-21.406857,979.541870,-141.850835,986.948194,59.961560,-0.001358,1,0
24.633000,-59.938354,204918.296046,179.975413,205884.230994,60.134014,208166.799385,98.213388,974.085264,-21.953500,985.662379,-142.220521,977.942209,59.967863,-0.015098,1,0
24.667000,-59.823229,207612.792545,179.919129,207430.813539,60.084355,205192.085543,98.023499,984.327280,-21.872179,973.011148,-142.303420,982.006315,59.960149,-0.003309,1,0
24.700000,-59.932475,207868.826298,179.981881,205227.856709,59.971598,206218.079438,98.183266,977.909841,-21.916155,981.875825,-142.171278,972.492552,59.957343,0.002398,1,0
24.733000,-60.080666,207854.355619,179.969468,207535.579357,60.077116,205844.121369,98.145504,986.020162,-22.059580,983.035601,-141.992631,984.118077,59.962625,0.007605,1,0
24.767000,-59.907533,206305.409740,179.917388,205998.057842,59.931813,206083.282270,98.323197,985.521875,-21.863228,969.747812,-142.375899,980.787624,59.968805,-0.002584,1,0
24.800000,-60.143966,207180.249457,-179.970225,204374.620512,59.970471,207298.573496,98.091051,977.618029,-22.256282,990.651999,-141.981253,980.860962,59.965613,-0.006721,1,0
24.833000,-60.148252,206382.647925,179.773797,206750.472350,59.933556,206230.122032,97.913742,985.357053,-22.502435,977.781244,-141.861513,987.175997,59.969936,-0.008245,1,0
24.867000,-60.001444,206833.694945,-179.854470,207545.189051,60.089529,206384.856618,98.212130,981.436422,-21.676546,979.331669,-141.764602,986.665024,59.968813,0.002758,1,0
24.900000,-60.055886,206395.832810,179.819437,208042.859657,60.074836,206490.428318,97.985261,981.100559,-22.084521,975.115285,-141.930146,974.442004,59.961934,-0.004845,1,0
24.933000,-60.012201,206402.494165,-179.903688,207537.131577,60.014762,208268.065530,97.871308,978.412076,-22.097700,990.688251,-142.198529,979.923536,59.963458,0.000430,1,0
24.967000,-60.007353,208403.999356,179.926490,208041.121147,59.914219,206429.578622,97.702533,983.388455,-22.139151,990.209728,-142.000752,980.492149,59.959595,-0.002387,1,0
25.000000,-59.984887,205394.066621,-179.997341,208584.295585,60.017293,206981.529009,97.871496,974.583582,-21.913161,978.455336,-141.882787,978.064828,59.958845,0.004478,1,0
25.033000,-60.105772,208868.911976,-179.709953,208036.887182,60.020215,207390.946741,97.711777,984.594956,-21.846815,988.186898,-142.053039,981.606236,59.956440,0.013190,1,0
25.067000,-59.855185,205559.190914,179.945126,206823.198597,59.937992,207230.359842,98.095743,973.815675,-22.172866,977.586533,-142.097332,977.427008,59.964973,0.006074,1,0
25.100000,-60.086194,207347.498216,179.679598,205946.496005,59.911907,206093.856713,97.992125,973.538590,-22.350038,974.722225,-142.400148,978.201070,59.950650,-0.000807,1,0
25.133000,-60.057710,206334.452370,-179.959285,208677.377472,59.990723,207270.912175,97.837650,981.459136,-22.126233,976.745767,-142.245011,973.227315,59.950454,-0.010042,1,0
25.167000,-60.047151,207543.256169,179.996761,208016.211381,59.972253,207182.374898,98.336949,978.650508,-21.659909,977.758541,-141.923694,974.524067,59.954213,-0.000763,1,0
25.200000,-60.124681,206976.542314,179.976170,208517.257002,60.001228,207784.782462,97.570815,974.773940,-22.179964,969.530824,-141.714889,985.907191,59.954495,-0.005943,1,0
25.233000,-60.140241,208582.972841,179.945538,209336.172989,59.839246,206036.573416,97.720737,977.040284,-22.056212,976.156853,-142.351535,977.569169,59.956766,0.013430,1,0
25.267000,-60.011892,206613.289960,179.780096,207160.771963,60.197032,208159.922489,97.875872,981.087430,-22.499583,986.680499,-141.834677,980.344783,59.950065,-0.006187,1,0
25.300000,-59.876288,207010.729344,-179.949367,207805.560779,60.002912,206386.485859,98.244986,978.119700,-22.217858,981.293378,-141.813040,989.595151,59.948972,0.007218,1,0
25.333000,-60.040079,207001.186404,179.973635,205940.307763,59.905310,208554.014207,98.028715,972.349925,-22.135997,992.990471,-142.302893,981.628448,59.953252,0.003817,1,0
25.367000,-60.220357,203927.596662,179.886448,206156.522476,59.886550,206959.324296,97.948200,969.694369,-22.341294,979.620985,-142.105342,978.421775,59.944488,-0.000749,1,0
25.400000,-59.960541,205193.672893,-179.965819,207264.060485,59.828997,206655.344863,98.000137,977.065353,-22.034913,979.210282,-142.117010,969.974656,59.947768,-0.000006,1,0
25.433000,-60.108758,207193.141024,179.898105,206844.380247,59.977470,207597.732739,97.781832,971.935099,-22.036618,976.477835,-141.982668,975.447951,59.949455,0.005113,1,0
25.467000,-59.879940,206837.308277,179.827541,206519.325479,59.977558,205696.819690,98.083401,988.977165,-22.293224,977.701698,-142.282329,980.413491,59.940636,-0.006088,1,0
25.500000,-60.085745,207404.321559,-179.993466,205200.465194,59.853954,205730.439721,97.849321,981.287257,-21.814891,971.362808,-142.220634,981.829226,59.948202,0.004049,1,0
25.533000,-59.985505,206391.509029,179.907629,206256.554181,60.096816,205153.338161,97.902310,980.522635,-22.124551,968.540429,-141.826218,975.575631,59.942354,0.009619,1,0
25.567000,-60.048225,207020.847166,179.976509,208232.488260,59.888310,206558.582075,98.126267,967.801454,-22.132014,964.635506,-142.124821,968.402002,59.938886,-0.003224,1,0
25.600000,-60.190607,207607.062952,179.800305,207888.696603,60.007470,207362.918652,97.744666,970.427237,-22.430655,968.747122,-141.815087,971.392296,59.944241,0.003846,1,0
25.633000,-60.099933,207389.608191,179.811824,207640.547347,60.083364,208031.580035,97.799888,975.988262,-22.016976,973.380424,-141.793013,977.578979,59.954328,-0.004441,1,0
25.667000,-60.229215,206203.374274,179.889040,207526.992751,60.000188,206870.556741,98.017492,980.748418,-22.020896,969.283147,-142.082938,974.005536,59.952661,0.012418,1,0
25.700000,-60.187360,205414.664238,179.906092,207500.766630,60.063980,206764.376296,98.015554,979.605570,-22.310362,964.548563,-141.908900,982.884399,59.948676,0.006141,1,0
25.733000,-60.077737,207138.579966,179.911800,208335.326638,59.918317,205709.322040,97.817388,975.198548,-22.024340,979.722607,-141.988680,972.033200,59.953122,0.001721,1,0
25.767000,-59.974971,206372.011921,179.887667,205889.947906,59.971332,206581.102102,98.035456,979.959329,-22.203199,977.709582,-141.792046,979.367746,59.944095,-0.006042,1,0
25.800000,-60.075746,206115.149630,-179.946969,206349.680501,59.812224,205571.880691,97.982658,978.554755,-21.929691,984.827446,-142.286768,977.910808,59.943055,-0.003756,1,0
25.833000,-60.026877,207154.934157,179.838237,205807.301095,59.931229,208078.249066,97.763172,971.357463,-22.115012,989.048194,-142.237882,971.540337,59.945925,0.005750,1,0
25.867000,-60.101571,205734.377244,179.927723,206642.236583,59.754115,207649.881418,97.908799,991.856178,-21.746791,982.529817,-142.359902,982.080190,59.945028,0.003480,1,0
25.900000,-60.135998,208297.920764,179.849301,206069.137913,59.863863,207674.974187,98.035125,981.226393,-21.935614,974.712616,-142.203559,973.125504,59.951773,0.003499,1,0
25.933000,-59.911236,207148.027161,179.859850,207071.883710,59.967109,207964.788117,98.082545,980.047844,-22.292283,975.051788,-142.263158,975.927391,59.944131,0.006293,1,0
25.967000,-60.101920,207319.513003,179.907425,207798.109417,60.042621,207612.726752,98.368961,978.095590,-22.043308,970.550227,-142.147855,974.055710,59.936932,-0.001710,1,0
26.000000,-60.234176,207521.874864,-179.990462,207335.834616,59.974472,206889.494541,97.603057,981.050559,-22.012045,975.428544,-142.120950,977.410006,59.939774,-0.009210,1,0
26.033000,-60.054505,207551.179117,179.859253,205719.710828,60.019272,207571.937057,97.878140,980.275979,-21.774190,972.393140,-142.219967,968.721336,59.947065,0.004211,1,0
26.067000,-60.117054,207887.707089,179.988350,206530.588271,59.966234,206497.854204,98.043875,986.101132,-21.988616,969.354229,-141.946865,980.041951,59.936115,0.002399,1,0
26.100000,-60.238136,207258.684929,179.922670,206349.976472,59.788608,206410.230580,97.944611,975.755773,-21.931369,978.632990,-142.187563,968.754462,59.934427,-0.009748,1,0
26.133000,-60.169637,207647.142054,179.902944,206366.116887,59.998906,206105.550758,97.678940,983.767290,-21.957834,985.391570,-142.025941,972.405788,59.937951,0.005158,1,0
26.167000,-60.293327,206228.221313,179.997267,207187.470276,59.768794,206758.825187,97.634781,974.932825,-21.983019,975.637639,-142.075090,971.576382,59.939503,-0.002214,1,0
26.200000,-60.034951,206227.422158,-179.939271,206314.790390,59.945520,207465.358322,97.827796,990.153586,-22.005179,988.150799,-141.905257,975.372629,59.936680,-0.001085,1,0
26.233000,-60.212875,208588.652503,-179.967013,206043.862525,59.983347,207158.954468,97.765356,967.637182,-21.830359,971.838789,-142.178590,976.924847,59.933726,-0.003364,1,0
26.267000,-60.166420,206348.422822,-179.934276,207656.862511,59.941123,205733.130279,97.823266,968.637368,-22.062114,968.422643,-141.975662,975.126703,59.938143,0.004579,1,0
26.300000,-60.047881,207554.935175,179.813761,206460.550049,59.922995,204038.814952,98.106245,969.699930,-22.236505,977.092040,-141.854661,977.354862,59.932657,-0.007027,1,0
26.333000,-60.234397,207171.486140,179.690881,207258.249554,59.675671,206630.997318,97.851594,978.665870,-22.319291,975.563346,-142.577956,972.817622,59.935874,0.000853,1,0
26.367000,-60.136480,207716.330386,179.833687,206723.953451,59.694090,206438.567831,98.025519,977.441466,-21.935788,969.250308,-142.531353,977.018643,59.937740,-0.000311,1,0
26.400000,-60.041446,206115.920834,179.968594,206802.112736,60.034494,207245.474309,97.940486,972.370048,-22.419703,978.409149,-141.897062,970.995280,59.937331,0.001662,1,0
26.433000,-60.014898,208791.292523,179.963473,205843.838032,59.928045,207558.034667,97.759945,980.343798,-21.789356,968.955446,-142.116122,978.164164,59.936747,0.008102,1,0
26.467000,-60.213269,207668.259755,179.700783,205637.731144,59.773249,206189.194468,97.697923,970.037776,-22.266364,974.100829,-142.004330,964.029917,59.937736,-0.001336,1,0
26.500000,-60.308524,208744.124491,179.757562,206004.159671,59.935852,204935.996109,97.460021,974.522133,-22.392972,961.145205,-141.862614,963.575069,59.944088,0.000838,1,0
26.533000,-60.125977,206746.117509,-179.960378,207651.340158,59.859256,206813.958637,97.958122,976.351411,-22.188619,972.876777,-141.759986,970.335163,59.945393,0.013906,1,0
26.567000,-59.982239,205508.770600,179.780935,205200.202599,59.854346,207371.690605,98.080479,968.523682,-22.160730,968.761126,-142.470778,965.144659,59.940075,0.010943,1,0
26.600000,-59.883847,205841.377870,-179.988614,207201.810043,59.990850,207272.486119,97.900548,965.995645,-22.092735,965.372217,-141.859774,986.644038,59.938109,0.000958,1,0
26.633000,-60.186382,206542.284722,179.827234,205797.419973,59.908611,206291.609619,97.734289,968.686863,-22.184218,970.968818,-141.876606,982.874555,59.940963,0.006406,1,0
26.667000,-60.118368,206704.865327,179.892050,207018.061577,60.012177,206431.782700,97.997367,972.223082,-22.501213,978.095712,-142.163275,973.094709,59.943826,-0.002087,1,0
26.700000,-59.934674,205306.132216,-179.877458,206661.924329,60.015725,205064.059171,98.157200,971.109037,-22.164087,970.172229,-141.924752,981.841889,59.943165,-0.002753,1,0
26.733000,-59.922160,207334.434741,-179.965591,206674.958134,60.068597,207197.382216,98.120544,969.925795,-22.139537,970.105021,-141.989626,969.882455,59.944981,0.010452,1,0
26.767000,-59.979018,205423.118539,-179.970255,205558.267402,60.028536,207747.512922,98.028997,962.595754,-22.354676,970.160120,-142.514169,979.763851,59.943527,-0.007059,1,0
26.800000,-59.972379,205482.151763,-179.944879,206492.072940,60.023559,206412.903336,98.050282,976.066516,-21.951466,985.425244,-141.953519,976.822284,59.938008,-0.001273,1,0
26.833000,-59.959767,206338.617694,179.952339,206517.069390,59.983137,205369.889491,97.825702,981.260105,-22.133395,973.131772,-142.079115,964.392665,59.945559,-0.005266,1,0
26.867000,-60.043696,207234.364511,-179.897363,205269.547852,60.099218,204540.286804,98.036110,966.417179,-21.851585,971.565631,-141.892527,964.693018,59.948174,0.000034,1,0
26.900000,-59.785664,206406.053722,179.966448,207207.008870,59.848536,205588.235726,97.801085,972.609579,-21.820715,966.188185,-142.091357,980.598946,59.947422,-0.008835,1,0
26.933000,-60.046033,205963.920801,179.911750,207403.301524,59.901203,207551.109730,98.165530,987.281922,-21.961594,970.233625,-142.146161,979.932569,59.940507,0.006261,1,0
26.967000,-59.950346,207270.870765,-179.874049,206957.469835,60.150264,206773.769156,98.137814,976.985392,-21.936824,969.196848,-141.809794,977.721445,59.937585,-0.000418,1,0
27.000000,-59.979461,206033.370289,-179.970001,204807.993428,60.170203,207147.141316,98.381339,967.131078,-21.837145,970.991987,-141.845700,971.102532,59.942081,0.010702,1,0
27.033000,-59.925273,207179.168428,-179.706878,206856.954210,60.116170,205327.174941,98.003210,973.192455,-21.666020,971.066586,-142.159412,965.983445,59.941578,0.007317,1,0
27.067000,-59.990564,206749.010308,-179.841155,206405.291127,60.072452,206285.881493,98.313778,972.552694,-21.758838,971.935922,-141.821692,968.556199,59.945539,0.009250,1,0
27.100000,-59.825979,207083.830729,-179.885034,207026.202252,60.059345,207177.527316,98.170884,972.244407,-22.003903,980.566813,-141.995676,977.850159,59.944458,-0.014516,1,0
27.133000,-60.038332,208366.679439,-179.992109,206006.583919,59.995853,206605.022559,98.057428,981.175879,-21.694089,987.204872,-142.212830,975.580861,59.939626,0.002433,1,0
27.167000,-59.814852,206608.705823,179.954139,206712.244920,60.043110,205921.887149,98.391104,976.652665,-21.880716,983.153652,-141.856060,984.287706,59.946469,0.008355,1,0
27.200000,-60.064788,207568.643910,179.951631,208334.927844,59.985862,206077.850528,97.833029,988.891968,-21.922890,982.870887,-141.980914,980.283608,59.949897,-0.001013,1,0
27.233000,-59.972770,206991.067643,-179.846759,207258.071660,60.015695,206862.597973,98.044982,977.031373,-21.864534,980.104624,-141.973664,979.386214,59.948308,0.004465,1,0
27.267000,-59.974602,208320.057429,-179.943159,206316.216452,59.872865,206010.416661,97.938027,980.673584,-21.783430,984.015964,-142.039173,987.464677,59.944593,0.020146,1,0
27.300000,-60.040074,206900.929244,-179.915065,206742.220765,59.828464,207773.340732,98.072294,986.484320,-21.897145,977.640552,-141.948992,980.995714,59.946229,0.003278,1,0
27.333000,-59.947877,206731.325183,-179.838659,206740.050281,59.916633,207205.348167,97.826285,989.190842,-21.934515,992.525311,-141.968350,990.023398,59.947851,-0.007883,1,0
27.367000,-60.022629,207340.543141,179.847556,206342.048908,59.893412,207879.409718,97.923619,983.314349,-22.264357,983.769600,-142.133593,971.745886,59.949917,0.004827,1,0
27.400000,-60.065804,206770.979078,-179.854915,208215.969702,59.807482,206719.416921,97.780197,982.020766,-22.001048,973.035064,-142.172031,969.683265,59.950183,0.005678,1,0
27.433000,-60.163040,205975.700277,179.954839,207136.325749,60.000155,207750.392868,97.772310,978.289715,-21.871695,981.171196,-141.990207,976.158798,59.942784,0.006831,1,0
27.467000,-59.993316,205484.556112,179.983403,206724.680179,59.970176,205871.470417,98.214447,985.720384,-21.756432,980.869396,-142.035919,986.411827,59.941832,0.010115,1,0
27.500000,-60.010471,205823.742219,179.900227,205281.105373,60.088499,207894.283113,98.192678,991.473659,-21.648867,991.386547,-141.971916,978.504007,59.942925,-0.001482,1,0
27.533000,-59.895298,207113.174253,179.889107,205887.994146,59.874304,208077.153126,98.020116,984.099712,-21.728101,993.411252,-142.042493,980.193013,59.939236,-0.013649,1,0
27.567000,-60.047512,206530.803035,179.786015,208502.214064,59.990508,207012.517091,98.091222,977.197367,-22.221674,983.260851,-141.899481,978.555839,59.943939,-0.007510,1,0
27.600000,-60.014698,205480.731247,-179.962148,207727.361624,60.020804,206925.275590,98.074198,981.027593,-21.916515,976.680359,-142.012877,977.252506,59.941426,0.017109,1,0
27.633000,-60.238490,206546.024326,179.957640,206304.914404,60.000476,207292.096715,97.797765,990.122962,-21.920798,989.517269,-142.161885,982.134562,59.942758,0.004696,1,0
27.667000,-60.013924,206413.775058,179.802711,206150.675761,59.989456,208314.603991,97.958788,988.454440,-22.435684,987.290452,-142.315212,989.279586,59.946221,-0.006129,1,0
27.700000,-60.072703,208203.548742,179.849724,207224.822062,59.822498,206744.108241,98.076937,974.001647,-22.316047,980.053859,-141.968894,994.306340,59.940822,0.008475,1,0
27.733000,-60.046594,207302.380646,179.998996,206797.104050,59.880935,205104.550523,97.929060,985.981500,-22.199271,981.560148,-142.319804,992.436588,59.939258,0.000112,1,0
27.767000,-60.208842,206017.049856,179.821249,208044.720363,60.009068,207212.346373,97.991790,992.356607,-21.769465,991.543176,-141.566588,988.090369,59.937812,-0.001269,1,0
27.800000,-60.076002,207563.934544,179.956377,207677.027906,59.932724,207762.139057,97.928408,993.952831,-21.812556,994.272576,-142.173235,986.991800,59.951386,-0.003191,1,0
27.833000,-60.165765,206248.970540,179.995012,206773.111373,59.970204,205512.134550,97.958597,975.342366,-22.120649,980.338422,-141.918304,982.148985,59.940745,-0.004959,1,0
27.867000,-60.132005,208093.392418,179.928622,206103.462745,59.891162,205696.011760,98.176203,980.939706,-22.093989,983.308786,-142.298591,986.596339,59.938539,0.018791,1,0
27.900000,-60.221899,206776.427771,179.971830,203457.795524,59.830683,204660.853372,97.981539,990.770340,-21.743230,976.433848,-142.088548,974.898142,59.934003,0.005333,1,0
27.933000,-60.125547,206203.707284,179.834020,206738.748546,59.815114,208075.295219,97.783875,992.535783,-22.030487,991.221685,-142.121855,980.036227,59.939542,0.003010,1,0
27.967000,-60.416985,206540.768737,179.747347,205193.169080,59.909309,205573.759556,97.529835,982.680828,-22.133685,987.267860,-142.141541,985.588118,59.932330,-0.002859,1,0
28.000000,-60.141837,208329.745936,179.913480,206884.134529,59.955908,208373.456658,98.045021,985.868209,-22.134767,985.917862,-142.205154,987.858390,59.938465,-0.003431,1,0
28.033000,-60.121242,206804.201471,179.844386,204496.655168,59.815539,206961.318720,97.538667,979.039891,-22.233005,999.767421,-142.340913,988.848210,59.939463,0.006965,1,0
28.067000,-60.096201,205995.946815,179.924917,206921.979106,59.987870,207530.182013,97.982239,988.281951,-22.114488,985.839673,-141.994999,992.378127,59.936726,0.000671,1,0
28.100000,-60.096792,205802.790288,179.890240,205470.006598,59.830876,207090.243821,98.125583,987.912867,-22.178695,989.398584,-142.026174,981.155243,59.939600,0.000392,1,0
28.133000,-60.047809,207336.924653,179.834946,208708.763116,59.930876,207115.628539,98.161232,987.495163,-22.352744,990.006909,-141.908899,986.947779,59.939872,0.004901,1,0
28.167000,-60.065030,206909.415018,179.913956,206336.803378,59.853841,209037.480008,97.909532,995.152140,-22.089218,988.859707,-142.119222,989.291000,59.938430,0.002456,1,0
28.200000,-60.037960,207082.829384,179.885958,207412.020070,59.900768,207011.459787,98.067937,996.790754,-22.103274,993.440288,-141.936449,998.502399,59.949872,0.001458,1,0
28.233000,-60.228750,207319.871749,179.658846,206295.992529,59.872534,207179.412712,97.832824,997.938072,-22.148396,991.981049,-142.365996,997.536871,59.941689,0.000079,1,0
28.267000,-60.203076,206106.196160,179.822151,207152.251788,59.798359,205084.793513,97.923121,982.851615,-22.430085,988.851381,-141.998596,984.497958,59.946177,0.010343,1,0
28.300000,-60.191347,208812.652707,179.899952,206118.891696,59.973968,204885.492454,98.090752,992.853550,-21.797926,995.635251,-141.868511,990.754205,59.939885,-0.002437,1,0
28.333000,-60.228142,206001.931134,179.739602,207734.283092,60.096342,208247.305587,97.939099,1005.988163,-22.179253,998.470037,-141.809406,1000.195050,59.938988,-0.011913,1,0
28.367000,-60.192777,208054.901012,179.879616,208176.420203,59.819635,208086.026056,97.760296,998.739395,-21.996346,998.201921,-142.133863,1001.474956,59.945639,0.002471,1,0
28.400000,-60.149731,207483.742862,-179.975274,206528.607186,59.603055,209102.771040,97.800142,986.120355,-21.765458,1001.091499,-142.586512,1000.623708,59.955357,0.011793,1,0
28.433000,-60.158500,206703.430750,179.940791,207931.488255,59.813969,208020.528552,97.935650,990.187294,-22.100332,984.111782,-142.010947,1002.523026,59.953689,-0.003812,1,0
28.467000,-60.227670,205946.063434,179.851860,208030.933734,59.884170,207376.297427,97.785982,994.200246,-22.020026,992.143546,-142.244306,1003.017399,59.942519,0.002913,1,0
28.500000,-59.971579,208451.119957,179.759226,209170.764203,59.816411,205983.415802,97.787141,983.782203,-22.263131,995.899812,-141.924386,995.197884,59.939715,0.001006,1,0
28.533000,-60.096468,207429.401777,179.871495,207081.355710,59.829419,207513.233358,97.807728,998.951494,-22.552729,1006.046858,-142.092173,995.967897,59.950211,0.003018,1,0
28.567000,-59.977546,207176.930043,179.887125,208995.111644,59.734761,207979.824336,97.937343,995.205249,-21.916068,1001.494606,-142.395873,1000.718287,59.945113,-0.000138,1,0
28.600000,-60.257204,206342.215924,179.738076,207296.068565,59.916092,206925.251932,97.667503,1001.129657,-22.426394,1004.199950,-142.092946,1005.703128,59.951971,0.003948,1,0
28.633000,-60.277841,206909.278222,179.973232,206446.046082,59.829026,208474.859403,97.841155,1005.545161,-21.844558,1002.088062,-142.249060,994.887053,59.956116,0.007712,1,0
28.667000,-60.120041,206966.412104,179.678433,207741.059382,59.752253,206685.641540,97.782596,1007.770695,-22.452911,1007.048882,-142.259017,993.397245,59.945965,-0.001486,1,0
28.700000,-60.078066,205535.220979,179.859494,206455.295972,59.622287,208143.857615,98.187843,1007.854971,-22.381052,1006.826824,-142.468476,1000.725319,59.945751,0.008222,1,0
28.733000,-60.199225,207340.254527,179.713370,206948.249613,59.730242,206761.426557,98.089581,1000.879026,-22.540746,1005.164098,-142.253421,1018.354578,59.947470,-0.015126,1,0
28.767000,-60.302582,206946.406830,179.811548,207597.890237,59.671518,206678.453745,98.004424,1000.495535,-21.894166,999.313880,-142.244500,990.538289,59.937936,0.009199,1,0
28.800000,-60.220936,207395.822434,179.721009,207298.207282,59.897720,207278.937483,97.615071,1004.974380,-22.446166,990.397301,-142.440989,993.447021,59.942160,0.011951,1,0
28.833000,-60.149251,207571.432638,179.947043,207921.486643,59.705561,206862.240159,97.952412,1000.448567,-22.070482,1008.256002,-142.123345,999.732647,59.936379,-0.000649,1,0
28.867000,-60.115400,208291.819685,179.744867,209566.452327,59.965231,207311.638582,97.880687,1006.061100,-22.345414,1000.716577,-142.441926,993.195434,59.938462,0.000307,1,0
28.900000,-60.222696,208383.642041,179.747109,206613.271885,59.791143,207181.538190,97.718784,997.447848,-21.964777,998.478217,-142.058086,1009.795866,59.938883,-0.003131,1,0
28.933000,-60.168209,206613.167192,179.755404,208497.341780,59.734928,207074.743697,97.913454,1007.003334,-22.328532,1006.518031,-142.096726,1001.095334,59.942807,0.004076,1,0
28.967000,-60.031513,205939.065351,179.730948,205988.516544,59.861417,204805.101259,98.031555,1001.005781,-22.536425,1016.853262,-142.281664,1007.949840,59.951291,0.005764,1,0
29.000000,-60.295283,207885.829095,179.919118,205167.444749,59.915844,205451.708672,98.034202,1008.613524,-21.991098,1007.877532,-142.106862,1007.445112,59.938207,-0.006245,1,0
29.033000,-60.024294,207049.040828,179.652550,207654.489972,59.794277,206166.573067,97.870748,1007.518820,-22.603998,1018.501151,-142.734579,996.490217,59.932801,-0.006278,1,0
29.067000,-60.203797,206744.120573,179.799261,206028.485424,59.888161,206849.633166,97.690613,1002.874080,-21.848479,1013.690209,-142.066777,999.520345,59.937885,0.006351,1,0
29.100000,-60.206520,206249.700367,179.960207,207684.796655,59.722985,206854.518438,98.011942,1013.150362,-22.051772,1005.342853,-142.355403,1018.461756,59.938125,-0.002692,1,0
29.133000,-60.195240,206239.074252,179.815541,205590.776170,59.871991,206497.604110,97.863612,1013.314769,-22.394598,1007.256023,-141.998046,1008.024184,59.926178,0.001653,1,0
29.167000,-60.301463,207118.664124,179.800882,205469.918318,59.645001,207209.480841,97.645643,1017.358065,-22.030856,997.947163,-142.346534,1007.933866,59.931507,0.014415,1,0
29.200000,-60.130955,206296.212661,179.883569,205438.316855,59.812052,206579.526896,97.679241,1000.106433,-22.078414,1016.305422,-142.593461,1007.306139,59.931025,-0.001563,1,0
29.233000,-60.155432,206721.744900,179.768262,208237.646082,59.798136,205847.042737,97.646067,1009.661143,-21.971048,1004.524451,-142.275700,1000.644175,59.939253,-0.006774,1,0
29.267000,-60.168016,207795.796764,179.646102,206493.947383,59.815383,207717.386313,98.005996,1009.648112,-22.492291,1003.337848,-142.049541,1003.010361,59.940668,0.002278,1,0
29.300000,-60.249983,206944.337843,179.824162,207222.109323,59.838245,206958.694409,98.100352,996.066495,-22.159128,1005.283035,-142.292580,1003.000551,59.935253,-0.006024,1,0
29.333000,-60.339062,206886.553721,179.740905,204366.824890,59.634897,207731.906562,98.030645,1011.418317,-22.346769,997.615018,-142.176389,995.913800,59.932251,-0.001201,1,0
29.367000,-60.023638,208222.376584,179.927666,207746.303339,59.676945,206325.887871,97.985166,1001.888513,-21.736104,996.792475,-142.689232,991.145919,59.931551,-0.008689,1,0
29.400000,-60.155513,207967.920962,179.933002,207811.396187,59.757627,206168.560630,97.882216,1000.125842,-22.157143,1004.774780,-142.340781,1011.060990,59.928222,0.002338,1,0
29.433000,-60.131330,208296.726724,179.806603,206781.948375,59.874546,207825.452695,97.937664,993.589746,-22.134787,1008.101125,-142.241510,994.176906,59.934276,-0.002009,1,0
29.467000,-60.290591,206981.261663,179.959484,208287.721909,59.926483,206402.105539,97.706544,996.673114,-22.080976,999.191271,-142.054348,1007.185658,59.937522,0.003954,1,0
29.500000,-60.246130,208851.260565,179.802772,207915.066468,59.819747,206611.727578,97.683974,993.930871,-22.099909,997.426928,-142.149818,1002.370729,59.935959,-0.002167,1,0
29.533000,-60.242664,207557.501008,179.797295,207503.470910,59.755318,207819.978154,97.889719,994.341781,-22.305280,990.340578,-142.283902,989.153973,59.932955,0.001773,1,0
29.567000,-60.033985,207864.196282,179.730966,208099.931662,59.842255,206850.047276,97.807230,994.272882,-22.648904,1001.611727,-142.328278,994.317645,59.926418,0.004069,1,0
29.600000,-60.084219,207984.930906,179.782571,206056.439225,59.824743,208343.544379,97.817066,996.904278,-22.273422,996.771437,-142.104496,1004.375888,59.934253,-0.000757,1,0
29.633000,-60.185444,208453.521887,179.927570,207092.539201,59.860490,208511.168034,97.667554,1001.207740,-21.989073,1001.329454,-142.402750,1003.677359,59.928532,-0.005732,1,0
29.667000,-59.930224,208457.392234,179.827001,206448.587336,59.973453,207846.938009,98.635269,1001.453020,-22.208953,1001.676543,-142.031420,1006.165305,59.928232,0.009921,1,0
29.700000,-60.065905,207276.275788,179.892861,207153.168600,59.877710,208402.579193,97.803153,1013.833178,-21.820302,1007.043703,-142.227550,1009.055071,59.931672,0.009225,1,0
29.733000,-59.981654,207416.895152,179.831161,207903.238271,59.792418,208402.235496,98.066861,1001.412196,-22.074295,1004.252947,-142.327414,1006.081155,59.934960,-0.002151,1,0
29.767000,-60.128045,208426.754188,179.981910,206948.601013,59.901988,207287.858683,98.011413,996.148429,-21.789556,1006.059747,-142.024225,1007.384627,59.935073,0.001289,1,0
29.800000,-60.169636,207782.784983,179.837629,207213.298939,60.201002,209039.203311,98.145912,1003.832664,-22.427829,1007.508962,-141.604327,1008.105248,59.934936,-0.003897,1,0
29.833000,-60.169684,207530.253776,179.943102,208408.726317,60.175275,206371.918760,98.032643,1020.055306,-22.177520,1012.176070,-141.870099,1006.077491,59.933747,-0.008759,1,0
29.867000,-60.114103,207285.471793,-179.985179,208398.139952,59.881469,206861.961409,97.585228,1006.918921,-21.890308,1017.501618,-142.058048,1009.889471,59.934608,0.001103,1,0
29.900000,-60.091637,207706.675335,179.949268,208868.584957,59.943184,207121.619543,97.985211,1015.530263,-21.941564,1015.536708,-141.997565,1015.568423,59.932603,-0.009023,1,0
29.933000,-60.154358,207491.966895,179.758647,208298.619379,59.884393,206320.722383,97.610521,1019.266324,-22.260682,1012.980330,-142.367859,1019.392739,59.937774,0.007356,1,0
29.967000,-60.255605,206102.226128,179.984189,207770.187067,59.922001,209169.362225,97.815605,1007.905328,-21.753557,1013.713714,-142.102341,1014.376006,59.936205,-0.007549,1,0
30.000000,-59.971413,206620.923674,179.847118,205501.553121,59.826801,208482.821354,97.910763,1012.792053,-22.165321,1014.024005,-142.174927,1014.090891,59.932625,-0.006958,1,0
