TIMESTAMP,BUS35_VA_ANG,BUS35_VA_MAG,BUS35_VB_ANG,BUS35_VB_MAG,BUS35_VC_ANG,BUS35_VC_MAG,BUS35_IA_ANG,BUS35_IA_MAG,BUS35_IB_ANG,BUS35_IB_MAG,BUS35_IC_ANG,BUS35_IC_MAG,BUS35_Freq,BUS35_ROCOF,DATA_PRESENT,Event
0.000000,-60.200340,205335.890869,179.747445,204887.967585,59.935579,205211.195193,97.909929,669.484145,-21.831890,668.886707,-142.172150,674.067098,59.940648,-0.000461,1,0
0.033000,-60.112964,205681.593786,179.640075,203872.666039,59.806541,205349.896117,97.890763,667.500003,-22.410503,663.636225,-142.111341,666.969512,59.944077,0.007769,1,0
0.067000,-60.084649,205537.134227,179.937051,204518.303066,59.830628,203340.957160,97.879612,675.012041,-22.252761,667.345446,-142.107243,666.155401,59.937678,-0.000774,1,0
0.100000,-60.126712,207305.130654,179.965503,203607.493829,59.859636,205288.230387,97.652155,674.109255,-22.262113,665.240944,-142.341652,667.907962,59.937653,-0.003643,1,0
0.133000,-60.238442,203855.721489,179.950595,205391.036811,59.772141,205371.300261,97.828326,671.210569,-22.360337,673.100264,-142.194358,662.335763,59.939070,0.004549,1,0
0.167000,-60.111261,204778.581202,179.993866,204219.923238,59.935039,204563.706132,97.889544,666.722219,-22.089260,664.865885,-141.801847,663.929224,59.949924,-0.005087,1,0
0.200000,-60.126832,204450.483221,179.881268,204829.310397,60.131448,204877.815607,97.927323,676.122462,-22.043135,671.606523,-141.422722,670.561504,59.942411,0.003716,1,0
0.233000,-60.241998,203819.571432,179.875376,205511.589264,59.745311,204276.801967,97.587108,669.056094,-22.214151,671.266802,-142.432822,667.987374,59.941807,0.010484,1,0
0.267000,-60.103014,204988.262983,179.760944,204806.617560,59.943942,203234.671552,97.937755,670.607632,-22.427567,667.576962,-141.978348,669.441258,59.944590,0.002561,1,0
0.300000,-60.068257,204771.765277,-179.919615,203407.293529,59.860655,204606.783282,97.672799,669.583231,-22.058280,670.431405,-142.160151,667.534434,59.937680,0.003332,1,0
0.333000,-60.101823,204660.516881,179.968444,204974.099468,59.956154,203834.631466,97.731137,678.512384,-21.961779,675.414140,-142.226231,672.136069,59.942374,0.003575,1,0
0.367000,-59.937147,203888.571804,-179.879239,203658.085937,59.915155,205345.733822,98.055637,677.528802,-21.938491,676.621096,-142.125945,666.718122,59.948408,0.000129,1,0
0.400000,-60.161440,204998.255512,-179.999464,204582.572412,60.034142,204711.361245,98.016286,669.991124,-21.866340,668.196251,-142.032013,665.106394,59.938900,0.003272,1,0
0.433000,-60.071159,203238.585039,-179.998307,205854.333407,60.011018,204995.705036,98.126011,668.971080,-22.116281,666.543186,-141.928921,671.833465,59.943883,0.002433,1,0
0.467000,-60.117241,203867.216789,179.848810,202924.978940,60.004027,205599.234351,97.809870,675.408363,-21.963218,671.907356,-142.012402,674.803211,59.943901,-0.001149,1,0
0.500000,-60.046350,204530.894076,179.804177,202841.714343,59.958896,203136.428351,98.229188,669.979783,-22.133397,670.076762,-142.070718,673.977981,59.941798,0.007549,1,0
0.533000,-60.062037,203417.711650,-179.938728,205806.037138,60.067193,202720.080818,97.782071,674.383202,-22.062163,672.233321,-141.765243,675.436811,59.953668,-0.011173,1,0
0.567000,-59.979204,205018.171309,179.927485,205615.382267,59.952445,205642.871547,98.288131,671.172115,-21.920369,670.483819,-141.800101,674.255306,59.945598,-0.000688,1,0
0.600000,-59.950093,205071.454166,179.930949,204847.934269,59.995769,204666.178570,98.259090,661.224691,-21.833892,671.200390,-141.627795,674.738115,59.950258,-0.001639,1,0
0.633000,-60.183978,204046.753652,-179.998985,203863.551235,60.207831,204365.582114,97.621519,667.956627,-22.135462,674.171258,-141.513571,675.068671,59.952199,0.004091,1,0
0.667000,-60.004831,204594.822859,179.756044,205249.373568,59.831938,203566.463038,98.192114,667.820247,-22.189635,672.902144,-142.656806,675.459904,59.946772,0.006138,1,0
0.700000,-60.022207,204630.010525,179.925114,204725.005703,59.808392,204173.735679,98.038050,670.786324,-22.205599,680.459880,-142.291047,672.766328,59.957334,-0.005939,1,0
0.733000,-59.832567,206126.996913,179.920814,204613.965512,59.762534,204088.505850,98.195176,674.445308,-21.881347,675.253232,-142.469087,676.080184,59.951448,0.004705,1,0
0.767000,-60.100429,203525.177711,179.938015,204262.026142,59.763333,204603.905953,97.999438,670.569831,-22.146074,681.356079,-142.469823,674.839864,59.940535,-0.009072,1,0
0.800000,-59.972411,204685.616789,179.915003,205166.434802,59.877037,206108.989617,98.347614,674.275118,-22.003683,671.616142,-142.024596,670.994715,59.945482,-0.005878,1,0
0.833000,-60.231159,204932.440121,179.934771,204110.867999,59.890963,204991.781521,97.858284,676.633262,-22.119193,677.381747,-142.130925,671.431915,59.945901,-0.000713,1,0
0.867000,-60.048993,204431.912626,-179.973621,203602.281532,59.977626,203740.688367,97.903535,676.160971,-21.948323,682.050448,-142.014245,672.428294,59.945682,0.000997,1,0
0.900000,-60.061898,203840.573131,-179.984093,205710.957085,59.997122,204738.061638,97.831658,678.687433,-22.222633,673.532127,-142.152686,678.133111,59.956846,-0.002654,1,0
0.933000,-59.996421,204287.788954,-179.973484,204493.128253,60.013985,204360.453467,98.046537,676.606022,-22.010464,675.442748,-141.961689,674.745055,59.951964,-0.004661,1,0
0.967000,-59.878509,203400.615493,-179.925654,204026.172507,59.991383,203468.055009,98.177471,677.590152,-21.996400,673.323469,-141.749898,675.102668,59.949330,0.003706,1,0
1.000000,-59.867099,203787.414239,-179.831306,205246.631105,60.138214,202664.455810,97.998590,672.614008,-21.605629,673.667665,-141.573857,669.109762,59.951946,0.003013,1,0
1.033000,-59.862703,203804.391296,-179.734601,204729.223215,60.132735,202331.626529,98.063444,676.335738,-21.515577,675.691039,-141.863068,681.322817,59.950007,0.000744,1,0
1.067000,-59.857311,203967.866833,179.963889,204082.380464,60.012258,204227.426519,97.877232,677.266706,-22.040664,671.198689,-141.873226,673.605970,59.951068,0.000938,1,0
1.100000,-59.972112,205315.354441,-179.805296,205439.712714,60.127275,203366.919797,97.749029,680.153602,-21.754309,680.744087,-141.614965,680.251317,59.952780,0.005332,1,0
1.133000,-59.933035,203942.455536,-179.856354,202509.979516,60.119199,203225.863394,98.027277,681.182667,-21.869384,681.397782,-141.889368,685.933990,59.959697,-0.008841,1,0
1.167000,-59.750421,203964.174693,-179.932111,203666.041819,60.105722,203117.992133,98.028106,681.368817,-21.843983,672.997774,-141.975058,680.096508,59.952904,0.000521,1,0
1.200000,-59.730855,204270.753039,-179.886467,205016.819109,60.059350,203031.611258,98.259578,676.840853,-21.873752,673.894882,-141.934966,677.659134,59.944478,-0.009891,1,0
1.233000,-59.705684,203565.745520,-179.753015,204363.343914,60.131579,204088.903135,98.360072,681.399803,-21.517719,683.521790,-141.720724,680.187070,59.954702,-0.005252,1,0
1.267000,-59.859525,204008.116886,-179.853857,203899.995528,60.179734,204523.843513,98.248332,679.767347,-21.915327,681.995115,-141.773827,673.625319,59.947690,-0.001457,1,0
1.300000,-59.881320,204250.337693,-179.765066,204128.157318,60.083784,204837.240329,98.178751,677.917651,-21.921461,679.770986,-142.164638,681.401339,59.956403,-0.011993,1,0
1.333000,-59.765559,205134.493683,-179.654532,204253.377713,60.218864,204471.226269,98.347259,669.939295,-21.386338,680.478004,-141.890185,671.329784,59.956597,0.005354,1,0
1.367000,-59.894940,204344.346554,-179.576471,204462.701267,60.088702,205223.105186,98.320309,673.827777,-21.440055,673.601326,-141.662506,672.483268,59.956927,-0.006608,1,0
1.400000,-59.866085,205086.699831,-179.752450,205554.560928,60.151111,203872.190063,97.949936,685.259123,-21.929894,676.100951,-142.010288,673.065589,59.963282,0.001635,1,0
1.433000,-59.919872,204087.909086,-179.826111,202730.439911,60.064293,205040.421694,98.246847,679.876241,-21.484369,670.294097,-141.802282,677.284781,59.963075,0.003472,1,0
1.467000,-59.884826,203920.896250,-179.912605,204802.885020,60.330544,203729.988856,97.985390,672.740362,-21.552284,677.717694,-141.386427,678.489307,59.960008,0.004312,1,0
1.500000,-59.988225,202668.775129,-179.999526,205790.626780,60.312201,205086.726244,97.914164,682.739643,-22.139079,675.650689,-141.717840,677.507369,59.962731,-0.012424,1,0
1.533000,-60.010553,204236.389823,-179.847729,204390.647711,60.104695,202158.302464,98.271182,677.007383,-21.749967,671.079795,-141.752534,673.357827,59.956536,0.000907,1,0
1.567000,-60.038889,205809.615458,-179.856233,203997.379518,59.951603,204015.687510,97.991196,678.386089,-22.060299,675.307651,-142.101233,675.857050,59.959311,-0.005758,1,0
1.600000,-59.637298,204817.914657,-179.796942,205610.068086,60.025922,204679.107543,98.192124,666.875655,-21.645421,679.553437,-141.947656,682.110693,59.954408,0.003459,1,0
1.633000,-59.811594,204318.804877,-179.760427,203320.655964,60.176133,203360.625838,98.194243,678.589277,-21.631813,672.517355,-141.970237,675.107064,59.955281,-0.002957,1,0
1.667000,-59.930281,204201.506085,-179.770529,204390.141156,60.168545,202783.741458,98.337521,675.454092,-21.958972,679.254708,-141.784859,673.849766,59.958767,0.003943,1,0
1.700000,-59.723450,204113.551922,-179.883371,205312.442742,60.144678,204760.453572,98.142125,676.666120,-22.002947,676.671646,-142.125658,676.845890,59.960668,0.005478,1,0
1.733000,-59.931394,204047.195627,-179.799543,204081.781614,60.280475,204152.964042,97.897529,673.537402,-21.705922,682.432715,-141.641493,678.908861,59.956333,0.000798,1,0
1.767000,-59.884726,203281.745410,-179.763611,203070.929525,60.031952,205983.012532,98.292952,677.141392,-21.531487,678.415599,-142.015243,681.432024,59.958137,0.008529,1,0
1.800000,-59.837640,202841.117260,-179.849351,204028.323417,59.979848,204359.475913,98.285362,672.811263,-22.014690,674.641183,-141.665464,677.347807,59.958389,-0.012536,1,0
1.833000,-59.806693,205370.477983,-179.873820,205188.823332,60.193308,204350.022805,98.222503,675.350986,-21.665102,674.933910,-141.752614,673.844851,59.962001,0.002085,1,0
1.867000,-60.085690,204179.374222,-179.876940,202958.455131,60.260060,202201.955804,97.789048,681.510956,-21.699615,674.469335,-141.598731,678.840812,59.954615,-0.004757,1,0
1.900000,-60.009470,204597.262424,-179.771345,203649.009136,60.285603,204098.798394,98.014542,678.028944,-21.812227,671.881160,-141.603286,673.086823,59.963117,0.001804,1,0
1.933000,-59.861413,204986.599971,-179.822333,203346.507122,60.175218,204079.805908,98.652876,672.429889,-21.717153,674.909741,-141.514948,674.222751,59.961409,0.000401,1,0
1.967000,-59.810118,205212.304347,-179.911870,203241.766429,60.091179,203482.261307,98.502323,663.812792,-21.712693,672.464429,-141.689099,675.596311,59.953570,-0.004922,1,0
2.000000,-59.961837,202990.028173,-179.831273,203436.802802,60.244738,204029.251538,97.639188,675.954448,-21.907123,670.852987,-141.834994,674.520564,59.958240,0.015894,1,0
2.033000,-59.933480,205519.532376,-179.837174,203872.413008,60.120144,202593.715723,97.935880,671.737939,-21.969833,676.099113,-142.037931,680.253577,59.958423,0.004024,1,0
2.067000,-59.701632,205229.739117,-179.944785,204412.437135,60.220116,203937.770516,98.147347,677.886162,-22.223746,669.758985,-141.888273,678.226564,59.953525,0.003077,1,0
2.100000,-59.687809,202520.834789,-179.873983,205779.187576,60.284353,203160.574794,98.708155,676.074160,-21.705528,675.353399,-141.964509,675.683932,59.959346,0.012098,1,0
2.133000,-59.923377,202767.542728,-179.936079,205400.835030,60.141968,204295.077892,97.917704,670.651004,-22.032133,678.583619,-141.937088,672.352352,59.966085,-0.003349,1,0
2.167000,-59.783755,203694.167860,-179.724857,203248.337122,60.355633,203289.725731,98.255928,672.811420,-21.570415,672.890207,-141.285186,675.786791,59.961240,0.010709,1,0
2.200000,-59.918975,203821.658468,-179.989842,204340.443081,60.263318,205948.373289,98.157974,676.424140,-21.929676,671.809484,-141.632753,679.010141,59.959788,0.015307,1,0
2.233000,-59.866042,203303.108579,-179.691671,204326.365802,60.090594,203218.775458,97.803120,675.517855,-21.463912,677.243153,-141.588270,674.449513,59.959660,-0.004557,1,0
2.267000,-59.740721,204521.373061,-179.662349,204213.547179,60.274411,205583.657868,98.366513,671.250915,-21.302323,676.511914,-142.055445,677.336574,59.952101,0.002834,1,0
2.300000,-59.966959,203763.689246,-179.589139,203861.666427,60.154420,203093.936134,98.036055,669.584043,-21.473381,670.936756,-141.920918,668.387405,59.964032,-0.001432,1,0
2.333000,-59.819531,204081.332463,-179.678174,204435.174411,60.374834,203644.925441,97.857193,671.596955,-21.756824,668.759933,-141.754978,662.050268,59.961665,0.003993,1,0
2.367000,-59.849079,204836.177221,-179.904669,204596.660792,60.059391,204710.668478,98.137305,667.722010,-21.565694,666.843324,-141.604034,674.927302,59.961506,-0.011941,1,0
2.400000,-59.769286,204320.819735,-179.823488,204532.112960,60.316813,203515.342219,98.362544,667.288706,-21.725504,665.987432,-141.252812,670.971551,59.953027,0.003257,1,0
2.433000,-59.893137,203474.784016,-179.867210,204162.372075,60.157121,204355.891941,98.325999,671.079917,-21.748225,667.137511,-141.700083,671.204231,59.967193,0.011218,1,0
2.467000,-59.847381,205846.290134,-179.816068,205070.594469,60.378988,203478.438483,98.080131,680.244435,-21.925736,675.188633,-141.528485,677.062782,59.959404,-0.008283,1,0
2.500000,-59.716611,204863.884355,-179.773067,203075.721932,60.065140,202422.833377,98.124767,669.843238,-21.593444,667.996394,-141.984794,678.863212,59.967374,-0.003011,1,0
2.533000,-59.721680,204453.000713,-179.756596,203826.072669,60.250216,204933.566854,98.251113,676.390894,-21.636713,674.751886,-141.904011,675.221283,59.963917,0.005095,1,0
2.567000,-59.626344,204075.009535,-179.897742,203172.833153,60.141296,204607.307609,98.318566,670.573091,-21.876205,674.342000,-141.935984,676.036721,59.962615,0.009705,1,0
2.600000,-59.862971,204777.908780,-179.615761,202899.250938,60.157130,205607.613242,98.177805,672.789031,-21.513951,680.831234,-141.949173,671.472558,59.956553,0.001130,1,0
2.633000,-59.783020,202835.998421,-179.828594,205046.222427,60.130086,204121.255374,98.315877,669.314493,-22.236266,674.971249,-141.798726,671.809216,59.957690,-0.004814,1,0
2.667000,-59.626689,203795.252120,179.965398,204512.125467,60.162119,203649.193499,98.325046,678.884729,-21.804918,673.088894,-141.927260,674.823388,59.960023,-0.006731,1,0
2.700000,-59.999998,203998.149620,-179.887480,204039.559679,60.138295,202808.660079,97.901563,673.865496,-21.811981,676.167407,-142.035158,675.877537,59.957079,0.008459,1,0
2.733000,-59.684269,204978.144141,-179.758882,204553.561054,60.008390,203429.300635,98.214631,678.865723,-21.493515,668.295235,-142.117672,676.320327,59.960097,-0.004044,1,0
2.767000,-59.768894,202177.891142,-179.811961,204327.203197,60.143060,203164.619865,98.390130,669.477611,-21.622403,671.715204,-141.631711,673.027769,59.962272,0.013579,1,0
2.800000,-59.741773,202898.554174,-179.757800,202696.627118,60.170746,203326.669167,97.979053,671.969274,-21.718205,673.458383,-141.955333,674.683909,59.963804,-0.000740,1,0
2.833000,-59.666479,202742.942759,-179.843051,203956.415594,60.214018,205354.603831,98.302697,676.566236,-21.763985,677.016451,-142.061835,674.085515,59.957380,-0.013296,1,0
2.867000,-59.635339,204736.249054,-179.845473,203920.374928,60.338070,202891.847859,98.635175,672.784297,-21.726074,673.475719,-142.016047,672.908939,59.963955,-0.007657,1,0
2.900000,-59.690975,204281.046840,-179.670009,203891.242289,60.087849,204021.560645,98.356855,670.748165,-21.740584,668.527507,-141.882187,670.702818,59.962923,-0.009592,1,0
2.933000,-59.743384,204511.929163,-179.830502,204021.167834,60.290908,204403.134412,98.165948,674.877890,-21.763888,674.296968,-141.773774,667.603372,59.953000,-0.006220,1,0
2.967000,-59.886050,202307.099850,-179.718500,203393.264860,60.250398,204777.628762,98.039191,668.370495,-21.765179,672.937510,-141.920369,679.749407,59.959438,0.003736,1,0
3.000000,-59.836652,204481.431081,-179.830622,204244.189077,60.288367,202696.348494,98.161948,672.248136,-22.023525,677.962273,-141.834971,670.274007,59.959065,-0.004084,1,0
3.033000,-59.729642,202737.505588,-179.822826,202693.933100,60.260678,204046.872958,97.848627,674.160626,-21.653225,678.111494,-141.679120,678.356186,59.957850,-0.005107,1,0
3.067000,-59.779465,203001.045997,-179.417152,203153.892078,60.180254,202223.102076,97.968775,670.354112,-21.749057,674.717369,-141.579865,674.918434,59.959312,0.006423,1,0
3.100000,-59.787075,204868.797605,-179.607566,205413.733398,60.235988,202861.677942,98.204837,673.815747,-21.566225,678.759442,-141.999769,681.047771,59.963095,-0.002699,1,0
3.133000,-59.782682,205823.055944,-179.701676,204037.221177,60.101082,205597.732809,98.405735,675.698713,-21.649270,674.143183,-142.146796,673.762899,59.958366,0.004512,1,0
3.167000,-59.802106,204279.925020,-179.682904,203695.772295,60.183534,202085.404378,98.147577,674.232400,-21.767986,677.377997,-142.256395,677.460943,59.960624,0.005120,1,0
3.200000,-59.747371,204237.023849,-179.865503,203401.021100,60.416534,204113.221703,98.351927,680.657833,-21.575163,680.153076,-141.426710,676.661700,59.960532,0.001465,1,0
3.233000,-59.757168,204678.782865,-179.709776,204285.309433,60.233182,205014.109322,98.076160,679.701404,-21.554131,683.972022,-141.835432,670.116652,59.957146,-0.007133,1,0
3.267000,-59.790862,204083.438566,-179.757413,205704.405086,60.206830,204368.819668,98.146661,672.680982,-21.849783,674.774663,-141.948364,675.613683,59.969653,-0.001313,1,0
3.300000,-59.780486,203572.019678,-179.716936,203115.532918,60.274357,204708.703008,98.311107,665.021407,-21.659790,670.996032,-141.544346,672.990318,59.961324,0.011200,1,0
3.333000,-59.683339,204264.561062,-179.623705,203437.745778,60.341264,203166.103922,98.357905,676.491338,-21.522562,676.913933,-141.609166,678.957525,59.958263,0.011325,1,0
3.367000,-59.717350,204792.489396,-179.576495,204124.352368,60.403640,204208.133084,98.521396,672.956408,-21.596498,671.616522,-141.691517,675.523377,59.973064,0.004297,1,0
3.400000,-59.664343,203552.717742,-179.806048,205372.589728,60.355525,204298.045358,98.658243,678.537279,-21.922724,670.594292,-142.024083,677.476852,59.970428,0.002217,1,0
3.433000,-59.487142,205757.793991,-179.690978,204004.760338,60.184483,202779.514858,98.402801,672.152733,-21.711490,670.137993,-142.058915,676.297617,59.973842,-0.008098,1,0
3.467000,-59.615334,203515.292929,-179.585301,205001.828756,60.291513,204412.133292,98.468822,675.680612,-22.017025,671.761102,-141.408582,670.483020,59.964974,-0.007683,1,0
3.500000,-59.663329,204765.454538,-179.892695,205379.171146,60.307626,202121.944802,98.293203,677.377474,-21.669159,673.524154,-141.570755,666.513195,59.961324,0.003992,1,0
3.533000,-59.619540,205014.477954,-179.836275,202857.363930,60.330925,202556.875111,98.340241,668.064265,-21.795137,671.646941,-141.230808,667.581932,59.964283,0.004728,1,0
3.567000,-59.594218,203309.000065,-179.681316,203188.074195,60.264393,203586.990389,98.206604,672.578501,-21.691603,664.853875,-141.683715,674.038904,59.959969,0.009228,1,0
3.600000,-59.585875,202984.268919,-179.763575,204224.693880,60.326549,204013.405257,97.922810,667.908977,-21.688995,669.901594,-141.909615,672.719746,59.964274,0.004380,1,0
3.633000,-59.662827,204554.503741,-179.638847,204780.902649,60.224686,203229.219835,98.345911,669.381168,-21.216181,662.805914,-141.693830,669.457877,59.966160,0.007391,1,0
3.667000,-59.807219,204414.353188,-179.690121,204370.332074,60.336497,202757.905329,98.249365,672.306292,-21.817911,666.212580,-141.631132,663.141499,59.957284,0.002828,1,0
3.700000,-59.390704,203575.248893,-179.628070,204649.666699,60.260721,203595.007255,98.844605,671.781759,-21.706816,661.278867,-141.750518,666.064971,59.962934,0.003511,1,0
3.733000,-59.882381,202838.370547,-179.692913,204070.562134,60.178537,202506.241651,98.272467,671.716121,-21.566080,662.703565,-141.787675,668.940415,59.956048,-0.002210,1,0
3.767000,-59.733042,203686.603925,-179.791835,203548.752304,60.237963,203177.408024,98.250711,664.449543,-21.398359,672.919323,-141.883294,666.539732,59.962578,-0.001290,1,0
3.800000,-59.624480,204037.614322,-179.651999,203650.892785,60.374444,204943.345162,98.470347,667.802684,-21.512606,672.437615,-141.876709,671.684430,59.955141,-0.000938,1,0
3.833000,-59.736130,204889.527106,-179.753571,204308.196664,60.159531,202184.158790,98.326038,666.238028,-21.610537,668.937658,-142.047744,671.141854,59.966830,-0.003011,1,0
3.867000,-59.759385,204811.853819,-179.732399,204483.671312,60.083601,205562.503224,98.356669,666.585964,-22.054633,667.121463,-141.743890,662.245728,59.966280,0.004252,1,0
3.900000,-59.709343,204910.359433,-179.755216,204170.912591,60.153521,202645.389519,98.284609,670.438938,-21.522412,664.022887,-141.806764,671.058317,59.964999,0.006946,1,0
3.933000,-59.650429,204065.032779,-179.647784,206018.673195,60.326998,203583.691419,98.760471,664.875482,-21.674322,665.646374,-141.605110,665.185878,59.951300,0.001010,1,0
3.967000,-59.722756,203800.878561,-179.686388,205610.978095,60.252456,204331.854562,98.212280,666.804804,-21.843730,665.650889,-141.669041,670.125839,59.965269,-0.003599,1,0
4.000000,-59.618226,203917.841207,-179.503643,202078.442003,60.079661,206100.991928,98.314295,662.444547,-21.785225,669.758071,-142.110959,663.966376,59.959584,-0.001023,1,0
4.033000,-59.551722,204084.977656,-179.716367,204622.292563,60.171609,203675.405505,98.439704,673.485379,-21.704614,663.561900,-141.885462,673.431079,59.968473,-0.002041,1,0
4.067000,-59.772878,206062.405403,-179.907955,204392.104229,60.158085,205275.501761,98.386558,663.397471,-21.958225,672.879752,-141.688902,671.853120,59.971086,0.003821,1,0
4.100000,-59.819240,206458.048444,-179.556105,206079.875613,60.196288,205302.245473,98.227290,660.528213,-21.134474,661.814641,-141.979946,670.628242,59.963874,-0.007063,1,0
4.133000,-59.607255,204604.747449,-179.825460,205604.880515,60.360027,202244.925350,98.453827,662.152733,-21.820300,671.661568,-141.582877,671.337400,59.961752,0.000776,1,0
4.167000,-59.603370,203480.043257,-179.789278,203823.241141,60.067940,204295.011858,98.473868,661.698583,-22.022262,670.455786,-142.026148,674.806660,59.968072,-0.011921,1,0
4.200000,-59.774082,203189.474599,-179.804092,203398.675733,60.139509,204676.296457,98.122964,663.360516,-21.498491,672.791390,-142.290649,669.977579,59.967144,0.005409,1,0
4.233000,-59.882775,204404.444983,-179.989901,203231.980837,60.227886,204912.591575,98.257639,661.672392,-21.786825,662.143814,-142.189431,661.049385,59.965362,-0.009407,1,0
4.267000,-59.920070,203870.170852,-179.725004,204332.714142,60.309369,205506.946273,98.183887,666.482109,-21.497218,659.391468,-141.783607,665.283982,59.959356,0.017498,1,0
4.300000,-59.857024,203612.191599,-179.867263,205848.152253,60.304787,204166.594485,98.161880,660.095367,-21.880395,665.978811,-141.474562,659.472997,59.965729,-0.003536,1,0
4.333000,-59.960935,204838.662893,-179.750354,204117.957065,60.291991,203705.860429,97.799246,663.939919,-21.886367,668.621478,-141.881481,661.013138,59.966056,-0.000680,1,0
4.367000,-59.902208,204901.221105,-179.857259,202637.120460,60.122865,203757.679058,98.285086,667.838425,-21.925730,666.217111,-141.906940,662.062038,59.962630,-0.002601,1,0
4.400000,-59.740047,204653.052826,-179.764511,205027.699289,60.410342,204238.504129,98.265799,666.826295,-21.761835,653.623810,-141.272970,664.657368,59.962469,-0.010926,1,0
4.433000,-59.708609,204501.557578,-179.819388,205015.442243,60.263139,203923.701918,98.220863,659.929637,-21.532862,664.903675,-142.030498,667.158967,59.955311,0.002470,1,0
4.467000,-59.856661,203461.991419,-179.847939,204176.623358,60.074211,201786.362409,98.417342,662.752543,-21.763050,662.627146,-141.871308,664.318093,59.956290,0.000537,1,0
4.500000,-59.719417,205612.326958,-179.851845,203939.379831,60.320866,204341.244094,98.183080,661.811274,-22.030731,667.042110,-141.731305,666.050922,59.952595,-0.013309,1,0
4.533000,-59.758618,202151.291831,-179.738760,203856.051500,60.143699,204933.702193,98.471308,666.873141,-21.569361,659.889846,-141.841817,664.104481,59.942546,-0.008014,1,0
4.567000,-59.775773,203787.436171,-179.706913,204756.551644,60.237378,204647.714907,97.970822,665.159993,-22.142881,657.301681,-141.780081,662.902297,59.957974,0.002029,1,0
4.600000,-59.873489,203325.188639,-179.730481,203861.144592,60.159901,203398.818534,98.126545,669.063459,-21.791709,665.356977,-141.690338,666.800659,59.954713,0.007300,1,0
4.633000,-59.739491,204456.794022,-179.795675,202773.762921,60.287555,205724.231147,98.672491,666.027061,-21.850874,662.039737,-141.736853,668.601159,59.952572,-0.004608,1,0
4.667000,-59.702777,203714.182705,-179.850658,203937.069161,60.087233,203842.308697,98.277144,673.079871,-21.773909,658.528094,-142.049327,664.355735,59.956141,-0.012628,1,0
4.700000,-59.649308,204683.329779,-179.748160,205048.464442,60.125702,205113.392701,98.393792,668.454780,-21.852100,663.012052,-141.764735,670.078729,59.959262,0.004333,1,0
4.733000,-59.906543,203406.852198,-179.868221,204851.126128,60.199694,204307.508588,98.307036,665.712089,-21.986956,668.905473,-141.462070,666.276818,59.950784,0.005681,1,0
4.767000,-59.661330,203525.513246,-179.843056,203901.063025,60.196784,204336.779457,98.404238,658.762285,-21.948223,668.121064,-141.910981,664.063005,59.959594,-0.000514,1,0
4.800000,-59.891554,203028.733059,-179.678663,206053.582729,60.317767,204107.354280,98.159013,656.795769,-21.634923,669.278972,-141.696370,665.453917,59.955949,-0.002005,1,0
4.833000,-59.704141,203969.112319,-179.962678,204307.439253,60.394111,203655.938627,97.926421,667.651999,-21.862015,665.785131,-141.579463,661.067898,59.958809,-0.001635,1,0
4.867000,-59.653236,205047.303395,-179.586341,202869.191745,60.352950,203358.738178,98.498204,657.640610,-21.586777,663.366363,-141.697038,669.572882,59.955609,0.002308,1,0
4.900000,-59.626830,203225.785560,-179.617783,204933.487007,60.172658,204809.234702,98.372388,666.945262,-21.834550,663.725271,-141.303912,659.516735,59.959310,0.003934,1,0
4.933000,-59.817972,202895.327104,-179.843798,203897.459946,60.280714,204597.137087,98.318397,660.475604,-22.310307,662.695321,-141.755841,658.545132,59.948647,-0.004097,1,0
4.967000,-59.882913,205164.566072,-179.807435,203885.354595,60.134276,203871.328651,97.914814,660.628243,-21.937697,657.665493,-141.798360,659.743636,59.953752,-0.006899,1,0
5.000000,-59.796292,205237.154001,-179.898678,204053.702578,60.121649,206333.645625,98.214565,662.577147,-22.189207,668.573382,-141.672508,663.435145,59.951137,0.001059,1,0
5.033000,-59.738676,203480.613564,-179.752756,205861.541827,60.214311,204398.738618,97.993679,666.824479,-21.841007,659.225723,-142.053224,663.386396,59.953960,-0.001578,1,0
5.067000,-59.795117,204433.885004,-179.725505,203848.458163,60.175740,203421.380249,98.233749,662.785261,-21.686459,667.191689,-141.878624,661.862423,59.952708,-0.003651,1,0
5.100000,-59.656629,204093.584666,-179.974039,205162.860785,60.137211,204951.006577,98.447347,665.329554,-22.108323,664.240962,-141.589266,659.238516,59.942367,-0.008262,1,0
5.133000,-59.700519,204677.094889,-179.780093,204971.921327,60.185214,205081.984893,98.268783,655.851020,-22.022157,661.101885,-141.845329,660.373388,59.944918,-0.013215,1,0
5.167000,-59.715826,204274.557683,-179.865197,205093.760637,60.239788,205572.488202,98.389596,658.924436,-21.930556,657.775637,-141.775071,660.821340,59.953254,-0.008178,1,0
5.200000,-59.729970,204011.376128,179.970975,201993.979578,60.447327,202813.272846,98.119981,659.781325,-22.119274,650.210406,-141.466622,661.762298,59.948976,0.000039,1,0
5.233000,-59.869578,204841.358119,179.970688,202604.875638,60.375669,203750.293124,98.055406,661.626779,-21.904929,657.038788,-141.572521,658.969998,59.950663,0.005928,1,0
5.267000,-59.641313,203420.656798,-179.977957,203944.384800,60.236105,202549.415188,97.969088,667.102436,-21.816254,656.109825,-141.812839,661.171478,59.956961,-0.006912,1,0
5.300000,-59.648008,203645.235915,179.995373,203411.907503,60.019083,205669.700184,98.151768,661.726576,-21.822683,665.167191,-141.901776,667.215341,59.950420,0.005529,1,0
5.333000,-59.874483,204296.739472,-179.876803,204021.660811,60.090203,201955.435376,97.983967,658.004518,-21.928020,661.705137,-141.887113,659.741645,59.944898,0.003613,1,0
5.367000,-59.887645,202235.927322,-179.937932,203616.129049,60.066770,202837.825583,97.931729,675.200764,-22.163235,672.578099,-142.237948,668.090328,59.954183,0.005429,1,0
5.400000,-59.919910,204894.009944,-179.848524,203616.827820,60.050757,204004.883903,98.172163,663.151782,-21.932151,663.740924,-142.296956,673.488520,59.947946,0.000619,1,0
5.433000,-59.726359,201892.066829,-179.879534,204733.025480,60.171716,204211.703400,98.217583,667.840538,-21.821459,664.926910,-141.731468,669.397927,59.945353,0.005899,1,0
5.467000,-59.803383,203473.751718,-179.814839,203276.086587,60.343472,201408.006415,98.340504,667.195447,-21.840737,665.296720,-141.721575,667.865724,59.949047,-0.004398,1,0
5.500000,-59.940959,203181.654551,-179.801064,202878.531686,60.070698,203063.252782,98.035874,668.552862,-21.408337,676.662832,-141.832786,667.612796,59.957234,-0.001071,1,0
5.533000,-59.664253,201734.841461,-179.773844,202422.981552,60.191680,204056.028618,98.220278,671.898268,-21.794340,664.978240,-141.835327,667.189236,59.957155,0.002584,1,0
5.567000,-60.051309,202579.575998,179.964915,204777.825302,60.133024,200289.715918,98.022314,664.607299,-22.062857,668.072446,-141.764783,670.937583,59.948266,0.010506,1,0
5.600000,-60.063185,202094.894675,-179.868039,204399.498005,60.161628,202586.156037,97.856832,667.190381,-21.984815,670.788631,-141.496144,667.031911,59.954079,0.010069,1,0
5.633000,-59.743683,203116.757530,-179.873561,201349.342487,60.165075,201709.963442,98.148886,669.174328,-21.767115,670.165746,-141.777802,667.299319,59.958590,-0.003983,1,0
5.667000,-59.958657,203433.955710,-179.985015,202185.280703,60.175302,202782.816023,98.117860,658.285694,-22.006721,663.030160,-141.447431,662.697286,59.950897,0.002913,1,0
5.700000,-59.959458,203371.834034,-179.883392,202833.451640,60.068908,201121.959127,98.091181,665.754688,-21.579515,666.837619,-141.851251,667.515617,59.952250,-0.009988,1,0
5.733000,-59.562624,203439.001264,-179.842362,204378.648241,59.846631,203867.314970,98.587789,657.274145,-21.752338,659.315803,-142.199558,667.544061,59.962047,-0.006073,1,0
5.767000,-59.815907,202419.921836,-179.780546,203401.424792,60.188756,202850.440982,98.154256,670.711258,-21.965829,662.728395,-141.792267,662.040320,59.950890,-0.003915,1,0
5.800000,-60.047149,203866.250140,-179.923672,202646.928209,60.144277,203750.153932,97.762927,662.700304,-21.670929,656.369001,-141.636230,659.705687,59.954814,-0.005641,1,0
5.833000,-59.915518,203070.468593,-179.982995,202988.609555,60.122590,204088.256715,98.173891,661.299713,-21.653483,661.594530,-141.865203,661.738215,59.955089,-0.006584,1,0
5.867000,-59.931022,202360.202135,-179.828952,203547.258085,60.205020,203729.266107,98.139342,652.120428,-21.899045,665.473033,-141.721528,658.554936,59.949057,-0.010009,1,0
5.900000,-59.690834,202932.695831,-179.808019,203018.599793,60.003909,203482.596728,98.374844,661.723234,-22.330159,663.634246,-142.054763,670.285084,59.952217,-0.004241,1,0
5.933000,-59.919922,203008.770418,-179.846252,201963.945932,60.128419,203356.455183,98.364145,661.770307,-21.716881,658.033923,-141.783725,666.115515,59.960851,-0.013681,1,0
5.967000,-59.832771,202567.249002,-179.768723,202009.230639,59.969781,203754.251952,97.896548,662.043404,-21.631787,663.824185,-141.971368,664.985812,59.952301,-0.002886,1,0
6.000000,-59.895498,203073.529361,-179.945670,203941.764348,60.001085,202784.806545,98.158578,660.923245,-22.084668,654.565650,-142.081555,663.338367,59.952732,0.002208,1,0
6.033000,-59.838045,203015.727764,179.878774,204287.118263,60.189333,201503.676018,97.976636,659.097920,-21.933520,665.828160,-141.898914,658.191474,59.951067,0.002880,1,0
6.067000,-59.887034,203744.977755,-179.805479,203744.597980,59.972625,202633.422365,98.095449,661.869949,-21.834032,665.394945,-141.604602,665.197342,59.954896,-0.009193,1,0
6.100000,-60.116457,203053.669243,-179.823620,203963.366987,60.029373,202469.075599,98.041229,659.475060,-22.128179,664.952033,-141.737294,669.216088,59.954773,0.008631,1,0
6.133000,-60.094904,204316.763199,179.957993,203412.489754,59.952972,202488.742609,98.037676,664.862773,-22.100934,662.048032,-141.947742,665.374514,59.949723,0.002417,1,0
6.167000,-60.118340,204110.279914,-179.925189,202977.399459,60.075722,202510.741702,97.675464,660.834731,-21.784351,656.620588,-142.012048,653.956701,59.959490,0.002328,1,0
6.200000,-59.883541,201986.228891,-179.895767,203938.179951,60.144543,202385.770355,98.182169,658.274891,-22.202003,656.248790,-142.018656,663.576754,59.956364,-0.005387,1,0
6.233000,-59.957748,202995.563326,-179.819034,203503.477680,60.197053,202963.153656,98.161540,656.295536,-21.606722,657.648402,-141.668066,659.666702,59.949221,-0.001685,1,0
6.267000,-59.887947,203713.936174,-179.852284,203310.246761,60.020017,203498.205760,97.930596,662.212442,-21.734279,658.113579,-142.225542,659.273704,59.953680,-0.014986,1,0
6.300000,-59.806382,203778.104010,179.977180,202783.548958,60.253824,203054.694931,98.465674,663.585972,-22.028500,656.971799,-141.649305,660.897756,59.952061,-0.004201,1,0
6.333000,-59.896496,203025.352738,-179.842642,202122.957026,60.068612,202980.858591,98.206793,662.131621,-21.752624,662.898829,-142.111640,661.423457,59.951923,-0.006577,1,0
6.367000,-59.942971,204196.249983,-179.878838,202638.334437,60.021197,203201.968482,98.059169,658.792062,-21.695319,661.924675,-141.912127,656.618925,59.960838,-0.001564,1,0
6.400000,-59.994863,202658.011836,-179.906051,204013.016948,60.219583,201247.606965,97.882350,652.087509,-21.648228,657.746167,-142.152747,664.696066,59.955914,-0.009717,1,0
6.433000,-59.925734,202607.967648,-179.720296,203848.005900,60.067713,201620.871094,98.192772,659.620453,-21.717227,659.501528,-142.193757,664.436599,59.952733,-0.000974,1,0
6.467000,-59.786994,202475.511092,-179.880703,203633.999249,60.103397,201438.937085,98.099618,659.747364,-21.733576,667.525010,-142.118087,658.835498,59.956671,0.003432,1,0
6.500000,-59.924789,201334.312771,-179.877833,201350.667756,60.015407,203621.110533,97.932778,663.237537,-21.822866,663.490728,-142.033582,667.333789,59.952683,0.008264,1,0
6.533000,-59.960146,202063.674698,179.990121,201748.210881,60.234348,203267.909824,97.957848,666.676640,-21.875869,669.122631,-141.609502,655.739434,59.951641,0.013262,1,0
6.567000,-59.830932,202209.495604,-179.834610,204583.771293,59.969624,201828.058615,98.139494,670.635308,-21.745253,659.827246,-141.801718,657.887800,59.953686,0.003027,1,0
6.600000,-59.770501,204972.669158,-179.939061,203514.481221,60.094915,204625.683339,98.584397,663.772778,-22.301929,672.477776,-141.893014,664.100209,59.950431,-0.004477,1,0
6.633000,-59.925361,204340.471818,179.984190,201944.761707,60.046870,202593.275173,98.186920,664.898708,-22.460021,669.698570,-141.863721,664.880002,59.951949,0.000145,1,0
6.667000,-60.056740,202516.620393,-179.841522,203212.795892,59.995330,203322.896618,97.532945,670.405453,-21.961845,664.610404,-142.012772,663.902247,59.945757,0.004957,1,0
6.700000,-59.814659,204267.922684,-179.960146,204799.763128,60.191542,202637.481580,98.166093,669.199973,-22.199430,669.504388,-141.563045,672.821302,59.942409,0.008336,1,0
6.733000,-59.973891,202593.282761,-179.979662,203128.592527,60.092332,203516.084062,97.825133,670.450357,-22.096457,664.441320,-141.759469,664.624713,59.951326,0.014728,1,0
6.767000,-59.835348,203935.279743,179.956808,202682.044162,60.051365,201868.099090,98.208591,661.075349,-22.309366,666.906111,-142.026820,666.758431,59.957814,-0.003575,1,0
6.800000,-59.822325,201348.893485,-179.914306,203127.304041,60.356698,204415.825898,98.091000,668.420488,-22.313235,665.338699,-141.691587,666.157050,59.944143,-0.009545,1,0
6.833000,-59.931543,203371.494964,-179.974558,203250.704572,60.066360,204190.864361,97.900543,667.874943,-21.808255,667.907716,-142.053059,671.673580,59.947527,-0.013197,1,0
6.867000,-59.784561,203065.405005,-179.890488,204595.168639,60.172491,203572.154534,98.270553,667.448974,-21.999699,667.800877,-141.639340,673.601032,59.954410,-0.006942,1,0
6.900000,-59.797954,203699.572016,-179.728539,204936.707324,60.138553,204153.805577,97.996960,669.606275,-21.742162,678.480475,-141.780137,668.463170,59.947177,0.000978,1,0
6.933000,-59.961749,203303.776987,-179.957231,203399.797232,60.065304,203497.450892,98.136616,669.005462,-22.071018,666.023771,-141.740961,669.206958,59.957803,0.003215,1,0
6.967000,-59.798281,203922.437287,-179.810004,203786.849377,60.158608,204404.583723,98.313455,665.643829,-21.830362,667.154810,-142.059594,669.318535,59.951333,0.005013,1,0
7.000000,-60.034700,203276.059163,-179.525296,204237.179610,60.083254,203283.367549,98.105686,667.822848,-21.601523,673.404353,-142.064325,669.663141,59.947484,-0.001538,1,0
7.033000,-59.851579,202039.110370,-179.854233,201500.922199,60.296790,205410.458112,97.896058,665.178232,-21.712108,670.598942,-142.085019,662.746996,59.954004,-0.005703,1,0
7.067000,-59.841454,204684.863654,-179.862520,202072.101132,60.223790,202452.500644,98.143170,672.267279,-21.611209,667.831995,-141.682022,668.411679,59.947871,0.007150,1,0
7.100000,-59.949211,201962.422259,-179.693582,203646.098413,60.018585,204136.273418,98.050216,672.172690,-21.736637,664.985000,-142.428384,674.716035,59.939896,-0.013001,1,0
7.133000,-59.791704,203487.290400,179.960499,203569.194328,60.151420,203860.234818,98.348286,671.266325,-21.886604,671.308808,-141.875904,666.021398,59.944287,-0.005636,1,0
7.167000,-59.773929,202366.244911,-179.975127,203369.510662,60.151892,202881.785554,98.347332,668.180579,-22.038706,664.296071,-141.940331,667.662569,59.948527,-0.003208,1,0
7.200000,-59.920840,203030.748951,-179.931723,202054.931051,60.007066,202892.948702,98.026810,666.633410,-21.943465,667.309476,-142.082932,673.198175,59.951469,0.004397,1,0
7.233000,-59.748825,203708.237451,-179.819344,201825.198867,60.104128,203336.544856,98.068492,665.995466,-22.300874,672.514492,-142.040155,674.631079,59.955808,-0.012203,1,0
7.267000,-59.824093,202707.895255,-179.930981,204586.584906,60.229540,202641.580156,97.989626,665.820864,-21.992239,671.600224,-141.824668,670.017964,59.952870,-0.003198,1,0
7.300000,-59.857527,203633.614066,179.953956,202589.366321,60.324393,204182.219525,97.739370,668.910335,-21.846108,673.447942,-141.961001,667.888435,59.949730,0.000679,1,0
7.333000,-59.986834,203090.725890,-179.821954,204972.568818,60.034813,202013.433390,98.093698,670.494539,-22.203598,673.033597,-141.815149,670.734232,59.943973,0.026737,1,0
7.367000,-59.891209,201636.320575,-179.998361,204038.575492,60.013227,203138.610504,98.319130,668.383193,-21.765542,664.433532,-141.694509,674.112254,59.929660,-0.000976,1,0
7.400000,-59.926595,203901.855162,-179.748294,204014.814715,60.209352,202974.419873,97.986973,668.776860,-21.816098,667.978529,-141.525311,671.401294,59.940382,0.000925,1,0
7.433000,-59.901775,202159.078152,-179.853389,202386.495643,60.209983,201890.329705,98.228313,670.094813,-21.703481,666.844408,-141.824858,665.941914,59.932758,0.000636,1,0
7.467000,-59.872244,202001.124605,-179.924740,202665.913765,60.150921,202212.200189,98.087382,663.517305,-22.047440,668.063778,-141.461525,670.233324,59.944711,0.013850,1,0
7.500000,-59.799494,201563.222002,179.999701,203605.617026,60.142914,202817.609874,98.106876,670.021489,-22.140873,677.261996,-141.779344,670.547122,59.935667,-0.013776,1,0
7.533000,-59.928704,203077.949982,-179.872103,202214.119902,60.122378,202209.172161,97.921467,667.778726,-22.222720,673.463919,-141.849515,675.048168,59.934210,-0.007531,1,0
7.567000,-59.905923,202715.171606,-179.932620,202370.865325,60.209490,202529.486685,97.970213,669.485679,-22.146685,676.084671,-141.834266,664.771496,59.932354,-0.009197,1,0
7.600000,-59.836696,202244.250821,-179.687273,203847.388918,60.035609,202827.452253,98.172965,671.902537,-21.617051,668.821024,-141.661081,667.978844,59.931678,0.001332,1,0
7.633000,-59.909457,203082.949263,-179.764674,202752.711619,60.118072,203542.230608,98.160572,676.496001,-21.444490,669.676939,-142.084937,670.651597,59.941827,0.003289,1,0
7.667000,-59.988670,202928.857330,-179.697880,204375.381347,59.866918,204117.571583,98.205335,677.127784,-21.774724,674.480869,-142.039490,672.095911,59.937808,0.006045,1,0
7.700000,-59.935224,204458.848236,-179.955161,203150.585100,60.055053,203008.335013,97.990463,674.831820,-21.940804,677.893276,-141.652902,677.443848,59.935905,-0.006456,1,0
7.733000,-59.925740,203655.339907,179.965114,203423.521604,60.206917,202743.766995,97.917845,677.461303,-22.241001,677.508741,-141.795169,666.585479,59.940346,-0.001569,1,0
7.767000,-59.891769,203423.387130,-179.816862,202622.925830,60.033842,202545.237154,98.156131,675.816049,-21.588754,668.191312,-142.001312,673.976280,59.933938,0.000056,1,0
7.800000,-59.994905,201970.086487,-179.819342,203701.741112,60.358929,204026.257303,98.234155,669.497342,-21.880795,671.227657,-141.818236,674.288062,59.928139,-0.003563,1,0
7.833000,-59.974749,204682.209887,-179.813291,202666.231758,60.183197,203491.415482,98.490639,671.560662,-21.902064,671.216956,-141.909092,666.469398,59.933414,0.001773,1,0
7.867000,-59.929717,201906.074431,-179.858885,203850.388886,60.082042,204102.876957,97.987957,670.461504,-21.755139,673.978068,-141.906553,673.496044,59.934608,-0.001535,1,0
7.900000,-59.665075,201756.204591,-179.932304,203028.544947,59.985950,201643.322697,98.692589,672.134661,-21.805546,674.584726,-141.803040,669.915221,59.929712,0.001899,1,0
7.933000,-59.953614,203114.337959,-179.890602,203620.888001,60.058085,201655.373663,98.153451,675.848045,-21.843463,674.302642,-141.895379,673.725729,59.934800,-0.002874,1,0
7.967000,-59.773860,204757.211099,-179.768142,202014.627431,60.205295,204227.137037,98.284490,676.289397,-21.640609,675.332488,-141.857945,672.061634,59.931107,0.001060,1,0
8.000000,-59.798168,202624.717651,-179.982542,203714.450294,60.051373,202949.165226,98.182219,670.427371,-22.088404,678.028726,-142.058136,671.597913,59.942107,0.000220,1,0
8.033000,-59.960879,203315.992909,179.968505,202081.641886,60.146913,202122.327373,97.904390,672.792112,-21.836634,670.425708,-141.796798,670.793847,59.940908,0.002051,1,0
8.067000,-59.886566,202165.892466,-179.876196,203294.617754,60.058185,201782.571582,98.203490,670.146599,-22.117892,671.505292,-141.848215,668.322921,59.942138,0.005216,1,0
8.100000,-59.915057,201328.102197,-179.819750,202927.275694,60.163957,203335.942368,98.143831,673.483128,-21.911861,680.858559,-141.722847,675.438011,59.938441,0.001582,1,0
8.133000,-59.813315,204052.408874,-179.640361,201433.949677,60.072304,202877.145936,98.327059,674.243852,-21.542678,677.847190,-142.010063,670.606664,59.942681,-0.000843,1,0
8.167000,-59.908998,203930.546620,-179.705049,201949.915545,60.133055,202703.386685,98.170104,672.433573,-21.975258,669.243359,-141.677381,671.689553,59.940770,-0.003605,1,0
8.200000,-59.976459,202558.457249,-179.969594,204334.346770,60.032350,203287.448649,98.375793,674.135521,-21.841390,669.484359,-142.202483,671.667340,59.950811,-0.008315,1,0
8.233000,-59.978641,201627.831420,-179.931432,204528.980089,60.159043,202059.800988,98.157286,671.492481,-21.971640,669.078350,-142.049949,673.888959,59.945217,-0.000350,1,0
8.267000,-59.937828,204056.175167,-179.731566,203129.629792,60.065157,201855.466415,97.853402,668.061887,-21.689313,667.076758,-142.129236,677.366872,59.951875,0.000428,1,0
8.300000,-59.878720,203195.767909,-179.839732,203714.521881,60.009061,202931.567647,97.895129,673.137652,-21.846949,682.252727,-142.202971,670.650523,59.947094,-0.004975,1,0
8.333000,-59.955992,204404.638124,-179.893384,201352.812633,59.956752,202833.568811,98.272236,675.876521,-22.205101,685.198147,-142.151730,675.570182,59.943070,0.002467,1,0
8.367000,-59.782311,203881.090373,179.975204,202806.835442,60.233340,202541.234125,98.385779,681.331957,-22.099094,679.441898,-141.755794,686.103313,59.952868,-0.002076,1,0
8.400000,-59.981094,203590.689178,179.906746,201889.021262,60.030426,203123.606432,98.304449,679.051797,-22.217518,679.998256,-141.981172,675.943849,59.946175,-0.004667,1,0
8.433000,-60.002766,202279.522420,-179.838164,204090.939920,60.052187,203499.937856,98.215678,670.534045,-21.739354,677.023991,-141.998150,680.458047,59.951051,0.014654,1,0
8.467000,-59.981994,203604.480154,-179.899706,201911.886180,60.161741,204649.368321,98.203304,678.110440,-21.604049,673.352821,-141.785371,676.249199,59.944435,0.003697,1,0
8.500000,-60.145916,200810.795920,-179.843829,204137.636557,60.067726,203139.036225,97.758477,673.577739,-21.871994,674.824585,-142.143478,677.220411,59.948647,0.010328,1,0
8.533000,-59.968366,205259.088089,-179.883436,203814.922336,60.112290,201636.227388,98.143371,676.242597,-21.772624,668.810337,-141.803564,671.105547,59.937196,-0.009323,1,0
8.567000,-60.058622,202626.091551,-179.873359,204078.426826,59.981856,202288.110804,98.073336,669.868627,-21.801516,679.106509,-141.947758,671.078046,59.952241,0.003076,1,0
8.600000,-59.929902,202665.369600,-179.939936,203798.701725,60.162508,202765.959072,98.153026,669.959165,-21.836639,669.269312,-141.758176,673.898783,59.941687,0.012329,1,0
8.633000,-59.829093,203964.505107,-179.695832,203686.732470,60.119211,203407.240367,97.998611,670.054126,-21.464548,672.253516,-141.832606,669.121848,59.939244,-0.000029,1,0
8.667000,-59.883481,202766.095541,-179.990989,202021.927589,60.121916,204291.296974,98.054762,672.438069,-22.032072,672.565446,-141.681817,675.208589,59.953478,0.005780,1,0
8.700000,-60.014410,202467.071849,-179.779568,204227.565244,60.122950,202176.702655,98.263200,674.637819,-21.562523,675.427212,-142.203064,673.767604,59.942420,-0.004913,1,0
8.733000,-59.958460,203541.626264,-179.780234,204183.857939,60.118861,203069.743726,98.061211,680.681763,-21.980615,671.176292,-141.944592,671.853424,59.937954,-0.008243,1,0
8.767000,-60.003712,202654.146093,-179.927738,203752.394367,60.170913,203393.781657,98.201443,667.942398,-22.118630,676.141690,-141.851991,676.723813,59.947490,-0.007958,1,0
8.800000,-59.812231,203191.501053,-179.891005,203734.611029,60.145968,201772.242784,98.173969,676.403369,-22.342849,671.198508,-141.965296,676.417587,59.948991,-0.005454,1,0
8.833000,-59.985712,203622.493487,-179.842286,202918.367022,60.281301,202760.912032,97.904804,677.245740,-21.745932,674.145617,-141.959707,677.834486,59.936453,-0.005078,1,0
8.867000,-60.004216,203463.293255,-179.969190,203694.814606,60.187327,203754.321715,98.090278,668.894964,-22.068459,674.180309,-142.324845,671.994975,59.933164,0.000539,1,0
8.900000,-60.068849,204909.919721,179.981582,203475.903562,60.093013,203670.262863,97.889996,671.487048,-21.722440,676.858700,-141.727769,664.558716,59.938390,-0.003234,1,0
8.933000,-59.861403,204652.748409,-179.849951,203016.981165,60.148530,206249.034559,98.067538,673.730754,-21.822317,668.620809,-141.722997,663.204966,59.944077,-0.016746,1,0
8.967000,-60.030322,201742.749376,-179.923917,202557.303510,59.919007,205303.062031,98.435973,674.012284,-21.849597,673.636802,-141.860701,675.264839,59.937980,-0.003994,1,0
9.000000,-59.738223,202436.106316,-179.809874,202463.726316,60.171112,202746.732799,98.207229,669.356472,-21.854018,675.156850,-141.536832,665.309666,59.942942,-0.002912,1,0
9.033000,-60.177951,203087.531666,-179.898468,201511.884850,59.994601,203367.503556,98.063511,672.071733,-22.187660,677.917212,-142.282433,680.421690,59.929826,-0.000745,1,0
9.067000,-59.743041,204582.470481,-179.687059,203007.677853,60.320608,202223.224335,98.228095,679.402085,-21.542489,672.673669,-141.552174,681.538666,59.935010,0.013627,1,0
9.100000,-59.815096,202914.536275,-179.805656,202211.543271,60.104059,203216.177327,98.066427,675.359365,-21.711913,676.424531,-141.789991,676.793901,59.935401,-0.003849,1,0
9.133000,-59.835773,202648.054451,-179.914764,204604.309223,59.897447,201742.255061,98.241021,685.117532,-21.767517,682.652667,-142.257444,678.746971,59.938652,0.001958,1,0
9.167000,-59.640138,201588.790515,-179.736831,203774.774995,60.254019,204112.501303,98.185364,680.128193,-22.130917,684.378765,-141.503935,683.095355,59.936351,-0.012892,1,0
9.200000,-59.866513,202856.529561,-179.666675,203295.984147,60.184190,203483.480527,98.446993,676.450983,-21.606545,686.870665,-141.961039,680.803389,59.943001,0.000549,1,0
9.233000,-59.773415,202797.590288,-179.701069,204057.001339,60.085143,202367.216797,98.227129,683.783900,-21.616935,680.710391,-141.855551,683.546107,59.941184,-0.003324,1,0
9.267000,-59.885828,201854.267163,-179.778645,202822.913258,60.210766,202402.859250,98.223205,671.637348,-21.536449,679.466020,-141.688533,679.254091,59.948450,-0.001064,1,0
9.300000,-59.810978,203072.502066,-179.830366,202901.029429,60.160028,202597.761083,98.173609,683.574040,-21.583459,677.017936,-141.457480,677.096697,59.948836,0.002135,1,0
9.333000,-59.726890,202416.778002,-179.613772,202198.238249,60.374239,203737.946133,98.402876,681.049633,-21.849000,686.740641,-141.577807,672.970185,59.947344,-0.015094,1,0
9.367000,-59.725356,201387.039847,-179.583794,202021.106244,60.315962,204605.657671,98.100739,679.508494,-21.544638,679.828210,-141.602440,675.198451,59.946663,-0.006075,1,0
9.400000,-59.724865,202968.064219,-179.667147,203668.073161,60.426344,202204.594484,98.428474,678.621285,-21.575087,680.140957,-141.626942,676.529890,59.949007,0.014639,1,0
9.433000,-59.456947,203160.348882,-179.804302,203383.490916,60.121115,202186.052062,98.466583,679.202086,-22.102363,680.583731,-141.955138,679.537773,59.949055,-0.002676,1,0
9.467000,-59.851415,203025.455802,-179.752870,202493.568430,60.303727,201515.219821,98.032128,672.650391,-21.884805,678.274750,-141.939900,685.859429,59.956876,0.000182,1,0
9.500000,-59.710585,201225.108550,-179.691032,201967.320615,60.238460,203220.736565,98.069570,671.129805,-21.786643,677.239817,-141.821285,675.805043,59.947838,0.000726,1,0
9.533000,-59.738816,203611.111019,-179.832902,202849.155668,60.192008,200943.476750,98.307877,676.969228,-21.976608,678.312141,-141.783515,669.509789,59.946950,-0.007681,1,0
9.567000,-59.548847,204225.779024,-179.833232,202447.160606,60.400821,203626.598357,98.661761,678.155923,-21.728568,677.447364,-141.548892,679.980818,59.936988,-0.004537,1,0
9.600000,-59.860185,203525.933931,-179.622787,204251.575661,60.239394,203395.214064,98.056233,672.436695,-21.579999,675.339611,-141.734240,676.345409,59.943336,0.001698,1,0
9.633000,-59.752115,202977.569589,-179.840407,200936.129947,60.198482,203052.200641,98.404482,669.584364,-21.967167,669.358730,-141.857188,668.889300,59.946229,0.001469,1,0
9.667000,-59.644073,203420.951300,-179.887877,203873.413395,60.205040,203099.247377,98.210860,677.309492,-21.778521,674.864424,-141.736507,677.998646,59.944861,0.001090,1,0
9.700000,-59.871257,203738.582715,-179.626777,204227.892363,60.185945,201331.628708,97.975856,675.905866,-21.330081,670.621148,-141.980915,671.272815,59.951832,0.004234,1,0
9.733000,-59.709783,202190.251444,-179.662192,205792.814878,60.250781,204085.698967,98.473477,673.793017,-21.851244,675.166694,-141.832373,676.169904,59.938432,0.007731,1,0
9.767000,-59.743298,203568.864949,-179.628222,203545.813582,60.443845,203327.188969,98.478952,672.622682,-21.603950,674.697721,-141.749914,672.918309,59.938326,-0.005953,1,0
9.800000,-59.595807,204502.181289,-179.712209,204674.304431,59.999843,202715.923720,98.401501,684.090148,-21.697740,679.412600,-142.125634,682.593331,59.940081,0.003629,1,0
9.833000,-59.841834,201528.566561,-179.948032,202693.396278,60.309972,203318.341541,98.096130,674.771681,-21.981729,675.781168,-141.465097,672.092344,59.936850,0.001686,1,0
9.867000,-59.724212,204124.820132,-179.520548,204357.165309,60.299237,203678.025272,98.159721,680.128807,-21.500110,677.239654,-141.582585,673.112392,59.941832,0.006541,1,0
9.900000,-59.669572,202538.410260,-179.707229,202873.568271,60.261431,202578.438281,98.114450,669.778807,-21.701801,677.568357,-142.048090,678.434906,59.941925,-0.004031,1,0
9.933000,-59.835625,204713.218892,-179.830272,202481.435130,60.239869,203170.747028,97.892582,677.727782,-21.998427,673.045632,-141.739866,666.223259,59.939411,0.001127,1,0
9.967000,-59.838678,203931.665141,-179.468338,205227.609891,60.438975,204877.903253,97.968437,675.596743,-21.523714,679.010432,-141.242758,670.528867,59.949361,-0.006181,1,0
10.000000,-59.600680,203401.634382,-179.723084,203361.810522,60.319928,204542.207518,98.671069,678.690898,-21.412969,673.784183,-141.615045,683.399086,59.942566,-0.012003,1,0
10.033000,-59.653694,203009.738480,-179.620233,203363.008715,60.361957,202421.887716,98.313736,665.690003,-21.538610,672.487175,-141.945174,672.102626,59.951685,0.001316,1,0
10.067000,-59.489182,204621.194658,-179.767729,204469.746086,60.328186,202316.943829,98.417435,667.951314,-21.881410,673.205803,-141.583988,666.506186,59.946528,-0.000608,1,0
10.100000,-59.517541,204088.645947,-179.763790,204184.046512,60.272440,203730.499631,98.441312,665.407621,-21.647054,670.329319,-141.541421,673.675226,59.936819,-0.000652,1,0
10.133000,-59.754560,204275.681721,-179.710432,202726.166782,60.364144,202679.798321,98.228840,669.928662,-21.841927,670.265448,-141.433507,668.964806,59.944191,-0.001275,1,0
10.167000,-59.694971,204507.513740,-179.694992,203746.818155,60.305985,204404.881793,98.264365,672.322640,-21.633948,677.470192,-141.714784,669.841582,59.942839,-0.001223,1,0
10.200000,-59.835539,203102.294119,-179.732999,206078.206446,60.405060,204514.174522,98.239404,670.078844,-22.000637,667.225928,-141.736016,670.222956,59.947276,-0.007245,1,0
10.233000,-59.824072,204396.473808,-179.782782,204869.754764,60.382639,203680.158512,97.991288,671.840517,-21.836480,668.266379,-141.710928,664.738572,59.942749,-0.003068,1,0
10.267000,-59.682349,201585.519328,-179.893410,203812.150776,60.396690,203405.006698,98.064850,673.291677,-22.013203,669.803029,-141.616499,673.570264,59.950296,0.003783,1,0
10.300000,-59.701316,202803.247624,-179.935044,202661.345429,60.338619,204694.591264,98.236167,674.247662,-21.752307,667.820005,-141.819821,669.971317,59.946285,-0.001228,1,0
10.333000,-59.647657,204674.194695,-179.737538,205044.511728,60.214366,205087.581014,98.387923,667.077719,-21.856958,662.837040,-141.776497,668.508233,59.945178,0.009379,1,0
10.367000,-59.650313,204260.466567,-179.746224,204595.557430,60.213220,205284.492499,98.573438,673.901595,-22.027294,668.225586,-142.066876,661.712063,59.945061,0.003736,1,0
10.400000,-59.950180,202626.325832,-179.878512,203828.304123,60.280701,201914.914146,98.143146,674.980377,-21.930149,672.841791,-141.694429,671.469870,59.938905,0.000611,1,0
10.433000,-59.750977,204528.001822,-179.602721,203001.388473,60.064646,202130.779600,98.217562,672.786911,-21.539010,669.821705,-142.182811,674.903303,59.941778,0.006279,1,0
10.467000,-59.820883,203377.556552,-179.861441,203610.198430,60.306066,204878.154703,98.274188,674.839660,-22.216694,671.589016,-141.864845,665.917583,59.937326,0.002681,1,0
10.500000,-59.759210,205693.402183,-179.865247,203413.536529,60.327941,204849.198199,98.231241,674.311604,-21.994906,676.752032,-141.521774,677.681716,59.941386,0.006728,1,0
10.533000,-59.849709,204165.873068,-179.781534,205332.218360,59.995367,201817.450669,98.281629,669.223054,-21.582009,669.637672,-142.157791,660.993842,59.936610,-0.007124,1,0
10.567000,-59.833089,203596.120666,-179.830689,206138.191784,60.229460,203654.940350,98.132220,669.947004,-21.640618,678.007839,-141.550419,672.599513,59.939175,-0.007723,1,0
10.600000,-59.811256,203207.543196,-179.753396,203148.241782,60.299714,205126.751066,97.905973,670.584840,-21.940026,672.262385,-141.684054,671.856724,59.942254,-0.019677,1,0
10.633000,-59.717085,203111.649274,-179.765184,204160.709442,60.120502,203772.784213,98.396478,675.207800,-21.649936,675.766147,-141.614766,669.267604,59.944464,-0.005794,1,0
10.667000,-59.669613,204114.328251,-179.518775,205696.852225,60.133658,204617.643438,98.088073,672.662921,-21.471486,668.956016,-141.956647,665.849978,59.942590,-0.003002,1,0
10.700000,-59.752114,202382.518068,-179.741437,204088.066315,60.096287,201885.954322,98.470738,669.104603,-21.427572,676.058709,-141.690433,667.306389,59.944148,0.002889,1,0
10.733000,-59.701697,204749.847229,-179.845210,202557.034607,60.120986,203164.513425,98.381200,675.603100,-21.798441,668.096564,-141.847946,670.962076,59.944487,0.002295,1,0
10.767000,-59.755861,204531.087277,-179.872558,203725.931569,60.014322,203930.599266,98.218962,670.880474,-21.985445,670.464729,-142.112613,670.045706,59.939214,0.000007,1,0
10.800000,-59.729025,203133.042004,-179.764098,203727.017500,60.284838,206121.758274,98.276161,673.435393,-21.693307,673.595028,-141.615446,684.256693,59.948870,0.004292,1,0
10.833000,-59.974782,203786.476515,-179.755165,203952.949378,60.119029,202659.306771,98.032472,677.385792,-21.722981,679.347252,-141.989705,674.177326,59.946561,0.009174,1,0
10.867000,-59.905593,204001.302756,-179.771559,205534.148666,60.156351,205383.371276,97.925072,678.601128,-21.706433,676.477304,-142.005614,680.214411,59.950092,-0.000353,1,0
10.900000,-59.718454,203620.245886,-179.912904,203017.190339,60.343921,203635.060685,98.345381,676.441692,-21.649299,683.749574,-141.633989,677.024929,59.953175,-0.002075,1,0
10.933000,-59.861863,203623.991169,-179.827474,204633.004716,60.229763,203844.430796,98.304446,679.574078,-21.853883,678.786130,-141.937410,679.582818,59.945789,-0.013209,1,0
10.967000,-59.794229,203401.258661,-179.902752,205360.350020,60.265065,204906.758651,98.225001,684.612185,-22.138022,680.865722,-141.787020,675.405679,59.950223,0.010508,1,0
11.000000,-59.757336,204630.338340,-179.873407,203599.760236,60.106290,204319.230677,98.319634,684.750931,-21.868759,678.502799,-141.811813,686.384288,59.947360,-0.001044,1,0
11.033000,-59.842374,203969.614069,-179.749362,204074.533161,60.232185,203491.248860,98.156071,680.620788,-21.874320,682.782958,-141.648478,679.931510,59.946380,0.016783,1,0
11.067000,-59.820019,204261.697242,-179.868206,203077.698719,60.529628,205285.441223,98.263234,685.000413,-21.906576,682.845536,-141.442802,683.317118,59.946311,-0.005758,1,0
11.100000,-59.767141,204506.079499,-179.955389,203093.842968,60.074452,204279.956523,98.027277,681.861459,-21.961786,683.836825,-141.693784,684.776002,59.950627,0.000600,1,0
11.133000,-59.821752,203156.413868,-179.737504,205598.338225,60.440818,204892.788677,98.250570,677.671954,-21.742918,678.472071,-141.410262,684.732840,59.949893,-0.003356,1,0
11.167000,-59.662228,203889.194129,-179.748005,203306.180959,60.363404,201944.374821,98.357718,682.070969,-21.166424,683.600850,-141.759250,676.364244,59.955430,0.011008,1,0
11.200000,-59.900095,202568.656193,-179.691152,204164.796893,60.419372,205215.881988,98.069900,679.430096,-21.635626,679.443832,-141.672355,681.598824,59.958624,-0.000389,1,0
11.233000,-59.900042,204110.794285,-179.603941,204503.607169,60.265529,203923.539254,98.142529,671.474443,-21.574263,671.832852,-141.747342,678.523823,59.955359,0.000867,1,0
11.267000,-59.767386,202628.981511,-179.592189,204710.535985,60.236599,204692.005270,98.441629,672.586710,-21.930166,674.158964,-142.002723,675.148924,59.955621,-0.001952,1,0
11.300000,-60.024625,204417.855393,-179.699691,204635.984000,60.113152,204255.866672,97.812095,675.243183,-21.448259,682.301197,-141.739560,678.687121,59.956310,0.000039,1,0
11.333000,-59.577228,202124.217821,-179.592925,204469.372760,60.213232,205247.913502,98.698316,672.663867,-21.556540,677.921898,-141.477764,686.890814,59.957724,0.000296,1,0
11.367000,-59.775892,205079.902295,-179.592732,204278.921015,60.128847,203167.249261,97.924430,674.327834,-21.438802,675.240500,-141.859815,675.095562,59.962791,-0.004218,1,0
11.400000,-59.741749,203657.832502,-179.684574,205062.948663,60.182345,203609.079014,98.259339,679.374669,-21.699135,677.527943,-141.691370,674.976488,59.963215,-0.004365,1,0
11.433000,-59.563531,204387.253473,-179.659294,203861.627201,60.310388,203606.291421,98.721345,671.104344,-21.735481,681.546731,-142.006738,682.612740,59.958241,-0.007847,1,0
11.467000,-59.670121,201607.991463,-179.786748,203339.001044,60.257397,202944.716755,98.571036,672.479613,-21.716797,672.943927,-141.802258,669.429213,59.959635,0.002184,1,0
11.500000,-59.607623,203911.830644,-179.704270,204477.555813,60.397207,203026.818702,98.468500,680.429728,-21.480351,672.366205,-141.505803,676.387052,59.960914,-0.001418,1,0
11.533000,-59.651308,204486.668481,-179.546009,202270.347404,60.255215,205494.520817,98.550742,671.391527,-21.559325,674.878169,-141.994460,679.536780,59.961279,-0.006257,1,0
11.567000,-59.624804,203082.275125,-179.731005,203212.033395,60.255056,204713.881511,97.821329,685.077258,-21.869716,674.788781,-141.663396,675.074459,59.959336,0.011487,1,0
11.600000,-59.570928,205135.137574,-179.733265,203431.610454,60.232074,205557.468297,98.556763,670.091152,-22.087892,674.649221,-141.571933,677.499130,59.955296,-0.006916,1,0
11.633000,-59.617475,204398.587201,-179.837012,206660.827267,60.428620,205294.932436,98.289553,677.409524,-21.728384,683.187622,-141.293848,670.979162,59.961410,-0.001426,1,0
11.667000,-59.682274,203527.583858,-179.776543,202841.986841,60.232593,204373.941372,98.245369,671.277331,-21.524254,682.725306,-141.890273,683.323355,59.957364,-0.000496,1,0
11.700000,-59.610685,206804.629825,-179.662475,204002.650662,60.243979,204545.710336,98.208246,674.673127,-21.571481,673.758088,-141.901118,672.856346,59.961698,-0.006977,1,0
11.733000,-59.601191,204659.281149,-179.873736,204765.213929,60.111055,205015.500078,98.396296,672.571912,-21.439391,678.313182,-141.886819,678.058221,59.966644,0.000748,1,0
11.767000,-59.791788,203949.720693,-179.711620,204721.934060,60.210125,203294.458978,98.449066,680.621229,-21.814259,676.036129,-141.840912,684.352446,59.961962,-0.003079,1,0
11.800000,-59.608047,204962.676571,-179.901914,202765.387865,60.237963,205608.921801,98.133951,680.356147,-21.996389,677.658877,-141.874697,678.831912,59.970091,0.004027,1,0
11.833000,-59.690406,206758.945993,-179.463158,204360.002703,60.279716,204426.273747,98.840070,681.628969,-21.672871,681.410866,-141.710785,682.166132,59.965488,-0.007778,1,0
11.867000,-59.831541,205092.434122,-179.700438,204245.341323,60.229739,204782.194955,97.966795,678.334340,-21.669775,675.683962,-141.885798,676.104412,59.969013,0.000903,1,0
11.900000,-59.527529,204445.080147,-179.599147,204047.220124,60.285645,203377.041561,98.354307,672.876766,-21.573995,671.925230,-141.978128,674.887132,59.963088,-0.004889,1,0
11.933000,-59.668774,203242.677621,-179.631675,205529.339724,60.390555,204442.701324,98.352517,679.643715,-21.679527,680.444939,-141.183114,686.403727,59.964068,0.005033,1,0
11.967000,-59.595781,205189.749459,-179.587831,204751.548685,60.216110,204215.853916,97.968512,682.001002,-21.568325,677.099203,-141.820700,683.016546,59.963265,0.007897,1,0
12.000000,-59.614810,204245.372520,-179.665256,204287.680823,60.403282,204755.270221,98.530994,683.369630,-21.854331,678.831985,-141.712222,674.669882,59.971811,0.004459,1,0
12.033000,-59.769682,204654.983932,-179.667912,203601.735834,60.162969,205142.147140,98.220012,678.557614,-21.732197,679.407689,-141.732278,677.009771,59.968042,0.002629,1,0
12.067000,-59.745425,205576.512842,-179.743511,203158.850822,60.246275,204125.825216,98.176037,684.014418,-21.803244,678.896640,-141.725880,677.357700,59.969708,-0.004615,1,0
12.100000,-59.885624,203754.731528,-179.847959,204876.642249,60.202629,203495.020398,98.070110,678.697882,-21.572142,678.290075,-141.529701,678.983785,59.963668,-0.011836,1,0
12.133000,-59.866819,206447.305058,-179.871801,205207.725418,60.116099,205518.388133,98.278168,675.672767,-21.887792,674.351135,-142.109830,671.924241,59.961232,0.010522,1,0
12.167000,-59.804282,204284.846183,-179.939092,207181.044609,60.270169,203246.300767,98.489698,676.450175,-21.909634,674.361306,-141.875675,680.029129,59.973739,0.004197,1,0
12.200000,-59.777835,203968.123108,-179.900835,202550.256776,60.272019,204971.354920,98.187373,671.216259,-21.693721,679.448910,-142.032756,674.531259,59.977758,-0.006861,1,0
12.233000,-59.858635,203832.106845,-179.896758,204807.522714,60.161679,203215.486024,98.168611,680.311193,-22.013825,682.741606,-141.994992,679.878613,59.975882,-0.011017,1,0
12.267000,-59.902244,203452.675786,-179.873111,204370.349855,60.210836,204387.676990,98.198875,680.904463,-21.794344,685.246014,-141.691635,678.045993,59.975299,-0.009954,1,0
12.300000,-59.956821,204554.717048,-179.882346,205458.433002,60.154849,203469.131333,98.139302,681.435362,-21.853366,680.260601,-141.958753,684.842145,59.972698,0.005000,1,0
12.333000,-59.711219,205393.748483,-179.947063,204068.339084,60.070569,203649.926246,98.063443,681.724339,-21.914165,685.792084,-141.908783,685.748995,59.967569,-0.000981,1,0
12.367000,-60.043304,205068.973562,-179.809708,204697.053473,60.174581,204507.613505,97.953859,685.421955,-21.846227,688.461565,-141.814484,679.940827,59.971971,-0.013770,1,0
12.400000,-59.642903,204821.185909,-179.765671,204869.495737,60.197431,204713.662147,98.444433,675.991598,-22.187785,682.235808,-141.617771,679.203684,59.976884,0.000393,1,0
12.433000,-59.853015,205550.649185,-179.860175,203386.603163,60.167066,204418.750547,98.334537,675.755380,-21.823668,680.534342,-142.008605,680.037734,59.972124,-0.005220,1,0
12.467000,-59.800614,204884.267202,-179.833294,204377.305765,60.197968,204015.175183,98.082771,687.717580,-21.840284,679.076967,-141.721948,678.303002,59.980029,0.006129,1,0
12.500000,-59.931582,204073.509889,-179.833034,204038.573070,60.183137,205666.084821,98.167679,676.008097,-22.045175,676.220071,-142.022511,680.145252,59.971402,0.011419,1,0
12.533000,-59.812932,204434.679922,-179.701222,206052.361061,60.170981,204593.109090,98.184503,675.963309,-21.939015,678.156588,-141.787219,674.492730,59.976064,0.002016,1,0
12.567000,-59.804069,205222.805436,-179.762047,205274.316556,60.230710,205207.337251,98.215739,679.138655,-21.910440,674.678451,-141.791957,670.908497,59.966731,0.008941,1,0
12.600000,-59.771222,205335.689593,-179.890443,204130.119437,60.220216,204973.602728,98.172951,675.146987,-22.162744,679.422261,-141.845805,681.793987,59.973175,0.000546,1,0
12.633000,-59.846393,204913.666253,-179.764489,205108.930773,60.159725,203291.236274,98.150043,663.981571,-21.625574,675.771221,-141.687775,670.583765,59.964648,0.005173,1,0
12.667000,-59.711200,204084.354771,-179.691389,203931.764395,60.036514,204536.251498,98.226721,677.393420,-21.415171,669.306288,-141.983920,680.333545,59.969102,0.009091,1,0
12.700000,-59.960944,203944.866957,-179.858760,203968.770138,60.212529,205013.822432,97.792484,673.152591,-21.939658,675.821947,-141.598264,671.677567,59.972155,-0.008075,1,0
12.733000,-59.731515,204187.430702,-179.593764,204709.379214,60.124072,205295.396222,98.514091,674.360379,-21.742505,678.798519,-141.705588,670.561662,59.973898,-0.000757,1,0
12.767000,-59.874283,203639.991009,-179.715398,207196.913491,60.070074,204093.771354,97.903974,674.292941,-21.657129,679.707431,-142.260501,677.418707,59.967230,-0.008911,1,0
12.800000,-59.624393,204791.523335,-179.786881,204747.393547,60.130163,204445.266873,98.371951,666.663884,-21.717739,673.174767,-141.766561,669.546012,59.975142,0.011868,1,0
12.833000,-60.007911,204725.655304,-179.747688,205514.609787,60.098371,203533.993403,98.118920,677.404723,-21.566003,683.481133,-141.714697,674.505877,59.978204,0.000497,1,0
12.867000,-59.699771,204502.226909,-179.820076,204457.478976,60.155833,204471.125834,98.606553,680.437881,-21.887061,673.289017,-141.891982,676.264412,59.976576,0.003624,1,0
12.900000,-59.712285,204993.069834,-179.710472,205964.540081,60.237022,205799.478121,98.472460,676.493272,-21.549822,668.836326,-141.800363,676.767889,59.971259,0.001591,1,0
12.933000,-59.752064,205145.428995,-179.778982,206350.909583,60.119295,204084.886693,98.542449,675.899165,-21.654831,670.090539,-142.203615,672.217471,59.973401,0.005301,1,0
12.967000,-59.769737,206084.123201,-179.898128,204016.572854,60.290540,205190.700582,98.071528,667.437061,-21.899024,674.714867,-141.755010,680.167508,59.971141,0.004664,1,0
13.000000,-59.844202,206832.006536,-179.774109,205858.947159,60.184931,206378.790307,98.434689,672.706877,-22.118680,665.524619,-141.506143,670.844042,59.963395,0.001834,1,0
13.033000,-59.879664,203106.092071,-179.990757,205177.571417,60.069931,204966.323747,98.121365,671.284587,-21.679857,670.901399,-141.933559,675.888365,59.976010,0.004472,1,0
13.067000,-59.954375,204510.861264,-179.736143,206019.936855,60.101467,205399.619125,97.684990,676.621255,-22.001387,674.198208,-141.696942,678.220687,59.970562,-0.004024,1,0
13.100000,-59.829887,205268.984422,-179.906746,206176.451562,60.112183,204823.503822,98.038785,675.304672,-21.891508,672.596897,-141.989288,675.306861,59.979576,0.014678,1,0
13.133000,-59.913638,205809.959544,-179.789127,205613.929832,60.007991,205749.774034,98.097605,672.097142,-21.829813,672.794194,-142.021029,672.061619,59.972478,0.005793,1,0
13.167000,-59.951166,206214.108184,-179.844358,205349.486077,60.104853,205638.852191,97.920120,674.647680,-21.785419,673.470293,-141.852298,673.285084,59.971082,-0.005001,1,0
13.200000,-59.955260,203785.557617,-179.957423,204675.713814,60.244160,204454.274422,98.158994,674.079969,-22.020717,675.130291,-141.955774,669.911822,59.975849,0.000462,1,0
13.233000,-59.945055,206225.125792,179.967513,204262.867597,60.000047,204672.781068,98.105245,676.018964,-22.030289,671.291310,-141.743102,668.429606,59.972739,0.008753,1,0
13.267000,-60.016517,203813.168431,-179.853545,205866.887504,59.974921,205220.113020,97.874760,677.438991,-21.876417,669.206722,-142.033233,677.170572,59.969139,-0.001145,1,0
13.300000,-59.880393,204094.471411,-179.912843,206780.052536,60.112755,204498.572565,98.003303,673.032763,-21.695625,672.890161,-141.969118,670.217714,59.971386,0.006502,1,0
13.333000,-59.895157,203607.870942,-179.899867,205797.070381,60.138727,203739.394641,98.130279,674.001745,-22.133399,673.060473,-141.726883,668.322096,59.966782,-0.005190,1,0
13.367000,-59.953553,203875.859208,-179.890555,205469.896563,60.076672,203421.659215,97.664543,663.608150,-21.931954,670.684754,-141.892016,671.208383,59.975069,0.012271,1,0
13.400000,-60.071151,204812.123372,179.902308,203992.778273,60.043231,203483.792771,97.712535,670.594423,-22.030614,676.502461,-142.109324,675.064225,59.971005,0.001020,1,0
13.433000,-59.835185,204535.107299,-179.830021,202606.184543,60.057669,205263.921631,97.932809,675.125875,-21.739937,670.776335,-142.066721,676.936028,59.966816,0.004056,1,0
13.467000,-59.984016,204842.928735,179.861870,204550.780402,59.999283,205162.348785,98.222804,675.681733,-21.924233,671.668702,-142.075552,672.816076,59.963941,0.006690,1,0
13.500000,-59.958132,203804.394861,-179.991284,204448.183187,59.988593,204746.957091,97.635099,669.417872,-22.096812,663.879403,-141.911554,663.336981,59.966605,0.005856,1,0
13.533000,-60.055450,204102.723194,179.975006,206647.106293,60.011869,203547.278256,98.164582,669.084890,-21.678339,667.475586,-141.814513,668.059169,59.971083,-0.014177,1,0
13.567000,-60.013075,203969.094551,179.871100,203574.763276,59.972613,205009.644984,97.986302,669.148335,-22.177137,670.455964,-141.732470,666.774007,59.967419,0.002622,1,0
13.600000,-60.011057,204826.096936,-179.832879,205174.357630,59.970224,205452.727657,98.132400,664.246913,-21.520996,664.710537,-141.992269,666.750465,59.971222,-0.004722,1,0
13.633000,-60.159879,204764.776971,179.866554,203941.358755,60.067804,203854.161771,97.631985,665.470035,-22.124558,655.758816,-142.219928,667.082487,59.975521,-0.000122,1,0
13.667000,-59.963364,203387.685337,-179.862474,205463.550819,59.827636,203699.170243,98.261314,673.782239,-21.985562,671.995499,-142.239397,666.278717,59.978189,-0.003880,1,0
13.700000,-60.077276,204558.870967,-179.805313,202507.265658,60.110838,204419.417619,98.264877,664.036496,-21.807034,667.829838,-141.964706,663.319531,59.978753,-0.004371,1,0
13.733000,-59.988541,203285.496095,179.886511,201781.281124,59.835047,203171.573319,98.007440,665.593710,-22.149673,664.097090,-142.122517,668.023813,59.963800,0.004234,1,0
13.767000,-59.988460,205359.686918,-179.937039,203473.752345,59.939778,204959.667915,97.834247,667.805506,-21.912242,664.101895,-142.241966,665.239758,59.967557,0.004198,1,0
13.800000,-60.021179,200812.453888,-179.995806,203569.682998,60.038180,202127.744415,97.848705,660.477278,-21.930863,665.193008,-141.972137,665.326886,59.971628,-0.007029,1,0
13.833000,-59.898966,203604.008544,-179.974415,203005.091989,59.933668,202942.960398,98.157830,663.407579,-21.945321,661.679317,-142.067370,662.246880,59.972426,0.001679,1,0
13.867000,-59.969665,204256.726182,179.813337,202020.895211,60.147311,204120.534667,98.257141,661.712068,-21.774993,662.647799,-141.775265,663.290419,59.962179,0.001372,1,0
13.900000,-60.055975,205694.952554,179.971499,203774.647469,59.985405,202993.385386,97.823234,659.351216,-22.049897,668.970202,-141.907002,662.726985,59.957604,0.004690,1,0
13.933000,-59.912747,204932.725428,-179.946516,204467.505407,60.049949,202978.149689,98.517076,664.210655,-21.850552,668.892227,-141.911986,666.532176,59.967587,0.007714,1,0
13.967000,-59.969058,203644.462799,179.861286,202308.376299,60.052996,204494.106208,97.794838,661.811056,-22.058606,664.962587,-141.901007,671.283465,59.976992,0.007762,1,0
14.000000,-60.159816,204356.740905,179.931939,203585.552944,59.901438,203430.754506,98.157208,669.011830,-22.165596,660.060227,-141.934385,662.974555,59.965020,-0.004984,1,0
14.033000,-60.105609,205762.890099,179.881002,202914.906127,59.810314,204739.297508,97.785156,669.291102,-22.209382,668.038092,-142.360017,659.787261,59.967372,0.001789,1,0
14.067000,-60.232552,203721.863552,179.995525,204747.757160,60.010672,204312.066127,98.036331,669.126329,-21.827866,670.537624,-142.165561,676.765831,59.975201,0.000546,1,0
14.100000,-60.160429,204775.832511,179.881517,204307.760626,60.005581,204310.370851,98.023589,664.404669,-22.150364,669.653793,-141.728940,665.345121,59.970826,0.008066,1,0
14.133000,-60.039221,202558.253038,179.950085,204162.195631,59.808413,204300.719964,97.913142,669.765509,-21.962210,665.408182,-141.881757,664.138827,59.972141,0.000372,1,0
14.167000,-59.981579,203737.327160,179.733730,204755.573918,59.892367,203861.131598,98.143073,665.950373,-22.397034,660.512879,-142.159388,668.433434,59.967122,-0.007449,1,0
14.200000,-60.035335,204060.460238,-179.964820,203367.170837,59.935536,202690.510592,97.974521,665.463981,-21.559306,662.105783,-142.235837,663.371707,59.970114,0.001413,1,0
14.233000,-60.011106,203598.802073,-179.960156,203176.890708,59.861308,202714.726915,97.882515,668.071671,-22.219991,661.430743,-142.015722,668.205657,59.972459,-0.009622,1,0
14.267000,-60.062605,201977.710211,179.980336,203218.094740,59.971298,204255.292688,97.664258,662.883922,-22.344573,662.977297,-141.968473,660.089505,59.976247,-0.004812,1,0
14.300000,-59.833291,202027.983340,-179.905626,203718.235450,59.923659,203664.337705,98.071552,664.770210,-21.889976,659.203030,-141.886666,663.338962,59.974861,0.000713,1,0
14.333000,-59.850211,202460.066914,-179.949069,204391.569411,60.001052,203446.439600,98.431213,659.312019,-21.857724,659.859105,-141.861606,653.602049,59.979255,-0.003774,1,0
14.367000,-60.086114,203378.375064,179.930584,203600.749309,59.944797,203464.604438,97.834618,661.941244,-22.168885,657.019960,-142.025225,662.400771,59.978542,-0.010466,1,0
14.400000,-59.953700,204181.769783,179.749914,204303.017866,60.094645,202637.540596,98.032221,659.981988,-22.209613,663.630534,-141.965622,665.036308,59.970212,-0.001308,1,0
14.433000,-60.205127,202580.757830,-179.838550,204095.666103,59.905245,203502.807307,97.641138,661.578813,-21.971190,657.232159,-142.323257,662.061581,59.968685,0.009759,1,0
14.467000,-60.231118,202198.243949,-179.997407,202714.273978,60.210632,202999.231790,97.927629,661.321926,-21.925634,660.601056,-142.189358,660.795417,59.985330,-0.005334,1,0
14.500000,-60.029392,202756.471077,179.969035,203375.759094,59.956570,201672.523572,97.803804,658.522086,-21.966213,659.387228,-142.082507,655.866399,59.970827,-0.006400,1,0
14.533000,-60.012473,201791.973447,179.977162,203293.551281,59.862369,202483.744826,98.048460,653.104735,-22.013375,655.299684,-142.309181,653.769198,59.973071,-0.008406,1,0
14.567000,-60.031035,205146.122494,179.911541,203557.977130,60.222734,203682.526482,98.024651,660.322265,-22.109853,657.202522,-141.919547,662.417087,59.974349,0.011819,1,0
14.600000,-59.948007,202156.800623,-179.979796,201437.537479,60.115009,202272.113108,98.089688,657.181769,-21.891031,653.377833,-141.754748,650.739810,59.965784,-0.003697,1,0
14.633000,-59.926183,204266.309408,-179.931910,202190.597225,59.887121,204149.121912,97.625689,656.017092,-21.795428,658.308169,-142.642600,660.578761,59.972185,-0.006135,1,0
14.667000,-60.122431,203759.896215,-179.954216,203621.490089,59.949553,203780.701804,97.800351,660.051779,-22.188303,650.119165,-141.992706,656.325990,59.966152,-0.007843,1,0
14.700000,-59.981451,202825.086387,179.923414,203295.436977,60.032910,201451.207911,98.043130,655.005481,-21.925459,664.199321,-141.910095,654.020737,59.970174,-0.002883,1,0
14.733000,-60.035131,203202.498087,-179.921454,202439.951213,60.009960,202326.245696,98.071631,657.258322,-21.721114,658.728721,-142.151656,653.130127,59.973466,0.008048,1,0
14.767000,-60.071750,203861.120874,-179.975356,204462.832862,60.091529,204967.385215,97.886794,657.933927,-22.008662,662.185497,-141.906272,663.220489,59.982305,0.001670,1,0
14.800000,-60.090205,204841.072820,-179.916998,204758.721242,60.025797,202958.080737,97.992953,660.324462,-21.992686,656.543399,-141.950649,652.223944,59.969491,-0.003000,1,0
14.833000,-59.958468,204177.538300,179.999160,204938.108946,60.190696,205073.442055,98.142670,663.588713,-22.359110,664.413648,-141.767341,661.805438,59.974480,-0.004617,1,0
14.867000,-59.936620,203178.644401,-179.906595,202702.905596,60.051455,204111.493913,98.132679,662.799670,-21.884713,662.776442,-141.819733,654.264210,59.982740,0.009562,1,0
14.900000,-59.997410,204227.318647,-179.899808,204482.778868,60.290277,203294.531813,97.748676,660.759307,-21.919194,661.582600,-141.688993,659.652127,59.978107,-0.003730,1,0
14.933000,-60.050729,203517.030474,-179.974730,204206.958057,60.066470,203077.715118,97.916408,659.814704,-22.118736,665.692207,-141.819060,661.290469,59.980411,-0.008654,1,0
14.967000,-59.860822,204295.278015,-179.810766,202992.971666,60.253435,204288.413231,98.273487,652.092285,-21.744566,659.698387,-141.870909,653.884780,59.983132,0.012591,1,0
15.000000,-59.658250,203861.091630,-179.782365,202967.645796,60.095736,203108.478227,98.253003,658.290201,-21.817806,657.365672,-141.916258,659.999479,59.983819,-0.010010,1,0
15.033000,-59.803663,202755.058388,-179.730601,203891.248821,60.153569,203842.788210,98.562887,660.798803,-21.447905,666.803908,-141.876744,652.196656,59.979676,0.006047,1,0
15.067000,-59.776676,203407.022355,-179.886327,203256.360652,60.157761,205757.931072,98.089594,658.206188,-22.028876,664.288777,-142.149316,669.317757,59.977262,-0.005045,1,0
15.100000,-59.857313,202840.282238,-179.888531,203736.914799,60.099642,205291.102462,98.288939,664.598894,-21.655320,659.096376,-141.956612,655.178805,59.985328,0.006847,1,0
15.133000,-59.804163,203142.728994,-179.756882,202710.330577,60.024048,204067.752041,98.295994,664.710340,-21.948590,665.978290,-142.220040,665.601625,59.985791,-0.002519,1,0
15.167000,-59.934940,205371.602173,179.994489,203351.925092,60.178125,204194.875080,98.074637,664.895555,-21.923518,660.870290,-141.697756,665.337245,59.976207,-0.008845,1,0
15.200000,-59.965031,202693.380871,-179.952618,202563.651380,60.196699,203372.891039,98.186210,662.405751,-21.885284,665.875644,-141.781002,662.725881,59.982729,-0.005354,1,0
15.233000,-60.000960,201651.168676,-179.912445,204576.949089,60.178836,204780.858200,97.985862,660.208739,-21.984394,661.491869,-142.025643,662.477399,59.979680,0.003698,1,0
15.267000,-59.993624,201500.703143,-179.953535,203728.182516,60.045239,201103.177261,97.896447,659.570224,-22.027031,659.766795,-142.231767,666.431211,59.981376,0.002184,1,0
15.300000,-59.881006,200835.029868,-179.926562,203192.006834,60.200147,203218.764823,98.139881,663.325223,-22.115639,659.767444,-141.816815,664.951925,59.968984,0.015397,1,0
15.333000,-59.893230,202735.044007,-179.871102,203421.770658,60.101714,202236.579561,98.129108,658.010973,-21.602844,665.022250,-141.456256,660.297331,59.980150,-0.002550,1,0
15.367000,-60.032665,202479.454634,179.963123,204855.076098,60.045980,203582.642919,98.055893,665.116323,-21.791827,661.078188,-141.851476,660.659137,59.977696,-0.009072,1,0
15.400000,-59.888041,202152.203639,-179.954359,202188.254455,60.158015,202813.454241,98.375693,664.035774,-22.152523,664.346676,-142.059476,666.070644,59.978575,-0.002761,1,0
15.433000,-59.855366,203708.021501,-179.984599,202698.270335,59.923208,204496.437779,98.483384,664.050122,-21.845232,662.272301,-141.947723,667.862043,59.982055,-0.002252,1,0
15.467000,-60.177255,202830.487806,-179.919231,203326.509845,60.083646,204770.596197,98.152834,662.788725,-21.800629,668.965349,-142.235271,660.262063,59.975015,-0.008766,1,0
15.500000,-60.074579,202654.485155,-179.950573,204019.321490,60.113395,204788.632424,97.983393,667.942042,-21.997804,665.818768,-141.855095,664.572957,59.980217,-0.009431,1,0
15.533000,-60.018868,202810.090482,179.989448,205346.294118,60.075794,203482.617437,98.240711,669.636534,-21.980557,671.182361,-141.673564,665.487229,59.978723,0.002952,1,0
15.567000,-59.881544,202725.331450,-179.882443,202661.714875,60.145162,202409.415755,98.090830,663.040124,-22.060307,664.981337,-142.180345,668.805142,59.983703,0.000937,1,0
15.600000,-60.078761,202338.453752,-179.934836,204568.747718,60.046026,202074.144266,98.038527,670.829782,-21.927894,660.431247,-141.744659,671.213682,59.980251,-0.002313,1,0
15.633000,-59.951750,202170.357709,-179.938767,202887.142966,59.883242,202525.555746,97.917010,668.881865,-21.960549,665.802634,-142.186112,669.079277,59.990725,0.000993,1,0
15.667000,-59.825242,203268.121027,-179.966410,203591.926551,59.929576,204199.901999,98.276377,664.840969,-21.922666,665.672591,-142.104174,669.160148,59.978202,-0.004212,1,0
15.700000,-59.944706,202803.030561,-179.914011,202062.701215,60.167149,204111.754236,98.178674,665.646403,-21.766826,668.751837,-141.698069,663.753718,59.985074,0.009310,1,0
15.733000,-59.940174,202651.345487,-179.707554,205043.832812,60.258173,202494.533501,98.095014,659.956289,-21.550633,666.281687,-141.662795,667.745700,59.975857,0.002502,1,0
15.767000,-59.965337,203288.960234,-179.848624,202986.357901,60.135421,204272.470450,98.100001,661.949055,-21.371631,669.738955,-141.658395,674.774047,59.979564,0.006895,1,0
15.800000,-59.865198,203971.139024,179.928037,205340.013472,60.092287,203705.960864,98.177879,661.885603,-21.863623,666.398886,-141.970564,669.587997,59.970460,-0.012878,1,0
15.833000,-59.864582,203704.375610,-179.899508,202928.235589,60.037850,203001.316472,98.186507,666.821564,-22.045493,664.617834,-141.973048,670.243348,59.982674,0.002208,1,0
15.867000,-59.831103,204363.168351,-179.929750,203661.076668,60.053295,203969.847927,97.723530,663.653612,-21.700586,664.326525,-142.119637,665.436785,59.973538,0.008115,1,0
15.900000,-59.947962,204463.077133,-179.947666,204961.422681,60.199198,202057.012837,97.844079,666.489159,-22.347028,669.570483,-142.035846,669.604207,59.974106,0.005916,1,0
15.933000,-59.927931,204082.768899,-179.810972,204204.723814,60.012839,204798.742776,98.176522,663.935344,-21.889652,668.100965,-142.206394,665.784364,59.971838,0.003387,1,0
15.967000,-59.824236,203230.071004,-179.808454,203613.138159,60.067568,204502.921531,98.136060,660.171711,-21.694576,663.234636,-141.688417,667.813835,59.969726,-0.008502,1,0
16.000000,-59.643337,203185.575886,-179.869392,204083.193465,59.993949,204296.943296,98.389640,663.528941,-22.139742,656.941643,-142.253853,660.172917,59.972650,-0.010139,1,0
16.033000,-59.985711,203814.280062,179.955680,202586.573660,59.975025,202448.447305,98.056861,659.925618,-21.969362,659.621514,-142.263817,659.005392,59.967921,0.000063,1,0
16.067000,-59.861556,203068.724721,-179.993359,203111.799952,60.206468,203729.128726,98.312137,664.750798,-21.929014,656.731165,-141.606817,665.048525,59.976868,0.006407,1,0
16.100000,-59.795749,203494.412558,-179.950032,203659.792268,60.047943,203717.101596,98.367272,662.755062,-22.320132,668.097316,-142.136134,662.227787,59.963225,0.008164,1,0
16.133000,-60.099578,203309.762987,-179.793349,203457.097788,60.278923,202276.233117,97.914195,657.303045,-21.754881,668.747408,-141.860463,664.660911,59.973692,-0.004025,1,0
16.167000,-59.839354,202910.355600,-179.847421,201355.426730,60.175837,204231.635996,98.068586,660.852208,-21.596655,661.565089,-141.511493,662.508856,59.962768,0.003588,1,0
16.200000,-60.154561,201805.827126,-179.843503,202599.919643,60.167125,202576.855557,97.973737,658.129883,-22.011353,662.753609,-141.721694,657.662827,59.964957,-0.003446,1,0
16.233000,-60.000167,201222.574487,179.995713,204841.080707,60.125207,204287.768525,98.189887,666.627802,-21.948561,658.676871,-141.593674,660.216229,59.966432,0.008614,1,0
16.267000,-59.864694,203767.042061,-179.916919,205402.230262,60.100417,203057.460676,98.292203,655.915383,-21.781382,659.142405,-142.035651,661.661587,59.963100,0.000435,1,0
16.300000,-59.998179,203775.597241,-179.931417,203987.122862,60.107619,202434.154465,98.106501,656.949888,-22.209214,658.528022,-141.918286,662.131938,59.960604,-0.000478,1,0
16.333000,-59.934860,201543.789848,-179.886738,203594.073784,60.093703,201340.016034,98.162742,651.748772,-21.730845,665.982772,-141.992008,656.676340,59.963977,-0.000453,1,0
16.367000,-59.958275,202887.537610,-179.922416,203490.293942,60.126470,203477.429819,98.476579,660.439010,-21.754827,659.763186,-142.126290,662.978703,59.966233,0.004225,1,0
16.400000,-59.803642,201920.172816,-179.941792,202244.286267,60.056112,203825.938108,98.035862,655.483209,-21.910280,658.645523,-141.887015,654.928014,59.962499,-0.007210,1,0
16.433000,-59.967862,203179.465252,-179.942684,202081.413788,60.161313,203086.727376,97.961326,658.096254,-21.799783,658.183733,-141.770830,656.790156,59.966915,0.011262,1,0
16.467000,-60.062842,202931.838407,179.982511,202991.157865,59.915489,203981.616742,97.900920,655.423167,-22.199312,660.105747,-141.957695,663.776643,59.963885,0.000803,1,0
16.500000,-59.806758,204525.675615,179.972503,203031.188126,60.085985,204211.506107,98.348422,661.420730,-22.073597,659.538414,-141.967084,657.357396,59.962909,0.000838,1,0
16.533000,-60.153207,203029.358385,179.994851,204043.075850,60.041217,202754.286658,97.572091,659.965192,-21.813379,667.440386,-142.161221,664.809899,59.964656,-0.002757,1,0
16.567000,-60.019372,202982.697695,-179.989862,202145.863558,60.306137,203398.980695,98.205877,663.764450,-21.892028,656.498878,-141.952213,664.854180,59.967817,0.004715,1,0
16.600000,-59.923449,203531.798743,-179.862521,203061.612192,59.952881,201162.556010,98.198160,658.327529,-21.832465,659.731036,-141.862083,661.345730,59.974890,0.010681,1,0
16.633000,-59.980431,203109.141235,179.959830,203053.401464,60.046840,202870.872819,98.122252,654.867000,-21.868740,662.987469,-142.125899,662.866411,59.973118,-0.002327,1,0
16.667000,-60.001558,204270.716885,-179.920560,203989.345092,60.284998,202838.650769,98.102465,655.008721,-21.806211,658.170096,-141.737649,658.418014,59.966352,-0.003692,1,0
16.700000,-59.780340,200944.087381,-179.922497,205037.230358,59.973176,205622.843432,97.916393,661.161010,-21.917040,660.964079,-142.028054,662.977332,59.966792,0.006957,1,0
16.733000,-59.898418,203583.089898,179.981477,203111.950008,60.051713,203824.775736,97.950621,660.228003,-22.029094,661.365905,-141.896330,653.409871,59.968590,-0.010248,1,0
16.767000,-60.096166,203998.146925,179.897095,205834.743378,60.032572,204661.450240,97.662381,666.279985,-21.878741,660.396843,-142.133085,659.227216,59.967647,0.005701,1,0
16.800000,-59.880180,204190.770015,-179.841678,203968.216692,60.110468,202788.298411,97.834312,653.093232,-22.070797,654.652105,-141.924164,661.114773,59.973980,-0.008944,1,0
16.833000,-59.793908,202623.089140,-179.895614,202394.448557,60.162296,204810.772530,97.969262,661.914264,-22.011643,664.366081,-142.151694,659.311861,59.970586,0.002875,1,0
16.867000,-59.848913,204292.195929,-179.883020,204780.555709,60.224259,203766.827597,98.042590,661.802757,-21.960179,657.268713,-141.718655,653.554608,59.965695,0.001819,1,0
16.900000,-59.792081,204818.084125,-179.823439,203503.798459,60.099507,204658.582651,98.194128,657.561495,-21.769502,652.391815,-142.031204,659.692209,59.966616,-0.012923,1,0
16.933000,-59.996291,204709.307648,-179.800723,204042.759177,60.182459,203711.563240,98.027786,665.218165,-21.575426,656.757805,-141.591462,660.913062,59.975084,-0.000280,1,0
16.967000,-59.807549,203599.172576,-179.660573,205385.557181,60.139317,203942.391537,98.315076,662.546890,-21.661245,656.356225,-141.819582,658.682465,59.972764,0.017252,1,0
17.000000,-59.875592,203897.313195,-179.812274,204162.211921,60.421785,204036.721767,98.282513,655.396815,-21.749343,664.175900,-141.640398,658.652941,59.969303,-0.000517,1,0
17.033000,-59.782460,203759.777812,-179.855162,205727.204204,60.152239,205444.865692,98.017166,652.678672,-21.943293,657.355738,-141.696801,659.191034,59.970176,0.000127,1,0
17.067000,-59.806185,205133.477821,-179.972698,203727.361179,60.113972,204122.224410,98.294063,655.594084,-21.772957,660.124794,-141.758604,656.287105,59.967437,0.015554,1,0
17.100000,-60.092007,203210.139868,179.978866,204072.803976,60.000897,204644.294033,97.980064,657.074970,-22.347931,664.452040,-142.068988,662.877557,59.963755,0.002998,1,0
17.133000,-60.018074,203801.749582,-179.887472,205127.124177,59.987069,202751.764706,98.010349,650.980402,-21.770613,655.923704,-142.066274,654.331128,59.970218,-0.005143,1,0
17.167000,-59.795735,205391.091573,-179.842308,204851.288197,60.102558,204232.084395,98.384252,648.369436,-21.868263,655.917729,-142.028312,656.732313,59.960419,0.007888,1,0
17.200000,-59.924449,205532.212620,-179.840719,203551.349930,60.021053,203808.278294,97.917798,657.176781,-21.659182,652.991317,-142.034552,656.400035,59.969368,0.013714,1,0
17.233000,-59.804618,205613.676543,-179.680388,204999.118059,60.319583,203800.963158,98.175676,657.383756,-21.666454,658.255092,-141.606530,653.956580,59.976032,0.003456,1,0
17.267000,-59.914825,205236.762105,-179.758562,204770.266499,60.013321,205270.591405,98.166630,654.917703,-21.720494,652.430201,-142.149085,656.324873,59.971646,0.007082,1,0
17.300000,-59.933912,205622.160510,-179.856787,204274.045607,60.082551,206427.839423,97.947565,654.475104,-21.916493,648.673677,-141.784529,652.199212,59.967520,0.000851,1,0
17.333000,-60.016927,204672.503264,-179.908972,204378.756975,60.164206,204487.657855,98.372073,661.971623,-21.858378,657.739855,-141.856315,658.476747,59.967606,0.000661,1,0
17.367000,-59.895485,204852.698052,-179.796830,205640.437792,60.208557,204857.703399,97.812026,653.964584,-21.701285,654.037208,-141.801600,655.258151,59.975682,0.002576,1,0
17.400000,-59.944408,205405.225837,-179.897032,204440.372022,59.959340,205741.896284,98.199372,659.027432,-21.848411,663.348996,-141.919890,663.790879,59.969664,0.006838,1,0
17.433000,-59.949549,205776.721344,-179.864279,205319.935112,60.315729,206461.109414,98.101206,654.475932,-22.086154,656.215336,-141.542382,656.779744,59.964887,-0.004911,1,0
17.467000,-59.915612,205087.800819,-179.855331,205484.986586,60.196059,204947.317768,98.189119,657.674270,-21.699701,658.961189,-141.594011,658.941773,59.965824,0.012568,1,0
17.500000,-60.023734,205695.857220,-179.861928,203420.711115,60.097705,203832.345114,98.167837,661.026029,-22.103722,658.123087,-141.969194,658.536079,59.969068,-0.002643,1,0
17.533000,-59.684165,204587.425682,-179.600123,204414.983716,60.354329,204846.470471,98.453618,654.647223,-21.526620,655.138637,-141.439536,655.777290,59.966691,-0.003682,1,0
17.567000,-59.861468,204317.974708,-179.789890,205869.886781,60.379598,205055.639280,98.296449,655.539024,-22.036015,653.299723,-141.525217,662.789149,59.969159,0.000725,1,0
17.600000,-59.702499,204849.612910,-179.716301,205527.025841,60.159523,204815.462975,98.743872,654.937535,-21.695305,659.793868,-141.862387,652.378920,59.970978,-0.005267,1,0
17.633000,-59.703577,204289.135945,179.989904,204221.294966,60.052665,207248.611019,97.911749,654.127756,-21.913042,658.648962,-142.012810,653.469550,59.968401,0.011704,1,0
17.667000,-59.713705,206679.247987,-179.813630,206064.112225,60.194588,203436.667523,98.152415,654.548074,-21.840167,661.204479,-141.855748,659.552027,59.968176,-0.007496,1,0
17.700000,-59.788837,204977.664897,-179.582590,204290.347326,60.303968,205594.831535,98.305904,652.468255,-21.895058,651.901853,-141.357940,655.242886,59.973929,0.005970,1,0
17.733000,-59.887411,206102.359447,-179.883992,204667.999068,60.093147,204243.819285,98.252482,652.432583,-22.022277,658.381664,-141.901882,655.082162,59.967180,0.001136,1,0
17.767000,-59.739431,203750.609023,-179.990691,204703.637052,60.012181,203701.137086,98.395521,657.439588,-21.990690,655.998991,-142.096814,652.821135,59.968667,-0.006345,1,0
17.800000,-60.025667,204190.666297,-179.929937,205164.099522,60.125371,206733.448377,98.191244,656.326456,-22.154408,654.495464,-142.058176,653.768766,59.971722,-0.001311,1,0
17.833000,-59.856546,206140.222548,-179.764720,204755.358180,60.142810,206173.042424,98.018741,650.919253,-21.469709,657.042929,-141.803182,650.791704,59.975246,-0.004355,1,0
17.867000,-60.046279,203951.986448,-179.837541,204760.657149,60.017772,204829.838576,97.954958,652.638280,-21.912978,655.077875,-141.873580,659.326380,59.969647,-0.006213,1,0
17.900000,-60.226459,203188.255348,179.961562,206480.191003,60.183304,204096.044933,97.782458,651.691865,-21.808579,648.031272,-141.791299,648.186815,59.978266,0.001526,1,0
17.933000,-60.049973,205956.525595,-179.818791,205976.455994,59.908220,205399.796557,97.652229,650.319138,-21.676567,648.390164,-142.074715,646.164003,59.966335,-0.008553,1,0
17.967000,-60.041064,205830.617359,179.913973,205121.304117,60.127683,204270.111804,98.010787,654.619184,-22.265176,645.477885,-141.879143,656.587848,59.977666,-0.001750,1,0
18.000000,-60.178244,205680.581857,179.842620,203502.105171,59.975818,206530.203848,97.513522,655.338169,-22.273221,652.621211,-141.959197,661.308426,59.967626,-0.016109,1,0
18.033000,-60.100100,203022.821960,-179.934562,203781.355012,60.113033,205710.979036,97.953448,654.687996,-22.017275,652.808000,-142.136239,657.599901,59.964686,-0.000013,1,0
18.067000,-59.981139,204854.264221,-179.793085,204766.146288,60.106647,204507.138785,98.046487,657.412923,-22.074367,653.135104,-142.039386,652.373603,59.967096,0.006207,1,0
18.100000,-59.993113,207538.116928,-179.956724,203698.633823,59.982957,203137.882532,97.714312,656.079546,-22.085791,655.250459,-142.005660,658.822533,59.961644,-0.013926,1,0
18.133000,-59.980469,203399.992671,179.886924,204082.122449,60.014548,206276.689538,97.766875,657.335908,-21.790320,655.177202,-142.357611,654.462949,59.971889,0.010546,1,0
18.167000,-59.879600,204956.038376,179.917135,204969.005730,60.069116,203735.486452,97.977952,654.429553,-21.965334,655.547751,-141.905041,653.336759,59.960362,0.003761,1,0
18.200000,-59.880238,203962.753629,179.876476,203359.172243,60.049435,202512.399713,97.928745,657.006305,-22.031277,658.990321,-142.120324,658.522284,59.968229,-0.000320,1,0
18.233000,-59.856411,204002.282046,-179.890125,204453.100154,60.074516,205965.045970,98.135336,656.849844,-21.880824,658.543967,-142.011985,658.127385,59.960432,-0.006902,1,0
18.267000,-59.863041,202493.571930,-179.926627,203830.310914,60.124387,204711.310885,98.468390,650.502873,-21.897175,652.323757,-141.973191,659.759562,59.971005,0.010815,1,0
18.300000,-59.945330,203520.686597,-179.934939,204541.862924,60.153180,202911.613770,98.158801,645.997302,-22.042772,654.269612,-142.019574,651.502447,59.966450,-0.010703,1,0
18.333000,-60.037669,205046.179950,179.978798,203820.492579,60.029566,203007.185415,98.208250,658.553218,-21.832273,654.688693,-142.012658,651.919682,59.957823,0.001952,1,0
18.367000,-59.943354,203249.652088,-179.875620,203857.380430,60.244778,204565.451763,97.981615,657.388816,-21.790375,652.045961,-141.626427,657.657228,59.968564,-0.011389,1,0
18.400000,-59.874278,203477.834524,-179.909288,204494.174067,60.035606,205385.672563,98.271921,658.374354,-22.284002,655.467082,-141.852796,648.768115,59.973562,0.015009,1,0
18.433000,-60.044078,205826.690879,179.966494,203911.538503,60.052663,202323.135244,97.872923,650.370868,-21.900067,651.178933,-141.686298,650.637833,59.972720,0.003081,1,0
18.467000,-59.942865,204839.752660,179.995502,203869.324947,60.150580,204464.795382,98.085106,642.842479,-21.777426,655.664690,-141.648025,649.177530,59.961345,-0.005552,1,0
18.500000,-59.895670,205229.596823,179.942540,205242.176507,60.101009,204812.228564,97.795199,651.482105,-22.492166,651.786022,-142.304419,651.680877,59.963377,-0.005010,1,0
18.533000,-59.902581,204642.631164,179.965495,203460.148569,60.249128,202842.480938,98.023338,649.053633,-22.034128,645.733704,-141.473874,649.262933,59.963761,0.001110,1,0
18.567000,-59.900790,203425.180784,-179.932169,204256.972907,60.134237,204674.027109,98.016602,654.156535,-22.053991,649.295055,-141.816180,650.947054,59.962785,0.009884,1,0
18.600000,-59.767249,204128.209436,-179.851752,204270.513974,60.075835,203533.527658,98.506295,651.393638,-21.567896,652.394456,-141.782668,651.219209,59.965424,0.003929,1,0
18.633000,-59.785489,203688.090921,-179.755450,203234.323928,60.229277,203860.257666,98.299247,657.514039,-21.879772,646.189364,-141.650623,649.216962,59.968851,-0.012253,1,0
18.667000,-59.853413,201891.358824,179.889144,204602.036327,60.199595,203116.314107,98.367250,649.989317,-22.005966,656.691244,-141.774541,651.090308,59.963693,-0.001418,1,0
18.700000,-59.994035,204834.142418,-179.922588,205123.012289,60.091005,205255.275905,98.192987,651.154222,-21.893819,648.595409,-142.312511,645.232371,59.970930,0.008345,1,0
18.733000,-59.730469,205206.384621,-179.797864,205555.392374,59.982334,204271.239288,98.228857,644.078596,-21.612956,641.753104,-141.942467,650.768031,59.971661,0.018808,1,0
18.767000,-59.875441,204332.438833,179.995885,203628.683588,60.164846,204925.272118,98.381953,639.826487,-22.277592,645.198169,-141.893547,652.082350,59.967434,0.008101,1,0
18.800000,-59.861776,204440.809767,179.941869,204092.699663,59.975182,205407.135794,98.145514,650.370048,-22.132513,648.938603,-141.608433,652.804853,59.974074,-0.002233,1,0
18.833000,-59.985103,204799.501930,-179.761381,205579.696034,60.158196,205044.513451,97.842977,655.201365,-22.015505,651.944022,-141.792510,651.145520,59.975487,-0.006094,1,0
18.867000,-59.873908,204138.983749,-179.933798,204822.456996,60.164278,205131.919768,97.836631,644.086239,-22.073618,648.696201,-141.961981,649.603579,59.969896,0.004166,1,0
18.900000,-59.843046,205294.978499,-179.758056,204330.614942,60.226416,203136.125744,98.262877,642.398903,-22.081201,648.373962,-141.726377,641.157222,59.973170,0.001614,1,0
18.933000,-59.883121,205163.487878,-179.723082,204849.021149,60.220690,204815.359132,97.999640,643.299133,-21.756834,637.269169,-141.790922,638.512263,59.979099,0.013953,1,0
18.967000,-59.716922,205286.356671,-179.964791,204305.784150,60.201977,203480.500110,98.431116,644.327777,-22.060525,645.016809,-141.717976,644.122282,59.971471,-0.001575,1,0
19.000000,-59.908903,204051.496924,-179.858132,205420.360336,60.118470,204679.624927,98.150209,641.339570,-21.798176,642.900875,-141.766522,649.196448,59.971979,0.002551,1,0
19.033000,-59.780472,204079.340210,-179.838416,203014.561467,60.166271,205719.133782,98.378333,639.288309,-21.914182,641.646657,-141.946549,640.911249,59.978083,-0.012531,1,0
19.067000,-59.884891,205174.605254,-179.866537,206095.675738,60.177393,201920.539032,98.133999,643.587387,-22.116075,646.803881,-141.808117,641.423604,59.978526,-0.000225,1,0
19.100000,-59.795627,202399.462757,-179.851104,204228.390304,60.001864,204184.862413,98.257115,644.889191,-21.626187,646.253322,-142.072253,644.447907,59.978771,0.010757,1,0
19.133000,-59.942794,202880.389296,179.965297,203264.069593,60.226345,202606.946391,98.427944,644.252261,-21.725586,642.542500,-141.944391,644.870585,59.983553,-0.007279,1,0
19.167000,-59.997502,203785.488179,-179.946647,203029.671661,60.044810,204519.313551,98.190980,637.528093,-22.123052,643.498671,-142.093305,645.215088,59.987771,0.007348,1,0
19.200000,-59.954224,203384.400908,-179.914442,205868.849799,60.084555,205060.258277,97.931626,646.405777,-21.832822,646.559628,-141.887292,647.349694,59.984379,-0.000879,1,0
19.233000,-59.752769,204383.813660,-179.840644,203230.078322,60.085330,202509.076451,98.303620,650.248480,-22.164836,653.855608,-142.035482,648.363786,59.984389,-0.004609,1,0
19.267000,-59.659427,201678.605175,-179.922833,204352.052056,60.009710,204807.206061,98.017540,651.821348,-22.072234,652.299431,-141.964514,652.358019,59.985617,-0.006836,1,0
19.300000,-59.883923,203200.405086,-179.895597,203491.291005,60.261897,205644.378075,97.987812,657.674133,-21.879571,656.682051,-141.959803,650.151520,59.981511,0.008096,1,0
19.333000,-59.873467,203055.076816,-179.815533,204004.148233,60.110305,203882.692440,98.463766,652.339372,-21.773459,652.941703,-141.858845,650.857822,59.988821,0.003281,1,0
19.367000,-59.829421,203669.957556,-179.865207,203655.749705,59.942072,204080.399635,98.509639,662.863225,-21.759289,653.991261,-142.325810,653.019977,59.984715,-0.003987,1,0
19.400000,-59.802469,204595.786322,-179.861037,203436.105384,60.198119,205061.410120,98.402130,655.153202,-21.953774,646.386623,-141.529672,647.401551,59.990418,0.009216,1,0
19.433000,-59.877518,204114.784283,-179.677544,203827.672612,60.123980,202756.938729,98.022863,651.728835,-21.826325,651.402875,-141.750182,650.307630,59.984202,-0.006163,1,0
19.467000,-59.766756,205341.768687,-179.792471,203677.454240,60.225286,204446.542082,98.006751,657.379867,-21.563883,653.572474,-141.718042,646.097093,59.980359,-0.002441,1,0
19.500000,-59.877042,204425.711900,-179.824521,203629.063517,60.252839,203499.327335,98.044148,652.585518,-21.936242,647.254643,-141.745856,645.548288,59.988377,-0.008794,1,0
19.533000,-59.658245,204416.911654,-179.844829,204297.111269,60.134024,203451.602452,98.334974,645.598504,-21.783512,649.709078,-141.753152,646.601392,59.985713,0.005815,1,0
19.567000,-59.891208,205171.974329,-179.937386,205000.238789,60.293716,202175.656509,98.151225,648.446314,-22.170833,647.406341,-141.429631,647.673848,59.983318,-0.007272,1,0
19.600000,-59.777523,205097.055918,-179.877275,202683.399748,60.273059,205685.404487,98.303421,643.288551,-21.734529,647.622832,-141.634640,638.139418,59.978362,-0.006481,1,0
19.633000,-59.876632,203937.506088,-179.738046,202823.145998,60.296019,205698.814997,98.415785,652.248034,-21.702605,646.491144,-141.492746,642.124766,59.983146,-0.003457,1,0
19.667000,-59.883783,204645.060743,-179.754624,201134.284158,60.196432,202809.386847,98.045112,652.144067,-21.635421,650.942442,-142.118644,649.110151,59.991186,-0.005766,1,0
19.700000,-59.753069,203177.142022,-179.931161,204569.365482,60.291311,204802.395102,98.027118,645.727809,-21.527977,645.276706,-141.918456,647.032480,59.976961,-0.012857,1,0
19.733000,-59.934499,204709.690201,-179.658190,203012.464461,60.260332,204346.809881,97.969587,646.516309,-21.777356,647.964355,-141.781483,649.276027,59.977561,-0.006277,1,0
19.767000,-59.727971,203176.029261,-179.808697,203598.793623,60.073901,204286.664385,98.280263,650.305114,-21.665332,645.685667,-141.850555,649.621222,59.982081,-0.000823,1,0
19.800000,-59.829459,203094.181217,-179.941689,203233.875654,60.081316,205115.376433,98.278835,647.404773,-22.179553,647.355828,-142.210065,648.073967,59.971105,-0.007353,1,0
19.833000,-59.872512,203087.661647,-179.841623,201857.550627,60.158970,203554.160260,97.984490,650.575282,-22.008894,647.543463,-141.784923,653.619934,59.975637,-0.002961,1,0
19.867000,-59.828290,204056.939617,-179.900242,204410.431334,60.141535,202561.396770,98.182595,650.482400,-21.631083,658.112679,-142.289839,656.487380,59.970314,-0.011209,1,0
19.900000,-59.789294,204757.065639,-179.848518,203812.911290,60.165108,202543.375688,98.219810,656.066207,-21.810012,649.488660,-142.030592,650.719627,59.964899,-0.000149,1,0
19.933000,-60.058799,204112.582185,179.944894,203844.458102,60.172230,204931.986631,98.135512,652.590271,-22.043943,648.672405,-141.551929,649.805196,59.972153,-0.004761,1,0
19.967000,-59.808083,204190.342359,-179.965973,202758.323775,60.203098,204452.776356,98.516040,650.413778,-22.107286,653.580626,-141.748068,652.697599,59.977455,0.001276,1,0
20.000000,-59.810220,203450.964734,-179.899673,204813.959074,60.054963,203080.183969,98.360654,653.312395,-22.018650,656.786748,-142.165721,649.647898,59.975497,-0.000996,1,0
20.033000,-59.819022,203154.332096,-179.852544,205303.122637,60.108689,203266.487408,98.270847,656.590286,-21.919585,650.933041,-142.122110,652.065938,59.975996,0.004485,1,0
20.067000,-59.929941,203666.584999,-179.825214,204426.584637,60.169786,204723.088844,98.308866,656.076982,-21.604806,651.438215,-141.834646,645.129521,59.974949,0.007397,1,0
20.100000,-59.752812,203840.914015,-179.893187,202665.588452,60.250923,203234.019240,98.183839,646.673895,-21.805128,652.036447,-141.817852,651.032067,59.975443,-0.000707,1,0
20.133000,-59.734134,203097.657014,-179.727722,205130.086137,60.298813,202882.526815,98.147867,649.535258,-21.892806,654.927635,-141.629153,656.029865,59.981913,-0.000021,1,0
20.167000,-59.716885,203681.773296,-179.856159,204305.934718,60.282780,204172.355639,98.517192,653.699486,-21.989981,650.745127,-141.854018,651.695583,59.967057,-0.012326,1,0
20.200000,-59.641344,204349.982709,-179.672357,204509.810245,60.281852,203774.803645,98.557728,650.812381,-21.382132,657.498131,-141.518260,653.370589,59.973204,0.005251,1,0
20.233000,-59.701559,203554.627707,-179.781960,204170.563177,60.320230,204571.864678,98.464499,655.372869,-21.888481,657.231969,-141.619172,656.245884,59.965813,0.009984,1,0
20.267000,-59.960724,203918.096452,-179.642019,204700.527761,60.105794,204174.514197,98.187284,656.110042,-21.879739,658.452369,-141.895293,659.456004,59.968589,0.006670,1,0
20.300000,-59.578475,204593.588194,-179.725106,205705.986524,60.287361,205059.351836,98.514358,652.582597,-21.692078,657.921370,-141.784604,655.103025,59.973077,-0.005668,1,0
20.333000,-59.668203,204045.664808,-179.756997,205124.049317,59.962071,203718.893141,98.415904,652.978154,-21.652555,660.329627,-141.862486,651.242932,59.974798,0.006685,1,0
20.367000,-59.726016,204759.604148,-179.908188,204331.542026,60.221526,204633.061564,98.184893,654.075317,-22.041387,658.236059,-141.860245,652.321984,59.964473,0.001744,1,0
20.400000,-59.812188,203041.067692,-179.841864,203745.905526,60.278438,202759.262494,98.250792,646.035276,-22.097962,652.718444,-142.027308,655.463052,59.974106,-0.010989,1,0
20.433000,-59.810669,203207.006624,-179.801297,203592.222806,60.137706,203801.951210,98.323298,655.327772,-21.944409,652.874578,-141.899828,660.273609,59.962476,-0.001631,1,0
20.467000,-59.783366,203954.323005,-179.894545,204058.023834,60.094114,203701.788019,98.551743,655.542428,-21.686469,656.216615,-141.627736,660.917820,59.963499,0.001490,1,0
20.500000,-59.842431,203146.940785,-179.860117,202702.381713,60.334406,204962.078791,98.193688,656.464683,-22.103565,658.239219,-141.635790,662.188048,59.964068,0.006508,1,0
20.533000,-59.935194,202989.096904,-179.954686,203560.419189,60.167307,202961.567126,97.939743,653.503183,-21.914727,657.253005,-141.841191,660.668811,59.962868,0.001837,1,0
20.567000,-59.841233,202046.369321,-179.676619,204607.377122,60.235279,204286.785754,98.100143,655.220388,-21.585566,660.157323,-141.836193,657.447901,59.965957,-0.003889,1,0
20.600000,-59.695380,202760.178650,-179.844285,201313.397978,60.324705,203292.840833,98.662553,653.572399,-21.869027,658.432532,-141.642122,658.969929,59.967517,-0.007617,1,0
20.633000,-59.985928,205336.821387,-179.854824,202025.902808,60.242009,203364.811861,97.843258,663.076596,-21.918232,659.653856,-141.667767,654.174098,59.956039,-0.001666,1,0
20.667000,-59.839929,203987.808244,-179.879433,202755.957619,60.179180,204215.989792,98.090444,651.464011,-21.804976,660.996237,-142.163634,657.027623,59.972102,0.006199,1,0
20.700000,-59.768139,202464.844144,-179.843277,204367.707279,60.198137,202718.185199,98.485550,653.366769,-21.749148,656.090335,-141.572946,652.212640,59.969340,0.012738,1,0
20.733000,-59.771936,202386.448117,-179.887698,202548.717428,60.124728,203375.724025,98.146200,654.402313,-21.761193,648.030043,-141.961707,652.511555,59.960784,-0.001785,1,0
20.767000,-59.882022,202858.060111,-179.977729,203056.298467,60.141383,201529.186871,98.014000,654.260280,-21.960523,662.969608,-141.788652,661.045878,59.955363,0.002074,1,0
20.800000,-60.001830,203331.260903,-179.650227,203223.649915,60.213141,202726.606767,97.980765,655.787715,-21.695327,661.404693,-141.833003,659.510773,59.962454,-0.004859,1,0
20.833000,-59.916357,203852.667428,-179.624371,203019.631492,60.151129,203458.773641,98.081207,659.140779,-21.722730,659.043353,-141.642263,654.859071,59.970221,0.006740,1,0
20.867000,-59.885490,202914.455211,-179.852973,205050.916019,60.255886,203860.825910,97.822356,655.355524,-21.742338,651.468442,-141.569313,657.229119,59.977164,-0.007769,1,0
20.900000,-59.930279,203090.784785,-179.966768,201277.902970,60.095117,203065.057425,97.970872,663.103454,-21.642631,653.771229,-141.857374,658.876350,59.962399,0.008494,1,0
20.933000,-59.935455,203773.302379,-179.924075,202614.186919,60.351203,201787.274906,98.249759,660.340528,-21.992848,659.830652,-141.424703,654.867892,59.971543,-0.000971,1,0
20.967000,-59.939300,203291.739161,-179.886723,202402.358856,59.961508,205197.059452,98.160342,657.531130,-21.739876,657.240626,-142.135314,658.332178,59.969993,0.013260,1,0
21.000000,-59.834827,202855.912092,-179.859811,202445.108308,60.293104,203570.806000,98.152640,662.683095,-22.072791,653.649695,-141.470569,658.312683,59.969623,0.007981,1,0
21.033000,-59.789174,204025.482110,-179.847393,203023.548274,60.110471,203624.976799,98.259465,656.436590,-22.076092,653.054129,-141.865321,660.729835,59.964203,0.002708,1,0
21.067000,-59.761687,204045.252749,-179.886306,203016.327447,60.087947,203013.495693,98.106431,655.087751,-21.861027,656.247237,-141.844440,658.488234,59.973690,0.001576,1,0
21.100000,-59.846961,201537.192930,-179.941694,203373.490048,60.217958,204346.847665,98.232323,647.931811,-22.261841,653.702825,-141.676698,651.051012,59.974922,0.005901,1,0
21.133000,-59.918909,202445.981790,-179.749271,203807.426101,60.309312,203982.949013,98.009282,654.618448,-21.782625,657.166311,-141.803589,645.220467,59.975224,-0.002007,1,0
21.167000,-59.815442,202206.527796,-179.894776,204879.051265,59.976868,203500.043660,98.257452,656.348313,-21.835204,653.295545,-141.857309,650.995424,59.977081,-0.001121,1,0
21.200000,-59.836964,203477.219614,179.991159,203532.602310,60.017847,203787.216452,98.271297,659.059672,-21.938034,655.442685,-142.185265,661.289023,59.972595,0.001369,1,0
21.233000,-59.865239,201474.862467,-179.972287,203162.493265,60.153562,203272.593476,97.962302,654.584369,-21.810312,656.544553,-141.887839,655.783633,59.970265,0.007382,1,0
21.267000,-59.730017,204388.412372,-179.562659,204899.951846,60.073674,203771.715314,98.088538,654.337040,-21.706892,662.084386,-141.798281,656.364600,59.968897,0.001991,1,0
21.300000,-59.974298,204275.959560,-179.887847,202941.044396,60.236211,203264.583931,98.283677,654.400553,-22.209342,652.982052,-141.578471,654.457698,59.963748,-0.010960,1,0
21.333000,-59.964208,203024.450323,179.957409,203432.275586,60.084370,203443.086623,98.151940,653.692186,-21.838447,659.344511,-141.895488,652.216216,59.975999,-0.001941,1,0
21.367000,-60.122639,203373.403106,-179.794956,202725.378050,60.252966,201989.217168,98.050889,650.658935,-21.794530,653.166699,-141.680519,652.201547,59.966415,-0.006145,1,0
21.400000,-60.057398,201724.394174,-179.953822,204440.305411,60.134311,202610.704889,98.383367,647.681907,-22.067336,650.825802,-142.080460,651.268218,59.972619,-0.000140,1,0
21.433000,-60.058199,201537.401538,-179.972843,203000.725761,60.115411,203003.916554,97.943637,650.403896,-21.873458,651.761842,-141.719589,652.871483,59.972988,0.003116,1,0
21.467000,-59.779484,203555.521616,-179.860509,203791.591698,60.099075,201393.890533,98.152762,653.290800,-21.764748,656.238635,-141.692643,655.565989,59.957496,0.001598,1,0
21.500000,-59.893325,203839.478160,-179.857460,202602.658243,60.228822,203693.249867,97.759006,655.034597,-21.859988,649.619384,-141.550633,654.441959,59.969543,0.010567,1,0
21.533000,-59.848142,203773.272174,-179.874163,204617.894675,60.086671,202559.518070,98.187235,651.517879,-22.012280,656.398383,-141.939741,657.615941,59.969825,-0.013861,1,0
21.567000,-59.876289,202924.445654,-179.803380,205026.356231,60.044883,202902.023114,98.393431,653.789133,-21.739796,648.004446,-141.927423,653.748791,59.967119,0.012192,1,0
21.600000,-59.936415,204404.419473,-179.901724,201793.382011,60.073279,202687.367024,98.035931,653.702316,-21.757149,661.811475,-141.558717,654.196566,59.965802,0.016381,1,0
21.633000,-59.747834,202531.094689,-179.757345,203739.919051,60.312741,203388.427787,98.413185,650.290567,-21.796728,649.767418,-141.768323,660.323144,59.971058,-0.005871,1,0
21.667000,-59.966297,203155.242038,-179.847475,202107.380604,60.075624,205192.895337,97.836368,657.255183,-21.846131,649.271530,-141.803923,651.353845,59.975369,-0.000009,1,0
21.700000,-59.954809,202007.708466,-179.963381,204102.117356,60.082744,203454.600073,98.271293,647.480622,-21.794172,653.167992,-142.015895,654.254895,59.968810,-0.009512,1,0
21.733000,-60.026290,206753.283941,-179.886199,204006.072164,60.056629,202665.770942,98.203504,652.324272,-22.156303,650.735639,-142.137387,655.384010,59.963738,-0.002251,1,0
21.767000,-59.814264,203282.579628,-179.931330,205065.351752,60.225682,204490.431968,98.251963,652.231563,-21.893046,645.317020,-141.706126,648.394542,59.972745,0.001969,1,0
21.800000,-59.823730,202503.026330,-179.970433,202734.605023,60.106794,202675.765009,98.188181,651.518021,-22.231038,655.983219,-141.829468,649.307840,59.972300,0.005305,1,0
21.833000,-59.808861,203535.209973,-179.980895,202869.344343,59.979132,203051.457774,98.408774,646.898681,-21.927651,647.713672,-142.004991,649.116513,59.967498,0.008467,1,0
21.867000,-59.940465,203638.273713,179.970465,202879.536177,60.173160,204260.669040,98.266192,648.616020,-22.137253,645.254785,-141.564320,650.646574,59.972509,0.007621,1,0
21.900000,-60.005644,202909.474486,179.890394,201291.085378,60.081308,203048.113347,97.975058,649.502635,-22.380462,648.082477,-142.300502,652.132602,59.976464,-0.008318,1,0
21.933000,-59.977423,203160.970617,179.971592,203420.425472,59.893346,202729.852341,98.240357,643.723779,-21.968252,649.276120,-142.198209,648.252504,59.974904,-0.001426,1,0
21.967000,-60.076135,203479.969745,179.867191,201591.912657,60.004486,204959.278671,97.686203,651.176110,-22.216666,652.813550,-142.031710,644.818005,59.976597,0.012398,1,0
22.000000,-59.963770,202299.836688,-179.943274,204113.568532,59.988995,204484.397367,98.122182,639.780497,-21.827661,652.550842,-141.852739,643.214654,59.973202,-0.008877,1,0
22.033000,-59.915664,201793.435418,179.973395,202544.232800,59.929623,203107.341050,98.165465,651.867189,-21.871798,645.279341,-142.136174,644.076205,59.969873,-0.003227,1,0
22.067000,-59.920838,202417.950643,-179.784129,202425.846016,60.180037,201704.978291,97.958106,648.853726,-21.452536,645.346339,-141.543967,642.527819,59.972044,0.003721,1,0
22.100000,-60.014916,203887.039147,-179.919416,203463.180660,60.221857,203909.472794,98.034345,647.962685,-21.651756,648.606893,-141.514882,651.082670,59.972836,0.003001,1,0
22.133000,-59.749934,201938.564235,-179.787656,202776.803312,60.060411,202860.321224,98.517593,643.866577,-21.531922,653.335280,-141.900909,645.541515,59.972972,-0.002770,1,0
22.167000,-59.767794,201729.749895,-179.766254,202462.881872,60.193086,203750.808167,98.492886,636.289632,-21.629973,646.783075,-141.888795,643.521210,59.969668,0.006057,1,0
22.200000,-59.816061,202088.110614,-179.766641,204267.836004,59.992393,202385.095354,98.563630,642.504140,-21.832650,647.657693,-141.856539,639.453745,59.970767,-0.004033,1,0
22.233000,-59.923000,204047.635244,-179.937976,204763.063004,60.098013,202487.386975,97.885948,644.446200,-21.978439,644.671204,-141.697650,638.343114,59.960550,0.002385,1,0
22.267000,-59.907150,203033.103812,-179.841240,202343.076663,60.121234,202428.384760,97.782020,641.765882,-21.956153,637.969373,-141.750682,637.839962,59.958228,-0.004270,1,0
22.300000,-59.788485,202592.813492,-179.810005,202170.453299,60.297399,202157.965404,98.009209,642.007829,-21.922382,643.758248,-141.849084,639.973795,59.966941,0.007335,1,0
22.333000,-59.920677,204145.862841,-179.889374,204171.140437,60.229085,203563.334585,98.341190,637.287929,-21.607960,638.477326,-141.841871,633.905491,59.971000,0.007856,1,0
22.367000,-59.833418,202398.059238,-179.797474,202862.844840,60.234985,203165.507167,98.284341,641.593557,-21.789521,638.327491,-141.500854,644.020437,59.971971,-0.009122,1,0
22.400000,-59.726192,204412.353842,-179.960547,202190.939715,60.117595,203554.328760,98.558329,634.997293,-21.916487,634.482478,-141.665878,636.894288,59.972204,-0.001975,1,0
22.433000,-59.758835,203678.576970,-179.906523,202794.481655,60.050972,203224.553667,98.049247,639.997517,-21.845935,635.096347,-141.995772,637.414062,59.972254,0.002420,1,0
22.467000,-59.679352,203941.021304,-179.810853,203966.608790,60.131186,204022.949876,98.160778,635.897958,-21.781674,638.017232,-141.818611,643.504276,59.968093,0.009857,1,0
22.500000,-59.913094,203920.320101,-179.753546,203566.447672,60.220876,201827.887966,98.255729,630.559267,-21.582946,640.918241,-141.733438,639.100748,59.958614,0.004792,1,0
22.533000,-59.851522,202838.807947,-179.747088,203240.711367,60.221255,203266.703958,97.872415,634.717062,-21.742747,636.704287,-141.391124,635.179516,59.967031,0.000119,1,0
22.567000,-59.744883,203205.845921,-179.803071,203467.122047,60.094592,202589.307522,98.201684,643.237866,-21.837042,632.111092,-141.792821,634.143063,59.958568,0.006784,1,0
22.600000,-59.907884,204285.601617,-179.850716,202664.793903,59.985705,203756.358296,98.021864,640.579052,-21.657602,633.618302,-142.255382,645.397204,59.966039,0.020431,1,0
22.633000,-59.985178,203054.720728,-179.795638,204186.708481,60.085969,203305.832898,98.154916,643.474634,-21.810546,647.913029,-141.584416,642.865730,59.963158,-0.007843,1,0
22.667000,-59.888967,203363.456352,-179.970569,202748.266072,59.977732,203730.907384,98.375430,639.694150,-22.074245,637.306635,-141.928867,639.617487,59.968103,-0.005281,1,0
22.700000,-59.963455,204784.625923,-179.801992,201817.018889,59.986675,204287.575347,98.081036,638.154566,-21.895194,637.384703,-142.060037,632.464760,59.960702,0.004055,1,0
22.733000,-59.892821,204075.003506,-179.985856,204294.190677,60.058642,201332.219589,98.270838,644.972214,-21.953884,637.278926,-141.967290,638.996004,59.967821,-0.001805,1,0
22.767000,-60.072859,202866.664952,-179.676679,202326.365786,59.949469,202554.148887,98.037769,645.377248,-21.691019,641.914374,-142.527331,641.937636,59.966476,-0.003804,1,0
22.800000,-59.818760,203358.190725,-179.799436,201873.808333,60.078327,202782.770495,97.817543,645.926707,-21.604858,639.679803,-141.929372,641.667394,59.962001,-0.000904,1,0
22.833000,-59.912713,204169.043922,179.828605,203483.726795,59.887688,203481.705852,97.921722,642.462941,-22.211492,647.574086,-142.261614,643.494550,59.968202,-0.004405,1,0
22.867000,-59.960058,202438.238951,179.970423,203485.590790,60.069351,203580.632384,97.885250,639.138525,-21.750664,644.428204,-141.889691,639.684671,59.971147,0.000522,1,0
22.900000,-59.684507,202757.500378,-179.988971,202146.780959,60.076368,201935.131975,98.559138,642.033401,-22.042049,647.103983,-142.015271,643.933988,59.964511,0.002523,1,0
22.933000,-59.991431,202480.084649,-179.882369,203047.543149,60.363479,203879.483380,97.956116,647.637402,-21.984179,649.401337,-141.539131,637.873204,59.964747,-0.002154,1,0
22.967000,-60.005121,202283.046650,-179.960614,203369.667789,59.988387,203350.947290,98.042133,638.877095,-22.024096,638.657155,-142.130956,641.179186,59.970274,0.003880,1,0
23.000000,-59.917327,201925.933835,-179.908199,201508.116135,60.006911,202303.946683,98.144984,642.983037,-21.802600,637.417886,-141.812321,630.671609,59.972511,0.008772,1,0
23.033000,-59.995369,202922.815930,179.957039,201839.120963,60.054532,202972.760040,97.768504,644.752339,-21.939183,637.585318,-142.150510,648.313227,59.968156,-0.002126,1,0
23.067000,-59.659853,202625.256030,-179.984068,202464.748774,59.944341,203423.403613,98.176025,639.283021,-22.186132,647.564479,-141.965237,638.567824,59.975699,-0.002687,1,0
23.100000,-59.976040,202219.168549,179.957133,202860.004519,59.884254,200743.479514,97.839808,637.770125,-22.030022,635.553595,-142.125987,639.549616,59.965952,-0.004010,1,0
23.133000,-59.950155,202541.918469,179.832616,202729.233628,60.027981,201789.742210,98.059139,635.214668,-22.122113,642.684184,-142.224404,638.213404,59.966675,0.020054,1,0
23.167000,-60.094293,204364.199987,-179.921926,204768.963815,59.914308,202030.045840,97.791055,642.656249,-22.081155,635.179193,-141.756493,637.964941,59.963129,-0.001156,1,0
23.200000,-59.992043,202313.326431,179.888995,202625.476897,60.057391,202107.340909,98.216154,638.827219,-22.185242,640.440187,-142.107548,639.612009,59.961978,0.000505,1,0
23.233000,-60.013779,204548.577830,-179.850010,203136.393736,60.123598,201284.209180,97.607021,640.586691,-21.432296,640.222877,-142.048751,639.128963,59.960831,0.004338,1,0
23.267000,-60.141646,203674.674408,-179.931492,204108.228241,60.094341,201792.392242,97.714781,639.949727,-21.650843,641.523996,-141.825650,633.423255,59.966739,0.001413,1,0
23.300000,-60.068009,201272.523509,-179.937694,203344.123731,60.185897,203347.392286,97.773983,640.055805,-21.664018,638.415531,-142.023192,640.671217,59.964605,-0.001594,1,0
23.333000,-59.953374,203206.878776,179.940765,201663.554388,59.932083,201659.239951,98.204634,637.363237,-21.922039,639.081613,-141.994127,642.687016,59.964616,0.014315,1,0
23.367000,-60.052048,201733.972203,-179.810666,203698.864205,60.019133,202911.418694,98.040975,643.621584,-21.797528,637.768179,-141.837106,644.041221,59.961859,-0.005190,1,0
23.400000,-60.032498,202320.845065,179.961982,203583.673887,60.076407,201408.703495,97.935470,636.734938,-22.002525,644.629424,-141.850313,640.184015,59.956784,-0.000756,1,0
23.433000,-59.928717,203613.006332,-179.886710,203714.848631,60.018288,202999.087188,97.819047,638.468417,-21.913587,637.595985,-141.710560,640.350599,59.959960,-0.000567,1,0
23.467000,-60.134384,202667.441492,-179.971441,201298.892956,59.945159,203234.380256,98.081504,634.381360,-21.733794,635.141245,-141.970226,635.707033,59.963477,-0.000973,1,0
23.500000,-59.883224,201593.151862,179.964667,201546.386545,60.155458,200171.346171,98.090963,634.622786,-22.022238,640.674922,-142.212070,637.402120,59.960973,0.005698,1,0
23.533000,-59.941699,199648.346661,-179.799931,202573.097783,59.795709,202244.350251,98.155581,640.563381,-21.836513,633.223057,-142.198140,634.093543,59.966618,-0.010319,1,0
23.567000,-59.845408,201425.837258,-179.780692,201485.767217,59.999846,203656.448912,97.864817,632.996870,-21.760837,636.733732,-142.216616,629.315897,59.953604,-0.007727,1,0
23.600000,-59.991063,204096.833774,179.992843,202461.846950,59.971580,203071.864014,97.970852,642.409842,-22.140120,639.221233,-142.033334,637.954518,59.960418,-0.001055,1,0
23.633000,-59.845167,201745.613849,179.998804,201622.920605,60.054925,202747.606718,97.878008,641.934603,-21.726603,638.328379,-141.754062,638.319991,59.953295,-0.001856,1,0
23.667000,-60.024478,202297.361758,179.970369,201678.271663,59.848721,204506.151459,97.799293,636.801071,-21.958313,638.728613,-142.009558,636.271125,59.963118,-0.002968,1,0
23.700000,-60.005104,199691.099910,179.875072,203622.192724,59.873582,202157.952261,97.986810,633.442244,-22.042480,639.834906,-141.951076,633.651785,59.966018,-0.010720,1,0
23.733000,-60.159840,201802.520907,179.974999,202359.687122,60.017602,202109.612258,97.803626,640.220298,-22.308058,643.714374,-142.184156,633.512524,59.959622,0.009903,1,0
23.767000,-60.048565,201695.878214,179.827411,202606.818177,59.866065,202226.053977,97.470147,633.790595,-22.406839,638.605611,-142.388516,631.124422,59.960929,0.001937,1,0
23.800000,-60.056062,200508.798561,-179.904998,203061.163536,60.029844,202861.632699,98.011037,630.965802,-21.854736,638.784582,-142.021786,630.889191,59.961208,-0.004775,1,0
23.833000,-60.326160,203613.140039,179.864350,203500.895765,60.144502,202529.880136,97.724038,632.341435,-22.339399,631.369938,-142.006125,631.731490,59.962997,0.001979,1,0
23.867000,-60.100061,204335.441947,-179.902604,201574.617622,60.008363,202002.655505,98.016222,636.433152,-21.983695,634.303116,-141.791229,632.880796,59.965711,0.008363,1,0
23.900000,-59.836927,201426.624579,-179.894667,203361.819348,59.851090,203222.166258,98.119302,632.234555,-21.880260,629.103815,-142.201372,627.904112,59.962653,-0.001448,1,0
23.933000,-60.009554,201981.186644,-179.996868,201075.511842,59.814816,202841.283970,98.073516,634.061216,-22.038930,632.589060,-141.998397,633.901367,59.961567,-0.002309,1,0
23.967000,-60.124512,201500.554305,-179.933909,203560.615435,59.972161,201685.936557,97.696258,634.563873,-21.927679,636.826825,-141.985835,630.198330,59.971623,-0.015178,1,0
24.000000,-60.152533,204263.055837,179.825267,203735.849252,59.871817,202438.027887,98.106380,639.867933,-22.389636,633.038463,-141.965046,629.396155,59.963095,0.001404,1,0
24.033000,-60.025819,201390.891625,-179.832842,204079.814947,60.074016,201800.309907,97.986626,629.497861,-22.014154,629.883509,-142.212283,631.004681,59.966607,0.006722,1,0
24.067000,-59.878600,203250.440028,-179.899421,202946.004999,60.029397,202645.717192,98.463147,634.677155,-22.009807,628.355167,-141.887533,634.706830,59.959947,-0.000273,1,0
24.100000,-59.948342,202146.762744,179.912500,202482.553170,59.933988,204253.289580,98.154252,637.176255,-22.337495,636.671195,-142.014401,640.552298,59.971384,0.000489,1,0
24.133000,-60.135799,203165.355908,179.984708,203331.991806,59.940918,203301.378148,97.860515,638.363903,-21.771060,638.605275,-141.993418,638.314372,59.963267,0.010822,1,0
24.167000,-59.968299,203732.982081,-179.974719,204238.243867,60.000927,202169.618794,98.026922,641.087772,-21.715451,641.093271,-142.088581,637.402635,59.964911,0.000676,1,0
24.200000,-59.779725,203840.540245,179.930114,205273.257869,60.092740,203697.431262,97.957957,638.490271,-22.128019,644.097739,-141.743466,639.464084,59.968033,0.019664,1,0
24.233000,-60.030783,204774.349570,179.996830,204160.384782,59.971396,203335.891114,98.035319,642.711214,-22.009516,641.293037,-141.922977,644.352326,59.967587,0.002125,1,0
24.267000,-59.846548,202571.739988,179.996514,202679.849172,60.046214,203533.736355,97.806835,640.142472,-22.369213,637.999280,-142.123702,644.097038,59.962151,-0.000191,1,0
24.300000,-60.016158,203063.669354,-179.959815,204290.664581,60.001221,202861.715809,98.093765,643.925381,-21.965713,644.970013,-142.039538,641.681155,59.965048,0.003121,1,0
24.333000,-59.927890,204295.701853,179.940648,202211.221530,60.076185,204229.072706,97.976817,635.684674,-22.099034,641.222536,-142.315756,643.761700,59.964620,0.004157,1,0
24.367000,-60.045825,203916.854594,179.813473,203232.231412,60.094442,203178.598413,97.761022,644.415176,-22.270485,643.932527,-141.784006,651.288704,59.965032,0.001344,1,0
24.400000,-59.931964,202786.996731,179.971435,202399.965129,60.090747,202403.371552,98.026410,654.006639,-22.190269,645.164111,-141.459484,644.395930,59.963110,-0.000851,1,0
24.433000,-60.079688,202784.918779,179.780228,202301.462209,60.066908,204921.230555,97.885021,649.270009,-22.325743,647.688007,-141.803977,645.213309,59.964627,-0.007951,1,0
24.467000,-59.958098,203375.743837,-179.937187,203019.964240,59.956641,203114.389047,98.077472,648.389987,-21.954224,645.282526,-142.369376,650.904769,59.960860,0.006922,1,0
24.500000,-59.973395,200699.995394,179.951824,203846.840900,60.029657,202727.103529,97.806967,648.794363,-22.041075,645.729530,-141.767352,654.991704,59.968642,-0.005445,1,0
24.533000,-59.827604,202291.815647,179.972793,202232.752294,59.926973,204017.319508,98.069257,646.036650,-21.490597,649.375825,-142.591309,649.845450,59.961071,-0.003925,1,0
24.567000,-60.184378,202728.744692,-179.892655,202590.636951,60.008836,202728.952201,97.715328,643.946324,-21.868428,646.266696,-141.940236,655.366930,59.974067,-0.003340,1,0
24.600000,-60.092620,201843.553562,179.808957,203127.614373,59.782585,204073.653151,97.874874,660.123999,-22.090322,657.447653,-142.292930,652.794358,59.969270,-0.002075,1,0
24.633000,-59.992143,202292.099987,179.920942,202508.361010,59.918176,202027.589156,97.702143,652.548538,-22.113495,662.536046,-142.080570,656.293817,59.961473,-0.002329,1,0
24.667000,-59.906693,203236.738365,179.863441,202162.579581,59.951380,203341.621305,98.113413,654.676710,-22.068241,654.058471,-142.131104,652.001776,59.968885,-0.004834,1,0
24.700000,-60.170931,202681.777089,179.997881,203454.658610,59.924695,204413.980233,97.817028,649.374117,-21.995856,654.022842,-141.816536,650.751925,59.968547,0.004157,1,0
24.733000,-60.115377,203222.991299,179.992913,202926.766659,59.924467,202059.579560,97.828158,647.236343,-21.860077,653.237894,-142.181323,657.211624,59.972121,0.010516,1,0
24.767000,-59.876278,203542.085542,179.869690,202798.599551,60.062449,202300.341453,97.914532,650.730060,-22.367133,654.318569,-142.127907,650.690315,59.967699,-0.004282,1,0
24.800000,-60.094677,204089.198393,-179.942689,202949.107187,60.025945,201564.294834,97.675018,651.234924,-21.976486,649.502168,-142.065940,647.338406,59.968824,-0.003289,1,0
24.833000,-60.131386,203234.677527,179.924931,202092.794298,59.963338,202885.207374,97.846298,648.812804,-22.312871,654.631881,-142.177734,655.511227,59.973735,-0.010675,1,0
24.867000,-60.084599,203197.571052,-179.944650,202022.097575,59.961447,201775.228382,97.811468,651.546139,-22.045118,656.383534,-141.911575,652.840522,59.969453,-0.011642,1,0
24.900000,-60.044321,202402.065799,179.871364,203639.775595,59.795023,201800.970769,98.131620,661.855293,-22.039056,647.419288,-142.213661,659.797491,59.971312,0.006882,1,0
24.933000,-60.180385,203602.341198,179.869956,202856.793470,59.792550,203523.935643,97.976552,655.204627,-22.163755,651.502193,-142.244529,655.230022,59.976576,-0.004032,1,0
24.967000,-60.189214,203040.818664,179.823720,202779.260480,59.674776,201652.900813,97.938087,650.733402,-22.063281,652.341489,-142.293452,656.302929,59.968239,-0.000074,1,0
25.000000,-60.194459,202784.019830,179.819862,202704.109624,59.894228,201324.434605,98.050387,651.592955,-22.310382,647.211503,-142.035920,653.449459,59.964584,0.011673,1,0
25.033000,-60.125756,204392.693234,179.905765,203728.426147,59.639346,203097.108768,98.019741,652.666772,-22.053144,660.599356,-142.397335,657.430980,59.959633,-0.006554,1,0
25.067000,-60.114954,204265.516877,179.810565,202668.843058,59.705967,203753.903629,97.797540,653.431987,-22.355331,646.935464,-142.113601,654.916085,59.962070,-0.003429,1,0
25.100000,-60.210430,203488.748069,179.884928,203714.337927,59.856416,202575.094853,97.766060,655.454536,-21.967060,660.701073,-141.961277,652.862081,59.960900,0.000391,1,0
25.133000,-60.014550,200792.839221,179.778788,203176.633171,59.694106,204650.440719,97.554615,649.295247,-22.143644,655.983380,-142.410386,648.739167,59.958645,-0.003405,1,0
25.167000,-60.196342,203753.023109,179.800131,201738.106187,59.825010,201649.089435,97.840944,648.879630,-22.108928,647.742079,-142.323862,653.751992,59.962290,0.001505,1,0
25.200000,-59.942562,203454.513112,179.829759,203411.612216,59.769592,204433.398711,98.333726,652.193062,-22.240482,648.878832,-142.290004,650.230637,59.954433,-0.005644,1,0
25.233000,-60.152478,204096.196353,179.796701,203304.737114,59.752950,203168.339174,97.952673,652.549236,-22.009087,647.489835,-142.760500,649.530356,59.963635,-0.001911,1,0
25.267000,-60.183797,205215.243495,179.647782,204095.338178,59.881862,202713.579063,98.101695,650.607000,-22.118679,652.320767,-142.158171,646.176053,59.957843,0.005117,1,0
25.300000,-60.218894,203566.538227,179.822497,203663.203972,60.011322,202817.017588,97.881084,651.246693,-22.020941,650.011565,-142.104493,645.550257,59.970167,0.003408,1,0
25.333000,-60.127067,203955.136162,179.731675,203834.178806,59.818671,203504.562221,98.080764,649.309555,-22.679470,650.328287,-142.079570,656.484143,59.965430,-0.005687,1,0
25.367000,-60.269135,202572.840381,179.682729,204570.970032,59.761597,204081.531834,97.806226,653.454906,-22.113127,650.537510,-142.134566,651.083515,59.960730,0.010034,1,0
25.400000,-60.195886,202900.800169,179.835366,203780.211141,59.854881,204872.456401,97.883977,647.453431,-22.310565,650.764242,-142.096873,652.924811,59.969980,0.009993,1,0
25.433000,-60.428628,202480.900504,179.775731,203911.814624,59.866763,204249.815260,97.761846,654.163076,-22.427419,650.651585,-142.155006,652.155742,59.971624,0.008755,1,0
25.467000,-60.220884,202775.241332,179.991590,203025.136990,59.943741,204438.664942,97.773006,655.074316,-22.132226,655.361276,-141.949333,651.323922,59.959715,0.005171,1,0
25.500000,-60.101114,204326.451536,-179.961274,203913.248475,59.886408,204309.868257,97.977548,657.934137,-21.710241,659.375083,-141.919597,653.296717,59.975637,-0.007847,1,0
25.533000,-60.230825,203541.106805,179.755529,204040.646145,60.025632,203684.052108,97.811772,659.323602,-22.183091,652.286156,-141.740939,652.748436,59.964170,0.005167,1,0
25.567000,-60.298438,203921.461009,179.834767,202950.873077,59.836994,205114.002140,97.640283,652.651858,-21.774390,654.477578,-142.531554,652.386038,59.973082,0.015135,1,0
25.600000,-60.175689,204524.822332,179.818014,205693.800294,59.724450,205491.416847,97.478526,654.022738,-22.064968,653.427898,-142.543379,650.940516,59.964266,0.003247,1,0
25.633000,-60.173512,204688.870027,179.826428,203592.284935,59.766750,203467.717352,97.812317,658.214695,-22.018601,646.675393,-141.970425,658.180550,59.968883,0.002649,1,0
25.667000,-60.155133,202271.753276,179.785730,204541.136539,59.834412,203254.950481,97.929006,652.233287,-22.473349,652.681444,-142.239127,649.384488,59.966367,0.000850,1,0
25.700000,-60.213368,203635.295519,179.764264,202703.718307,59.663011,203049.331042,97.592027,655.125944,-22.001249,653.975244,-142.551313,652.278029,59.958917,-0.006757,1,0
25.733000,-60.218932,203332.287645,179.967879,203350.446712,59.767922,203504.739932,97.714030,658.790783,-21.734115,658.289067,-142.335165,655.833732,59.959645,-0.000470,1,0
25.767000,-60.253783,203811.464290,179.753323,203449.598835,59.788923,203518.999743,97.817414,653.898252,-22.101177,655.686069,-142.123633,655.228304,59.967604,-0.001238,1,0
25.800000,-60.212651,204006.516411,179.976024,204209.055665,60.046210,202495.275663,97.716524,650.545218,-22.152961,650.816517,-141.769283,650.156794,59.960680,0.000635,1,0
25.833000,-60.142830,204512.575099,179.827718,202888.939636,59.999241,204831.208787,97.906550,653.270618,-22.252018,651.327668,-141.786051,650.587675,59.966109,0.006427,1,0
25.867000,-59.963046,204045.721828,179.930133,204595.507655,59.772944,202268.183023,97.667457,656.727361,-22.541505,655.995722,-142.284794,659.357430,59.962352,-0.011589,1,0
25.900000,-60.093411,202331.985148,179.970904,203139.670377,60.023952,203734.169563,98.050976,659.086910,-21.791129,653.575305,-142.096394,658.490381,59.967276,0.007772,1,0
25.933000,-60.166636,201674.474976,179.956302,204324.147475,59.971760,203549.309113,98.175160,652.369454,-22.067234,656.723803,-142.004271,653.856716,59.971678,-0.000897,1,0
25.967000,-60.213903,203271.469830,179.777621,201807.830565,60.007682,201495.738437,97.226694,659.001760,-21.975468,654.426450,-142.077999,651.709808,59.975455,0.003799,1,0
26.000000,-60.103183,201699.434907,179.974307,203945.375282,59.715017,202983.528218,97.676245,644.860551,-22.003190,648.481414,-142.283748,654.152688,59.969179,-0.002874,1,0
26.033000,-60.112978,202995.932376,179.858002,203176.871087,60.037393,202680.660283,97.601475,658.697304,-21.942732,653.075845,-142.048806,654.676883,59.971579,0.002157,1,0
26.067000,-60.103781,204745.251955,179.868257,203359.347448,60.134780,203388.152368,97.766962,661.274754,-21.861912,655.754043,-141.929448,663.053504,59.982654,0.006097,1,0
26.100000,-60.057566,202049.902976,179.703714,203069.001304,59.877716,202231.651438,97.715474,665.542770,-22.137494,659.176171,-142.321835,654.715045,59.976993,-0.007425,1,0
26.133000,-59.970144,203552.366615,179.862570,203542.726341,59.718432,203867.110495,97.800932,656.128697,-22.165187,660.990282,-142.168353,660.107811,59.977888,0.011050,1,0
26.167000,-60.210740,204380.220544,179.907541,202466.149819,59.926066,202589.431290,97.657873,658.388372,-22.529553,660.615574,-141.857585,652.872953,59.974187,0.014076,1,0
26.200000,-60.181478,203819.959444,179.898420,204453.621494,60.091359,202475.574829,98.116314,658.271019,-22.268815,658.287311,-141.761914,650.648646,59.967827,-0.015619,1,0
26.233000,-59.877547,203313.981767,-179.971847,203184.376630,59.825073,202645.694527,97.893816,653.543957,-21.730843,656.828966,-142.132079,652.154553,59.976265,0.007054,1,0
26.267000,-60.013529,202481.429944,-179.895047,203749.071659,59.869042,204561.661939,97.948120,660.079283,-21.685939,658.298073,-142.208341,658.439301,59.976718,0.000600,1,0
26.300000,-59.981268,204211.846094,179.967997,203607.327760,59.933510,203748.842843,97.974619,662.104392,-22.317662,662.762926,-141.725022,652.665732,59.971573,-0.004605,1,0
26.333000,-60.030493,203710.271478,179.906901,203261.446495,60.154328,203216.198751,97.833099,662.626311,-22.282010,656.138394,-141.631290,652.995884,59.973244,0.010339,1,0
26.367000,-60.321900,203033.072305,179.925914,204004.069342,59.967727,204753.777456,97.687352,661.080105,-22.207633,658.794031,-142.273701,659.629660,59.967908,0.002984,1,0
26.400000,-60.136256,202934.505545,179.953565,202967.261224,60.057698,204229.472119,98.243588,656.563333,-21.983959,661.671421,-142.017727,657.204106,59.968898,-0.005224,1,0
26.433000,-60.154129,204265.135215,179.887853,202561.541331,60.033101,203932.933210,98.010101,655.781331,-22.007012,660.658447,-142.291647,662.051944,59.967021,0.006034,1,0
26.467000,-60.058861,203253.993709,179.931114,204912.320064,59.914544,205559.974785,97.811297,652.958325,-22.256283,663.996958,-142.144379,655.361792,59.972504,-0.003797,1,0
26.500000,-60.165862,203823.355744,179.946662,203341.782894,59.943152,204184.056978,97.604772,657.116932,-22.231921,658.309037,-142.090457,660.540894,59.969077,-0.002038,1,0
26.533000,-60.067234,204132.210911,179.838019,204635.209432,60.127470,204193.865858,97.638290,657.953192,-22.119174,654.584085,-141.971200,663.281475,59.962348,0.011661,1,0
26.567000,-59.923294,204217.219532,179.875131,203857.178589,60.082261,203580.792538,98.143517,655.852257,-22.150303,662.903723,-141.855595,655.803602,59.967644,0.005639,1,0
26.600000,-60.098468,203789.629824,179.883791,205935.250040,59.902667,203215.806207,98.009169,656.487707,-21.811342,656.485329,-141.925136,657.073037,59.962034,0.008589,1,0
26.633000,-59.929741,202972.960947,179.958945,204451.540922,59.807082,202916.538452,98.201051,656.352644,-21.795200,653.192799,-142.157946,652.104492,59.969864,0.007572,1,0
26.667000,-59.964578,203361.921461,179.908098,207077.060419,60.022322,202567.310884,97.943004,659.941985,-22.278519,661.997970,-142.005472,662.938221,59.955839,0.001042,1,0
26.700000,-60.082548,203811.990363,179.924931,204705.569215,59.891885,205204.543448,98.111725,659.406383,-21.798792,651.562224,-142.057193,654.212813,59.959385,-0.002837,1,0
26.733000,-60.036732,203398.526421,179.904496,205639.607039,59.932356,202824.912031,98.041969,653.138566,-22.288781,653.774476,-142.212433,652.055438,59.958917,0.003507,1,0
26.767000,-59.926729,201927.834931,179.944041,202571.478278,59.914591,202490.465385,98.035335,651.376188,-21.842785,659.225566,-142.296932,658.500373,59.966744,0.000510,1,0
26.800000,-60.065734,203366.710608,179.835274,201889.819598,59.990315,204160.207509,97.882399,658.716059,-22.304948,659.418144,-141.624408,667.670690,59.969242,-0.013174,1,0
26.833000,-59.946125,203876.966958,-179.909804,202467.450339,60.139177,203032.903872,98.169461,657.410153,-21.896787,663.656516,-141.634838,656.162199,59.967038,-0.015652,1,0
26.867000,-59.849116,202565.109986,-179.899016,203498.538521,60.037704,203034.298434,98.137268,661.050867,-21.709491,659.855343,-141.683398,659.608388,59.966376,0.005574,1,0
26.900000,-59.855481,202586.813168,-179.962131,202555.368583,60.031443,204160.156760,98.063890,662.973526,-21.575330,658.181440,-141.812571,658.312526,59.963151,0.000591,1,0
26.933000,-60.009284,203150.923085,179.985890,203262.598719,59.852211,204717.441026,97.792168,662.985610,-21.908890,665.078467,-141.663291,661.613647,59.968470,0.005968,1,0
26.967000,-59.824815,203176.266929,-179.976693,202763.947340,60.165907,203193.728103,98.218247,660.001431,-22.296188,666.506608,-141.945702,659.212104,59.965259,-0.004016,1,0
27.000000,-60.129775,203145.714873,-179.986433,203507.858747,60.033752,202461.220499,97.817396,663.195893,-22.218588,665.799764,-141.803427,662.594854,59.967249,0.004624,1,0
27.033000,-59.991232,204289.014037,-179.916470,204392.135095,59.985843,205085.316238,98.077091,672.350552,-21.966687,661.788286,-142.030793,661.011669,59.967847,-0.007634,1,0
27.067000,-60.009721,205262.586479,-179.812086,203840.230048,59.968475,203723.063676,97.975349,668.474678,-22.068362,664.322602,-142.106695,667.572080,59.960403,-0.001237,1,0
27.100000,-60.155374,204411.679666,179.827668,204181.015505,59.984191,203020.755750,97.745606,673.988213,-22.164884,670.187763,-142.013498,668.923520,59.970768,-0.004824,1,0
27.133000,-60.002382,204744.805430,179.865862,203732.438003,60.151754,203240.755236,98.101924,670.327926,-22.206478,667.086615,-141.680034,665.554756,59.962095,-0.008448,1,0
27.167000,-60.153437,205575.546879,-179.945602,203173.698261,60.027525,202666.960103,97.919077,667.000682,-22.008965,674.024805,-141.985815,663.482572,59.957984,-0.000730,1,0
27.200000,-60.074812,202247.382931,179.872060,204310.433822,59.935446,204203.231091,98.094477,672.312825,-21.897568,672.693062,-141.654675,662.322101,59.965087,-0.003031,1,0
27.233000,-59.884850,202984.899799,179.818351,203060.623329,59.881218,203841.657172,98.145533,669.079970,-22.180570,673.611393,-141.884538,673.303614,59.960231,-0.005313,1,0
27.267000,-59.996412,205154.345683,179.772749,203738.297460,59.762662,203980.297080,98.188456,668.258954,-22.176362,672.108167,-142.427967,670.379013,59.966666,-0.002683,1,0
27.300000,-59.838062,204139.497438,179.968097,203635.631659,60.100323,205060.808480,98.337700,662.813769,-22.235292,669.020551,-141.734818,671.619866,59.961792,-0.008711,1,0
27.333000,-60.088644,202668.414945,179.861939,203259.779129,60.079383,202353.754738,97.996352,669.573997,-22.228722,671.819350,-142.135361,676.960473,59.961458,0.008646,1,0
27.367000,-59.939691,203879.351321,179.936850,203673.516597,59.888605,203593.698368,97.953926,667.894062,-22.064733,664.910255,-142.234757,668.187087,59.965100,-0.002383,1,0
27.400000,-60.225934,204062.065466,179.950643,203105.666202,59.864519,203440.112512,97.525594,672.714617,-22.004972,669.658278,-142.001925,674.790297,59.970312,-0.004923,1,0
27.433000,-60.210461,202457.754991,179.675298,204127.763254,60.168290,203376.724907,97.605347,673.008252,-22.205863,676.650346,-141.664746,669.153407,59.963205,-0.002282,1,0
27.467000,-60.139063,203257.255118,-179.991735,202463.902595,60.127452,203539.992456,97.831946,671.183123,-22.112322,675.848664,-142.052183,677.749759,59.957205,-0.000955,1,0
27.500000,-60.102710,205076.685558,179.942785,203508.403179,59.783422,203607.084301,97.849406,679.057174,-22.052656,672.587998,-142.384441,677.885296,59.958961,0.002148,1,0
27.533000,-60.122577,204516.715715,179.759006,204261.474893,59.926038,203126.457352,97.956584,674.712722,-22.154649,672.087798,-142.168121,671.660881,59.964412,-0.000724,1,0
27.567000,-60.074015,204893.240287,179.924152,204903.122624,59.938338,204536.728416,97.909136,671.518545,-22.051013,672.245747,-142.224123,672.629198,59.964752,-0.001822,1,0
27.600000,-59.839333,204681.901902,179.915824,206515.186210,59.773291,203265.414551,97.794275,674.972879,-21.976460,675.046305,-141.942049,674.479198,59.968282,-0.004908,1,0
27.633000,-59.931271,204100.838094,179.772217,203751.638779,59.873803,202597.899223,98.009914,669.856550,-22.495523,667.680469,-142.054275,680.937510,59.964687,0.001795,1,0
27.667000,-60.109573,202993.235321,179.758690,203721.402779,60.021048,203437.287388,97.489741,676.881050,-22.158334,676.759750,-141.876531,681.142335,59.975412,0.007571,1,0
27.700000,-60.283411,205946.227665,179.818891,203735.534102,59.973150,201569.663835,97.511717,676.937617,-22.348263,681.780982,-141.923462,675.177068,59.973958,-0.005041,1,0
27.733000,-60.048411,204487.057621,179.793889,203669.927609,60.001429,202358.232612,97.850650,683.971186,-22.209598,669.816818,-141.958143,679.773718,59.968397,0.002725,1,0
27.767000,-60.057984,202986.981664,179.825162,204395.631355,59.878695,204909.198034,98.351163,674.850552,-21.961729,673.444101,-142.303134,676.056632,59.971139,0.012391,1,0
27.800000,-60.178908,204012.466978,179.859954,203748.984703,59.819063,204945.218011,98.044078,671.402574,-22.346087,672.524569,-142.324667,673.393648,59.967188,-0.011327,1,0
27.833000,-59.987974,203181.798293,-179.989965,204380.250045,59.919562,205007.718686,98.156977,667.543803,-22.217228,680.758953,-142.432070,669.710533,59.975848,-0.006827,1,0
27.867000,-60.013277,203328.548073,179.907753,204348.413351,60.018519,205310.178705,97.926180,681.412010,-22.326365,684.409999,-141.913404,673.016755,59.963113,-0.003335,1,0
27.900000,-60.086962,204582.845011,179.895016,203997.587839,59.860503,204212.877610,97.747045,672.262376,-21.874878,679.105042,-142.001153,680.765837,59.972902,0.003837,1,0
27.933000,-59.953548,202882.183897,-179.915626,203003.307662,60.087312,204432.301023,98.063662,673.997208,-22.112325,674.602904,-142.240113,675.170216,59.971499,0.001025,1,0
27.967000,-60.037529,205239.970288,-179.902234,204278.601142,59.931335,201787.264840,97.447502,677.309145,-22.007172,677.814183,-141.977860,672.224293,59.968385,-0.007075,1,0
28.000000,-60.151066,202575.040131,179.949015,203581.157732,59.974858,204610.078554,97.984221,679.093621,-21.475942,678.636730,-141.996782,670.419381,59.965759,-0.008604,1,0
28.033000,-60.035297,204430.963310,179.957893,202868.528227,60.032945,204348.417109,98.107531,679.002081,-21.549877,679.918558,-142.032208,672.700478,59.965754,0.001941,1,0
28.067000,-60.150204,203935.646018,179.824944,204807.623939,59.826877,203075.624497,97.782921,674.191563,-22.054344,675.107133,-142.238046,671.047407,59.968296,-0.008784,1,0
28.100000,-60.090372,204568.421977,-179.936253,205261.901399,60.065930,204892.088697,97.980192,677.901142,-21.918605,670.062119,-141.921610,677.400756,59.970452,0.002288,1,0
28.133000,-59.843859,203164.307173,179.957881,203008.236349,60.001708,204817.897568,98.093261,671.623043,-22.079776,673.791316,-142.107100,676.114645,59.968039,0.010354,1,0
28.167000,-59.830572,203097.393807,179.932546,204785.596701,59.961895,204232.349166,97.921853,673.225999,-22.260030,676.020839,-141.618192,675.167956,59.969784,0.003812,1,0
28.200000,-60.167581,201705.940569,-179.976338,203165.045991,59.741605,205710.958597,97.923953,679.317888,-22.170370,680.106587,-142.244055,681.247332,59.971532,0.003008,1,0
28.233000,-59.925395,203573.413488,179.837622,204506.987762,60.080030,205163.240655,98.027926,680.888338,-22.315775,677.944922,-142.000101,679.594930,59.969278,0.004958,1,0
28.267000,-60.161908,203819.227012,-179.998577,205763.381393,59.889111,202892.237513,98.023337,680.848255,-22.126451,678.405250,-142.130983,675.899624,59.975754,-0.002129,1,0
28.300000,-60.034087,205788.108526,179.977065,206168.443979,60.064081,204580.989379,97.531826,687.120062,-22.142970,673.969755,-142.099078,678.140801,59.970803,0.005169,1,0
28.333000,-60.119072,204353.268570,179.942977,203432.286203,60.060940,203624.024966,98.082183,669.508968,-22.177545,683.205326,-141.753316,681.860314,59.972838,-0.004033,1,0
28.367000,-60.011334,203850.598417,179.922670,203770.881330,60.003710,204621.218122,98.093467,684.737610,-22.105779,685.711505,-141.801870,683.531114,59.967239,-0.010053,1,0
28.400000,-60.055826,202498.493112,-179.980883,204112.706519,59.963130,203960.219798,97.884295,681.590435,-22.130748,678.127536,-141.540344,679.567818,59.964764,0.004748,1,0
28.433000,-60.007233,204172.387384,179.951938,202144.636773,60.008964,203126.559510,97.950706,689.838923,-21.972164,684.971169,-141.991933,682.537895,59.961089,0.003764,1,0
28.467000,-59.959555,201539.724344,179.871651,202459.193950,59.969466,203331.980991,98.145820,682.856250,-22.325188,687.925311,-141.674640,678.554018,59.964595,-0.010004,1,0
28.500000,-60.081121,202226.165751,179.941831,202483.919752,60.077309,202418.793180,97.977979,681.358410,-22.099226,681.106904,-141.858400,684.332508,59.965078,-0.007703,1,0
28.533000,-60.133928,202999.255492,179.813031,204776.175565,60.015134,202289.745537,97.930509,678.536822,-22.026791,672.681575,-141.918293,676.253656,59.965766,0.015254,1,0
28.567000,-60.065226,204850.986647,179.894435,202792.184719,59.951527,202740.692296,97.927115,680.044495,-22.280438,679.987707,-142.237177,677.294998,59.960744,-0.001371,1,0
28.600000,-59.919093,203578.888767,179.857128,205091.995521,60.037726,202403.777679,98.169062,676.745282,-21.992178,682.366137,-142.084679,672.458296,59.960072,-0.007478,1,0
28.633000,-60.010561,202602.146903,179.894385,204942.685573,59.917947,204192.229408,97.946004,679.498310,-22.293728,676.967287,-142.223599,672.410400,59.966119,-0.003485,1,0
28.667000,-60.075473,202469.638841,179.930863,202526.596523,60.044534,203784.464712,97.969837,678.848819,-22.026223,671.904115,-141.596812,674.594924,59.964290,-0.000693,1,0
28.700000,-60.240956,201966.251553,179.839764,203559.653631,59.919514,203075.213082,97.834789,680.161807,-21.965516,682.322921,-142.251827,678.507908,59.960618,0.001703,1,0
28.733000,-60.279700,203863.321744,179.830150,202618.785741,59.862458,203351.104404,97.604468,675.822780,-22.164129,679.004340,-142.093457,686.124054,59.962012,-0.013292,1,0
28.767000,-60.036741,204253.584424,179.850557,202725.123103,59.999051,202879.412469,97.948646,679.244759,-22.163252,673.391194,-142.144544,683.491162,59.961580,0.000720,1,0
28.800000,-60.188654,202525.445595,179.964217,201955.345803,59.831650,202554.296355,98.003616,667.671980,-21.578229,674.635104,-142.119340,677.469329,59.962971,-0.006333,1,0
28.833000,-60.126805,202637.919226,179.985652,202972.925678,59.840195,203924.277678,98.159085,676.945552,-22.114230,666.564801,-142.014428,677.258526,59.954099,-0.006359,1,0
28.867000,-60.038478,203216.377660,-179.921526,203473.959003,60.027903,204429.720797,97.769303,678.733278,-21.953442,685.986526,-142.076697,678.568759,59.961964,-0.007582,1,0
28.900000,-60.128759,203940.193653,-179.981409,204877.588939,59.851224,205208.758721,97.786681,675.436520,-21.867116,676.308745,-142.205790,671.931758,59.960060,0.000063,1,0
28.933000,-60.166748,203517.647132,179.702964,204432.878145,59.844400,203491.498857,97.740626,675.022602,-22.456596,673.250091,-142.282277,675.366248,59.956308,-0.003405,1,0
28.967000,-59.995415,203933.200434,179.882085,202929.221856,59.691073,202345.585020,97.922935,677.074838,-22.103100,675.840447,-142.242619,675.035859,59.960863,-0.000125,1,0
29.000000,-60.245100,202932.184811,179.870889,203467.853011,59.944619,203931.312706,97.941602,682.117004,-22.469447,676.644978,-141.831490,677.145446,59.965573,0.004242,1,0
29.033000,-60.090820,204422.071740,-179.898474,203396.003968,59.980323,204233.017556,97.957436,680.364681,-21.815629,674.912305,-142.236364,675.103460,59.966130,-0.002546,1,0
29.067000,-60.061870,204546.688970,-179.974473,202140.244698,60.090684,202668.199392,97.833762,677.694925,-22.163263,680.990428,-141.683297,671.792298,59.954959,0.002244,1,0
29.100000,-60.163152,202377.071512,-179.878462,202413.878912,59.727278,203258.264816,98.006762,679.207196,-22.018528,678.879713,-142.155538,682.558530,59.958979,0.004224,1,0
29.133000,-60.028191,202280.254147,179.764297,204297.007361,59.749924,203800.832690,97.919935,675.614389,-22.021608,681.453965,-142.361384,682.929411,59.957628,0.006305,1,0
29.167000,-60.094827,204133.484912,-179.987866,203888.290297,60.146344,204420.870839,98.250406,675.172252,-21.462700,678.774892,-141.609931,677.464226,59.966083,-0.000517,1,0
29.200000,-60.068926,202151.987769,179.966896,203984.437221,59.988828,204174.070536,97.841394,683.449083,-22.166852,679.650686,-141.879122,685.612444,59.960324,0.002413,1,0
29.233000,-60.019845,204518.707706,179.820653,204344.336987,60.126482,203694.793157,97.720408,672.567014,-22.252770,671.995431,-141.686441,679.804734,59.955561,0.006708,1,0
29.267000,-59.980962,204101.984066,-179.912408,202962.092528,59.920948,204430.667146,97.932771,682.197999,-21.963985,683.387495,-142.482864,674.798556,59.960513,-0.000351,1,0
29.300000,-60.169251,203941.454486,-179.937932,201769.606869,60.073883,204641.361028,97.928239,674.749587,-21.812413,677.790345,-142.141913,679.736427,59.947003,0.000569,1,0
29.333000,-59.867553,203507.187330,179.874601,203240.540550,60.025628,202909.089751,98.136413,675.885805,-21.957159,677.769282,-142.136371,674.364801,59.958836,-0.000451,1,0
29.367000,-59.997320,204868.904747,179.987746,204883.036097,59.941817,204274.900159,98.105782,678.685684,-21.822722,683.089805,-142.124917,684.041808,59.955350,-0.004560,1,0
29.400000,-60.030041,203030.622554,179.859145,203011.237384,60.023622,202897.889465,98.059527,678.125635,-22.230179,685.575015,-141.884666,682.695480,59.956793,-0.004803,1,0
29.433000,-59.858990,203133.713993,179.879474,203743.545579,60.006593,204045.260209,98.278066,679.535901,-21.859131,682.972533,-142.181851,681.841286,59.953916,0.005717,1,0
29.467000,-59.958303,204094.896480,-179.973725,203120.708949,60.025574,203197.571976,98.171362,682.302874,-22.211858,677.712299,-141.986097,678.221854,59.958600,-0.007174,1,0
29.500000,-60.014286,203224.435213,-179.994297,203654.246214,60.074528,204165.566244,97.963061,678.241233,-22.082901,671.473189,-141.912452,675.313785,59.956872,0.002107,1,0
29.533000,-59.968172,204730.636009,-179.950626,202209.612995,60.217813,205043.906590,98.061639,676.108573,-22.082659,680.281817,-141.752325,682.872490,59.953806,-0.002281,1,0
29.567000,-59.988211,203084.978218,179.801245,203103.135749,60.052723,203471.823398,97.915839,680.362500,-22.003401,683.163710,-142.340845,685.426922,59.948608,-0.005758,1,0
29.600000,-59.971388,204666.706867,179.855464,205365.526567,59.889091,205072.858073,98.003295,677.138326,-22.091511,682.544236,-141.703889,678.375410,59.952159,-0.001088,1,0
29.633000,-60.058594,204756.373980,-179.873098,203242.801856,60.131129,205100.514697,97.611284,679.817723,-21.801339,670.141294,-141.815974,673.287897,59.947268,-0.006594,1,0
29.667000,-59.992483,203208.970178,-179.967622,205192.159787,60.274366,205655.462747,97.910884,677.492287,-22.323873,678.564229,-141.990776,676.056437,59.951146,0.000028,1,0
29.700000,-60.032620,203730.581668,179.893440,205849.918271,60.029058,204668.560544,98.179960,670.929181,-21.933949,672.302610,-141.770411,678.492285,59.954294,-0.010275,1,0
29.733000,-60.013585,205230.603867,179.952357,203831.099236,59.880632,203156.423762,97.965166,667.902125,-21.754596,675.114998,-142.089011,676.946699,59.957205,-0.006565,1,0
29.767000,-60.031392,204783.026163,-179.953289,202974.481223,59.890664,206714.628920,98.033346,668.906059,-21.824253,675.271720,-142.411205,674.679763,59.953030,0.002726,1,0
29.800000,-60.149016,204320.754006,-179.976331,202612.489904,59.957246,204908.443449,97.937388,672.929290,-21.865082,666.748219,-141.895543,675.181166,59.950597,0.002917,1,0
29.833000,-60.151705,204119.320277,179.940846,202567.814020,59.945030,203590.470313,98.001148,668.084150,-22.071145,672.689727,-142.497542,671.786351,59.957167,-0.011681,1,0
29.867000,-60.019537,203650.788873,-179.977717,203565.502532,59.871544,204751.221767,98.073248,673.961286,-22.027153,671.620785,-142.293023,674.598731,59.952896,0.007217,1,0
29.900000,-60.064165,205225.422062,179.956729,204506.987185,59.954126,201511.260472,98.085620,672.186598,-22.492036,677.288787,-142.301576,674.586493,59.949034,0.002029,1,0
29.933000,-59.981388,202198.605899,179.894243,204285.020418,59.781990,204060.957933,97.948468,670.415082,-22.408170,675.345936,-142.118905,674.115240,59.946989,-0.005177,1,0
29.967000,-59.923986,203588.333195,179.821179,203767.952463,60.191260,204513.550932,97.991766,670.801868,-22.288804,670.233132,-141.871263,678.096141,59.946983,-0.003886,1,0
30.000000,-60.092824,204466.327629,179.933724,204465.311040,60.056337,204300.175512,98.043154,668.019417,-22.116819,671.371712,-141.887030,676.842472,59.950061,-0.001621,1,0
