TIMESTAMP,BUS29_VA_ANG,BUS29_VA_MAG,BUS29_VB_ANG,BUS29_VB_MAG,BUS29_VC_ANG,BUS29_VC_MAG,BUS29_IA_ANG,BUS29_IA_MAG,BUS29_IB_ANG,BUS29_IB_MAG,BUS29_IC_ANG,BUS29_IC_MAG,BUS29_Freq,BUS29_ROCOF,DATA_PRESENT,Event
0.0,-13.781418962151522,208747.5274097022,-10.931943433789474,209410.6198286933,71.83208894920675,208637.58328939165,6.509825853288492,577.2427197148161,-152.4268108004138,576.0446499141713,118.0708091778996,580.5321903840603,59.99699553655681,-0.002410979996768027,1,0
0.0333333333,-6.2113329799459995,209837.82331255343,91.39927392540166,208240.8310566296,-91.9541606986168,207904.65880698938,57.5804992590302,573.1019562266687,-137.42501702615087,574.915164229169,191.4295428935191,574.4649282684302,60.000093691780194,0.0015421008915464704,1,0
0.0666666667,-134.64911879109863,209762.5648431555,83.66613192592985,207767.59784352616,-108.46323595264319,208508.1240543047,123.21532738001562,576.5965645395405,18.684559926330383,571.7094559273039,28.324563078135544,574.3084357400056,60.00003429833238,0.009665203789810397,1,0
0.1,-46.92520694273864,208722.3016699995,-85.5464935436181,208102.53129782973,162.14648761775499,210092.41077785197,6.685154373595925,574.1647138203657,46.64878161738648,574.2086041183907,183.89146739022547,577.2709805412655,59.99969954883068,0.003067808185266331,1,0
0.1333333333,-81.11506172671318,209831.9088582921,276.6583100122381,207544.77960602465,77.86660873715331,206995.2752384443,63.607101448366016,575.2332476508636,88.40108671327103,576.1992180710619,47.506204422581234,576.7452015144828,59.99981343496888,-0.005674235479358396,1,0
0.1666666667,72.85031065661632,207651.19630606618,-64.90193797996578,209019.50154967557,122.43097457879924,207721.77221976954,75.9749726139748,576.3239534313974,116.12307432497998,579.3556980220516,-153.68477863068634,572.3551781100381,59.99906075431592,0.006946826739261149,1,0
0.2,121.17086104648936,208096.33971625133,-212.41209000684378,209275.55987505318,-336.43155895324406,208894.46765549725,-206.38381738970895,579.74106303633,39.02427353341045,574.5157801736461,-30.297541318832838,573.5969580240001,59.99579882564255,-0.0034695563926459496,1,0
0.2333333333,180.89315103920438,207883.4591742519,-84.04279468178287,207318.11085786056,145.70351810804755,207799.48809118118,28.2069664860405,575.7741451956356,-41.78473026480154,571.7315398822706,-8.528466145812173,580.3532861809039,60.00033796084818,-0.006734629700281372,1,0
0.2666666667,10.238222182081962,208331.27710831465,-38.75750339288716,208599.07104488832,141.30979669486916,208450.22758484934,32.22208759043367,574.8795208193957,-49.987239386620814,575.1428178974368,19.370027729422407,576.95836734314,60.00249075941517,-0.009404903750964361,1,0
0.3,-115.7092567264841,207854.15203499448,96.7876459607409,208554.88253943596,103.35103818841706,206714.3427053462,48.255838146343166,574.7124477603764,-127.23665486960684,573.7850845842609,87.6068981861884,575.8031025693078,59.997852962831374,-0.004180157630020442,1,0
0.3333333333,-43.75777921137704,207847.52265529797,-51.93993841734347,209998.11426171477,-61.68989270702588,208556.98971015614,183.88066489438535,576.2286318738526,108.83866452163808,575.3025021138078,-166.01440174691425,571.2673963948222,59.998265872536805,0.008812260436079085,1,0
0.3666666667,47.569101457862,207509.0419124154,103.47800416463859,208358.49933824575,-31.771598366416267,208470.31677134888,-71.62510143000381,574.2058913296494,-29.96905572351281,574.8576260256278,-11.801670541011397,572.7008826298186,59.99925816283434,0.0005814791675843642,1,0
0.4,-79.13466597835514,208944.17088234922,-68.19457301004849,206450.8771255144,90.18408988971599,207527.37985716393,127.52546327890622,576.8480868546109,-11.01598112123953,579.1972224043107,-57.66336327648017,579.6337596970466,59.99504857268659,-0.004995303597379601,1,0
0.4333333333,29.177482128438385,207393.04986870053,92.47243775040128,206790.28288400764,32.912025919320456,208320.07068712686,200.8212561705032,572.105601574331,48.47657019328063,576.9675559894778,-130.458968930709,577.7202716577754,59.99945812628542,-0.00016063840569823746,1,0
0.4666666667,-24.06772314669974,207499.09982067024,23.400843004771247,209519.08689464603,24.49404704458985,205438.27158607543,-12.856365644905098,575.2122064782885,190.82319078041914,578.6723253832856,-64.82557802512463,575.435330265554,59.99862841901208,-0.004051459089138427,1,0
0.5,-21.482096157308796,208769.65068437072,70.42891459333953,209724.47283139694,217.28254880399692,205600.49965059556,12.05544420700105,577.9529840304857,148.17160345643583,574.8599049949343,0.9696656174450426,576.1270240725048,60.00033828808107,0.003881239832346733,1,0
0.5333333333,77.1258132214159,208170.60994804645,49.4846081505632,209657.7642354564,28.183326674157353,210185.41836998882,-25.50616573897201,571.6780895864838,35.566444304288126,576.7497412497826,140.68563420408458,576.5315716317058,59.99670703454662,0.0005780382498573472,1,0
0.5666666667,36.33849561972028,208760.4520307476,63.026086198598996,208985.26160131357,-0.9570981547006467,209331.98570095803,-81.96174279990302,572.3119289073479,152.2553287295659,573.2754197104586,50.017177498303184,573.4981494139633,60.002493011618164,-0.0027546271799605616,1,0
0.6,-17.35657709362627,208353.02546768988,122.81861595111363,208190.1823420744,21.718781725428453,207741.86811930672,-41.31763674814969,573.930308859243,84.01416058602433,572.4085390457811,50.450787752526125,571.9717949082442,60.00004119396703,-0.004129904646068338,1,0
0.6333333333,-16.00795551317316,210480.6343176216,104.72819006510304,207732.31718158242,193.48945086749288,207115.83038549143,8.0564545839382,572.7150109482682,-143.0273072794879,577.036910651068,62.96297899747853,572.8930837641765,60.00000042566642,-0.004623069599285588,1,0
0.6666666667,-161.2635744340586,207292.84291768353,-31.63418592511924,208770.97734969013,37.431652840396964,208056.40278683192,28.676897944917457,575.0447182852822,-64.70178655651895,580.2740203111041,-8.55918092173983,580.1540167283812,59.99675235973229,0.0030699961575097194,1,0
0.7,-45.998309072592534,209356.43448898414,70.96239995666177,208938.52272053587,-0.9317357159149648,210143.9753995686,-105.66260849704139,572.2478463450265,276.6572615119831,575.3173393020018,114.80731475615713,575.787315860022,59.99969391075451,-0.007329233702032126,1,0
0.7333333333,107.89137817849752,208582.93680928426,-63.442977389742964,208406.97798442122,-134.2930036766899,207139.03703139102,-92.36078865074451,580.2591005242883,-94.5782835329428,579.4974968431363,78.52472227939981,570.0646360676506,60.00239536768052,-0.0027983718414727244,1,0
0.7666666667,-40.29849957302634,207866.47990862,37.786116641322,209189.86264113698,-196.05299225789722,208257.90879335997,-75.82908857350262,577.5886084701128,-75.8077967490707,572.6360018429506,91.20003496278308,576.9258600894999,60.00297005322458,-0.002395618141385056,1,0
0.8,-186.50742693310187,207206.85964748365,-119.9547703370227,208356.77834201022,-161.69883766669417,208032.32114016573,-170.80618791520578,574.224168873238,-96.8646534583636,572.754434395653,147.79447828817328,575.0245681263409,60.00025807483119,0.00028686095324401573,1,0
0.8333333333,-171.62730487567836,209432.76025832028,39.16641608125807,208273.38075263606,149.81921055898633,208370.87545667842,-26.02204607532886,574.5389888324679,-18.03379928975462,573.7665666787456,190.9257759028146,576.0043920808167,59.998118585487035,0.003952013587013271,1,0
0.8666666667,-202.0278649453748,209032.18920671727,77.13700522714261,207891.45608709235,-150.69637629969358,207231.2249158389,173.871982298037,574.6691518367003,59.36100887871847,574.5378902554356,17.462041018300862,574.7376237713391,60.001834857832215,-0.0026477210823769933,1,0
0.9,68.02968523926376,209095.35459994385,185.35877938558656,208718.33795719306,-284.7002911140456,208330.8093013008,44.11374094617263,574.0234753260443,-179.45455422513288,577.1495265573943,54.101352173172174,574.2707845918821,59.997300022530496,0.00010289318543169515,1,0
0.9333333333,-4.662281129884045,207944.4285475401,97.58549482554855,208260.5549469573,271.62863597001683,207078.5024436482,-40.85084017096974,575.3744604437695,-77.8202997640607,579.4141754624474,-54.111550814578436,574.9041719733442,59.99680149782192,0.0024664095420649226,1,0
0.9666666667,,,,,,,,,,,,,,,0,5
1.0,,,,,,,,,,,,,,,0,5
1.0333333333,,,,,,,,,,,,,,,0,5
1.0666666667,,,,,,,,,,,,,,,0,5
1.1,,,,,,,,,,,,,,,0,5
1.1333333333,,,,,,,,,,,,,,,0,5
1.1666666667,,,,,,,,,,,,,,,0,5
1.2,,,,,,,,,,,,,,,0,5
1.2333333333,,,,,,,,,,,,,,,0,5
1.2666666667,,,,,,,,,,,,,,,0,5
1.3,,,,,,,,,,,,,,,0,5
1.3333333333,,,,,,,,,,,,,,,0,5
1.3666666667,,,,,,,,,,,,,,,0,5
1.4,,,,,,,,,,,,,,,0,5
1.4333333333,,,,,,,,,,,,,,,0,5
1.4666666667,,,,,,,,,,,,,,,0,5
1.5,,,,,,,,,,,,,,,0,5
1.5333333333,,,,,,,,,,,,,,,0,5
1.5666666667,,,,,,,,,,,,,,,0,5
1.6,,,,,,,,,,,,,,,0,5
1.6333333333,,,,,,,,,,,,,,,0,5
1.6666666667,,,,,,,,,,,,,,,0,5
1.7,,,,,,,,,,,,,,,0,5
1.7333333333,,,,,,,,,,,,,,,0,5
1.7666666667,,,,,,,,,,,,,,,0,5
1.8,,,,,,,,,,,,,,,0,5
1.8333333333,,,,,,,,,,,,,,,0,5
1.8666666667,,,,,,,,,,,,,,,0,5
1.9,,,,,,,,,,,,,,,0,5
1.9333333333,,,,,,,,,,,,,,,0,5
1.9666666667,,,,,,,,,,,,,,,0,5
2.0,,,,,,,,,,,,,,,0,5
2.0333333333,,,,,,,,,,,,,,,0,5
2.0666666667,,,,,,,,,,,,,,,0,5
2.1,,,,,,,,,,,,,,,0,5
2.1333333333,,,,,,,,,,,,,,,0,5
2.1666666667,,,,,,,,,,,,,,,0,5
2.2,,,,,,,,,,,,,,,0,5
2.2333333333,,,,,,,,,,,,,,,0,5
2.2666666667,,,,,,,,,,,,,,,0,5
2.3,,,,,,,,,,,,,,,0,5
2.3333333333,,,,,,,,,,,,,,,0,5
2.3666666667,,,,,,,,,,,,,,,0,5
2.4,,,,,,,,,,,,,,,0,5
2.4333333333,,,,,,,,,,,,,,,0,5
2.4666666667,,,,,,,,,,,,,,,0,5
2.5,,,,,,,,,,,,,,,0,6
2.5333333333,,,,,,,,,,,,,,,0,6
2.5666666667,,,,,,,,,,,,,,,0,6
2.6,,,,,,,,,,,,,,,0,6
2.6333333333,,,,,,,,,,,,,,,0,6
2.6666666667,,,,,,,,,,,,,,,0,6
2.7,,,,,,,,,,,,,,,0,6
2.7333333333,,,,,,,,,,,,,,,0,6
2.7666666667,,,,,,,,,,,,,,,0,6
2.8,,,,,,,,,,,,,,,0,6
2.8333333333,,,,,,,,,,,,,,,0,6
2.8666666667,,,,,,,,,,,,,,,0,6
2.9,,,,,,,,,,,,,,,0,6
2.9333333333,,,,,,,,,,,,,,,0,6
2.9666666667,,,,,,,,,,,,,,,0,6
3.0,,,,,,,,,,,,,,,0,6
3.0333333333,,,,,,,,,,,,,,,0,6
3.0666666667,,,,,,,,,,,,,,,0,6
3.1,,,,,,,,,,,,,,,0,6
3.1333333333,,,,,,,,,,,,,,,0,6
3.1666666667,,,,,,,,,,,,,,,0,6
3.2,,,,,,,,,,,,,,,0,6
3.2333333333,,,,,,,,,,,,,,,0,6
3.2666666667,,,,,,,,,,,,,,,0,6
3.3,,,,,,,,,,,,,,,0,6
3.3333333333,,,,,,,,,,,,,,,0,6
3.3666666667,,,,,,,,,,,,,,,0,6
3.4,,,,,,,,,,,,,,,0,6
3.4333333333,,,,,,,,,,,,,,,0,6
3.4666666667,,,,,,,,,,,,,,,0,6
3.5,,,,,,,,,,,,,,,0,6
3.5333333333,,,,,,,,,,,,,,,0,6
3.5666666667,,,,,,,,,,,,,,,0,6
3.6,,,,,,,,,,,,,,,0,6
3.6333333333,,,,,,,,,,,,,,,0,6
3.6666666667,,,,,,,,,,,,,,,0,6
3.7,,,,,,,,,,,,,,,0,6
3.7333333333,,,,,,,,,,,,,,,0,6
3.7666666667,11.635070181595214,208898.02056603346,-163.93286839279943,209796.8749324576,-225.62290678031312,208164.02246129152,-310.1192435875918,576.5165432536137,-90.31937746964118,578.0176865094778,-44.16610874818005,574.8381832101409,60.07548134857416,0.023946913734916947,1,3
3.8,-51.83136235381239,209975.5138407548,69.11302056433637,208530.6716431888,72.68724886385047,208700.89377739272,-80.37527012808417,576.9280748242844,93.60240737066003,572.2833469609585,35.67188840683144,575.3008186527957,60.079255083621945,0.021887121913712827,1,3
3.8333333333,-209.6914160409704,207873.12654473723,104.15273961719997,210177.83656809866,-68.15151035027709,208367.9080383214,-8.080535508006005,573.7927164564647,-167.38600420496925,572.3401976552229,-114.19927846976425,577.4192219551517,60.07692561930046,0.03165389893483989,1,3
3.8666666667,31.16648909209762,208770.2134089939,-156.8368662971459,209664.92315560192,52.57409773733525,208575.90429530866,-15.160429105039828,576.7637467500051,161.60132432963684,575.8117736311036,160.51657093293966,575.3949665245423,60.08036312278247,0.014754265863157649,1,3
3.9,159.75294853089264,207897.9020856842,81.1733370992902,207845.11021616834,80.4538258573126,207755.69141031592,-45.36516414768221,575.4168665117834,-168.44842599940452,571.0088267721691,102.51207543729186,580.9562908766586,60.077435075223896,0.017964445203904274,1,3
3.9333333333,-181.1357486612602,208375.84158679962,53.33400870531585,208367.5183873468,-178.00173072316736,207882.9394407646,-55.03362916535857,572.5675838309312,97.9866159075998,577.5135056598281,30.749762585909757,574.9838313398265,60.08029995034855,0.022544092463617577,1,3
3.9666666667,-11.434457842653575,208615.60399614932,76.86130626036501,207241.24988164345,49.91863864674413,207586.29157096785,-172.12675780368878,578.1467905873253,266.62254997713876,571.7639266243734,-235.15046257563003,571.9530708725734,60.081252804492806,0.014614779668004625,1,3
4.0,-160.7019476626458,208347.26716788398,-42.27364906226056,209464.63281863506,-61.09409674472445,207589.95591097578,-32.81171805310495,573.6426593831388,-96.8714432241351,574.9640331956788,-69.51727275552746,573.2705785443644,60.084677132934445,0.01249632653594651,1,3
4.0333333333,-196.64471752458948,209461.65305461222,-174.7989709987538,208976.5950867017,-34.116313202718835,208201.2785821278,19.064485677162196,575.3450358804902,-154.6100427409444,579.3188289574445,59.23913452993931,573.4809346164883,60.08560864524077,0.023249936844489772,1,3
4.0666666667,36.606515499500375,208859.48855134583,76.25359272834557,208990.5754592282,-71.80458832101306,210277.38919441268,129.29876228788427,572.5408068108915,5.949316097025049,573.809435770788,-65.57649625824095,577.1041248791219,60.081749684148946,0.012898150261875576,1,3
4.1,-1.4046761210521066,207622.86349886266,12.87487116745427,209424.82861667886,41.77479680798258,209598.09480320342,237.81299044878708,572.8480769731348,102.01267711528084,576.1721038885654,73.29726293333734,572.9485893689991,60.08563331109773,0.012671202684123037,1,3
4.1333333333,28.668581941144396,206956.5974328468,-7.744916775639724,208541.6649898123,127.94072639722552,208181.20055264272,131.51737116804017,574.9715613664453,-74.70470441577712,574.1132566404175,-39.191075289648296,576.6271893409581,60.08521222351107,0.006802762164471168,1,3
4.1666666667,-65.90796954555825,209863.5276749945,-11.047451546942732,209208.8986455019,47.41254524855807,207271.35448599517,-124.14759409255618,574.9497901817707,134.21077725577155,575.6812299710899,25.986125949312626,580.12968014208,60.083440185881194,0.013806138982346353,1,3
4.2,-84.86143900311204,209108.00151577222,132.00121342491568,207792.16102188968,32.340819085620865,207388.66071975502,33.099390199500796,578.9212852494674,237.3192499628675,574.2329939708296,193.35531709099055,571.584485933643,60.084466079744345,0.021079801631986868,1,3
4.2333333333,16.75778921842092,208498.44160004877,-57.126759382225046,208952.7100078199,-106.97115817626788,210063.33826075602,-33.114897295230136,574.8178981632954,72.64520974856207,576.9951031382872,-89.79831654548485,572.5767942086395,60.08856235326712,0.01614700983647048,1,3
4.2666666667,-65.48254815543463,207782.24188824874,-13.320485711032397,209015.85373845368,-199.89747939303402,209239.1306547645,73.70612360245701,572.9596658368916,-83.64584426307121,576.5294532421105,149.01681672716057,574.938111947774,60.08711885946497,0.011021468010763013,1,3
4.3,-37.19786481319763,208691.38321457797,-77.39654339161108,209604.5632006921,-81.1070122910187,209553.30174591677,151.75050277227714,573.9236667828131,-95.2301983208313,572.4361318455454,-67.92731112426557,576.759694663967,60.087415694304326,0.011812634024753276,1,3
4.3333333333,-73.29411613282497,208650.62172144846,2.5046965528514082,208187.62437706298,37.860005058801256,208747.25022858675,-77.53612956060823,573.0275604472349,-83.84974066373942,570.7505790218893,94.59338898474044,575.8623388029973,60.08803545694076,0.0109360665875021,1,3
4.3666666667,-24.575689256449255,209011.92022731053,2.690705463121221,209805.08325718623,80.23809112685954,210088.7038629504,-21.84505859533361,575.3882075575208,-146.35885608398934,578.1961625855021,104.24728500493275,574.785391353916,60.083827916987374,0.008979194119429377,1,3
4.4,13.778300832793656,207824.03845780622,32.247447807554664,208373.65656878456,-199.16622948686827,208336.65940659784,195.57248388882792,574.6310487410442,71.16252528703005,572.6463497713594,18.203490855358126,573.0731342645296,60.08640260288875,0.010718403749528873,1,3
4.4333333333,131.6854742267254,208251.76251445647,0.3112027257571883,208045.84102931636,61.34761795298421,209324.3077633851,118.97683219468274,574.1305742985303,144.61442361670166,576.5125479752049,4.866531791305684,575.3003935107678,60.08571174492285,0.005348672977300707,1,3
4.4666666667,-33.245353218484475,209040.93590581266,38.449253295424576,209700.05805159215,-27.36536235561285,206642.95838987222,-34.31270875108207,573.2120497665228,111.59654122094068,575.3245274506659,-44.1073776321861,573.6753502513086,60.08884102393555,0.0016844481285543857,1,3
4.5,-185.06714564625148,210010.89583712205,36.50050598828016,207231.68601345533,-66.11593486093126,208936.75603170565,-303.56937770815784,577.5485266610342,68.37313304432443,578.9352290315176,153.73235394810575,577.32722380082,60.0906963844727,0.00870735440407401,1,3
4.5333333333,110.53810039455286,208753.16196864378,20.721373804697958,207599.63404638408,-135.8024273529151,208828.2756518885,-236.38541059538272,574.1334402121504,218.5500595711584,575.2497099232478,-59.248064738901164,571.6747807424297,60.08864068609669,0.005280215758246904,1,3
4.5666666667,-118.19928423511497,208709.62795820867,-215.270658791491,210141.97413451612,-53.27163424575299,208710.77256103122,-76.88816853879347,571.8183232232105,-2.8253061940675166,576.1797647238216,-15.615914856018946,575.4549107932985,60.08757356541307,0.007915461480496357,1,3
4.6,170.98211742471474,208802.25910321824,55.56821026658328,208625.8126826348,24.13746628262638,208366.45653910295,69.22370328644149,578.8653912664307,96.00703925069813,577.1025722279592,-68.16419485314552,576.4806801251813,60.09011788396249,0.018905801431751024,1,3
4.6333333333,-0.2656171580945883,209084.50076084057,27.218086362990555,209947.73432622704,30.597964872508054,208726.71472176767,-102.12204416282383,582.2112362422026,-150.0078666937628,575.5486101292064,121.78789013798446,576.6237573894582,60.090785461365265,0.004296220019267993,1,3
4.6666666667,295.6092517038884,208894.81034084543,-229.7927939903258,208375.7174641843,-60.78143218173571,208740.2732322124,-201.90945388541692,575.4433342933786,38.67938554087927,574.8056268781387,-233.795981281579,577.4787850821871,60.09114014453034,0.0011976918922567805,1,3
4.7,-97.7530362773544,209770.7566043308,-97.92382512533754,207058.29470725977,78.52453513623898,208872.70101725784,-215.22439404808782,575.1970027521749,70.25054247444693,576.3616872541241,-113.0501639009645,576.269539290126,60.08789632965907,0.008791040845233439,1,3
4.7333333333,143.35045170634424,207666.86664477683,-59.321564842644506,207911.02027488686,67.51468086738436,209852.00944178746,-15.054573286225262,577.4740346693627,5.366940179176404,574.3138419647557,-0.01787853655140914,574.7058333938571,60.08989785291849,0.010269437356222383,1,3
4.7666666667,-12.075610446870751,208583.3142271578,106.98910055955444,207270.81438477006,103.75306426271787,208063.7183517502,-76.39322043645745,570.9278230482774,32.03323782982529,575.7774347216539,-89.22056458567474,575.7826360605151,60.087663295756215,0.01377010158079238,1,3
4.8,58.20515519387244,207055.7244538715,-130.22678932390767,209155.76829347436,-85.0783758436808,210344.4506099173,28.638551055153393,575.9763829348344,56.81050773750834,580.7337046013615,58.72879964238116,574.5091925551051,60.09093567617808,0.013571516607052955,1,3
4.8333333333,-122.15863853255625,211613.18815988215,281.2922183017887,210138.79308321257,-58.15994352172653,209797.37126875282,117.49364660977092,579.2968124902321,2.44539713414063,572.6720216232088,-94.78442149535793,573.6981936747874,60.090154543343644,0.012207466592869599,1,3
4.8666666667,-148.32978268704574,208975.4181424454,12.527419242228087,207058.20360891358,3.9080075275812574,209619.4685094411,-165.70437503521683,577.1661799258125,156.3072837487562,577.8544577653967,-151.70870718903052,574.9329693761917,60.092416052177384,0.013327351849010786,1,3
4.9,130.61302097400107,209381.24261284087,105.18104075483102,211463.5853950591,70.51221027358145,209396.0331767543,28.121277956396128,576.1450656208341,-23.610402844157743,578.5857462933666,21.430271977740126,572.3490300475349,60.087646696213774,0.00695086598030826,1,3
4.9333333333,139.45533513043898,209365.1366325958,-78.019532160718,210010.66263410874,121.45659886661215,208867.08736902077,-81.55601072971947,576.2885380927557,-133.18177405016056,572.0002435006246,-110.73546850981232,574.9537791934806,60.093079290646266,0.011400569407107607,1,3
4.9666666667,39.006643915309674,209912.67160741065,70.25618953506863,208499.98447648302,-126.17028396521623,208762.66900842232,-25.22145047414815,573.3605877453966,-198.403579039393,572.4000322311215,135.82753715900162,577.8230623442271,60.08908942883034,0.0003266462385974273,1,3
5.0,172.03873392692006,209205.0595652631,-179.32234860241945,209252.36705911835,-104.67401727146198,208409.45227295754,104.315938518909,573.978976724144,-46.73456405574305,572.3113004097837,0.39304975311647716,571.2294079726337,60.09070536614736,0.01045847198355625,1,3
5.0333333333,-5.304511210528237,209679.0876568932,60.53566085644225,208098.36895116593,-8.196917846743688,208954.4848707209,59.08910588132493,576.5249338854937,43.94454299046359,574.7569819612374,219.79527295207586,571.114611006534,60.087999207345575,0.004085975343321765,1,3
5.0666666667,-5.269292914141524,210483.1448157019,-47.1233458178075,207750.53354306536,-18.40355529156273,208278.4985109116,-27.379321546117353,572.751783305614,22.650452201425928,580.7940127605809,32.73865301052771,575.9257721318687,60.09123489032534,0.004302850054826999,1,3
5.1,49.26623343828542,209333.06838883113,102.29021732766336,208958.0663943548,-131.75354539989604,208076.53793815407,139.69787020091636,575.432570239789,45.739519351680684,577.1641667148821,18.29219617437706,574.7510145545988,60.091287911623354,0.0015763784941043228,1,3
5.1333333333,81.19600132387384,208128.9164609588,112.62149499784805,208171.3153341791,-96.703099841551,207840.40851050682,36.34854130166519,572.0364337729766,113.07913156996364,575.6550160473357,-46.382397488263535,577.2186232634944,60.09151768718078,0.0070815876153878,1,3
5.1666666667,265.4164054603461,208285.84824599724,-131.74616541752695,209048.19484643062,-143.44819851683306,208265.42596915757,-20.329453666201196,569.9999775537545,-128.218893070898,569.6741997103048,-112.17505741056101,577.2079677392178,60.093001081207525,0.008617089495292298,1,3
5.2,-82.28555387761874,208316.79075282114,136.5723683660836,208159.79908290258,71.16980738879022,210112.08154875136,-164.29657035823675,572.150886963319,-15.344104552810741,576.07931090395,76.3499248184848,574.9578546877727,60.09291454971727,0.015104185420338197,1,3
5.2333333333,-103.10087169843112,207079.1131452776,-68.66362205863659,208776.40764351113,74.34073869963555,211093.35623587633,51.560110152352735,571.7156329925231,94.03864913232297,576.4467048575142,-9.584779337814494,571.200809423209,60.09109505380094,0.010318884957095879,1,3
5.2666666667,-201.194400200051,208675.3568487379,126.45681505988368,208672.7403304885,-44.780432793149664,209273.16582689853,-69.65595059052036,577.1390976105342,48.18012354959291,572.131059632802,7.895061844379244,575.3506034595611,60.0941914086245,-0.00814057594179985,1,3
5.3,74.38835955313932,209914.0297922788,9.712156026349966,207322.32782286595,-161.77402493235775,208196.24065349053,77.2920557342844,576.886249065094,-73.95501532896756,574.7492772848964,106.56863747959183,572.6674925427744,60.09348238281249,-0.0011851688771753648,1,3
5.3333333333,69.19174865952732,209476.1071244985,75.65953675334177,209501.00044092623,44.87616819133618,208176.34350525655,-27.60259560417512,574.6311372013918,198.51635681376393,575.0253218101312,74.13903209705722,577.3775296231205,60.09250872167998,0.004089090892640366,1,3
5.3666666667,-48.59862319270728,207118.65032087264,65.0818173264096,208460.29074194582,-186.58516360958228,206870.35648108687,-221.71971681187864,572.7758020390734,141.92550229670917,576.4823493349508,-40.93715840973468,577.1423520563518,60.09606375841265,-0.00207843410091428,1,3
5.4,-0.5120804414488729,210541.1214449289,62.24548433273876,206877.70960747942,-115.77512195838965,210813.65694944956,-92.06722829708798,575.4768067017822,122.93135095876545,577.9602365360486,-40.06813148815361,575.5755966640914,60.09091457095115,2.004144096296465e-05,1,3
5.4333333333,-145.2849694046187,209763.45998257707,3.502145967941984,209535.98556425885,-90.3711565562899,208499.15547709735,-62.66569764556817,572.1351875413947,-38.010698802298705,573.7165593302313,298.9151304308143,573.1386579900202,60.090944043707545,0.013330717622330865,1,3
5.4666666667,13.92080351521648,207466.89347259566,44.72062642677875,208069.36649196717,-31.394688772034442,210478.86756294483,-71.69883145181943,578.1800194339055,35.59957599885023,570.5217686079282,219.42991171519571,576.9817504467077,60.09365864826022,0.007234562434502046,1,3
5.5,197.95674181279713,209201.0909487756,-2.0980900187028633,208458.88705182384,-9.28095324146964,210931.81217262798,-178.8023441927492,575.4095684524317,114.68382514983016,572.6633402098342,87.99496804331258,571.104320133038,60.09407301151542,0.00614273786185285,1,3
5.5333333333,96.59867470272067,210071.5293184335,250.28661522984038,209900.69675190214,-11.813654297407084,208283.5500810184,-151.07113079240924,574.7150340356037,-23.668667021401454,571.422848655081,19.782737840139436,575.3756653954829,60.09233257357717,0.007935091418257925,1,3
5.5666666667,-1.42267995741774,208522.99928394007,-66.72470672239339,208340.30639632954,-8.492954247733051,208942.21197875336,191.6169978971733,571.0639999525416,107.78643987249968,573.1969469024027,-187.461960739099,576.0218471739772,60.091822299800064,0.0022953654413476595,1,3
5.6,-169.07128854195494,207774.40970694687,-77.81550559012429,210092.95692823967,-287.59463360382284,209417.7947611138,-118.48354183550266,569.8864293722496,-15.632044005571611,576.2987523177537,-17.692818519395324,576.1935025233411,60.09479301670787,-0.00978035525925855,1,3
5.6333333333,-91.1752296737439,208646.3144046847,131.19178827838277,210577.2506149941,34.27508389372445,209299.76003951716,-3.13027970225051,573.6494273688194,152.3652303467215,573.9739314612953,47.16388823883237,574.4802303710958,60.09396806634182,-0.0036597567567092136,1,3
5.6666666667,-105.35520921871752,207765.14525754107,177.94882356083656,206656.96514613696,-52.44712462357286,208205.7882409361,123.96502050980274,578.0077016220473,112.24103025051397,576.1568753412874,-2.973110266933155,576.4145464564598,60.08992114227597,0.0058282607255626135,1,3
5.7,-119.957320800001,206193.09302632944,135.57303155509462,209289.03379645912,85.70407232894807,207971.7317816822,-62.892623597164096,575.6781008543186,-16.45609924038772,574.970439236662,-140.42591908088784,576.5995251672564,60.09309853641807,-0.004613543498904384,1,3
5.7333333333,-8.02177979064544,209287.34227363692,104.93386629745876,209939.91628124105,-29.50556906073117,209148.56930966253,-4.820338006972505,574.1018497308867,-118.58030219923593,575.1928512147889,218.76606642225082,576.6231690366483,60.09327791861924,-0.00041845563842222424,1,3
5.7666666667,117.55373059016752,208757.4685106631,104.9272753911962,210116.99369411575,-165.53507130412615,207994.6589492423,-18.42197646741443,572.4579579086136,-39.050534813483985,570.329888867972,-25.597774904911898,575.6884477871545,60.09074250870786,0.0039116888474880806,1,3
5.8,-76.84996324418907,210312.85737244342,1.110808562930453,207977.77743763,-45.090381331063156,210304.3565455796,10.47482978154047,576.6303783874558,-86.43449548461456,576.5490022771552,-4.043913003428909,573.6714903093526,60.09272658093143,-0.004871313393178631,1,3
5.8333333333,43.712014775302045,208066.60749480085,-157.02143192190036,210191.79917646816,35.012834400589014,208844.3825025355,-209.19639442186946,575.6588255245128,-9.864805415032276,574.4805129148775,-101.34973349393468,576.9270686863064,60.09578575978508,0.000745619262402265,1,3
5.8666666667,-152.99807450084938,211364.00318686213,-2.4094562883700883,208052.11386684942,42.725387807114785,209538.36790009183,-194.73034987227345,582.6159569015563,8.151366574165078,573.8693022485033,95.4110204360125,578.3570384974886,60.09723443639186,0.0018436924547714272,1,3
5.9,-17.133367813940353,209639.18885141236,138.72245793984663,208805.43049092122,-69.46356372496088,210814.37629828686,-81.87691966317678,572.4642025869176,1.5509417209507395,577.4888940805627,-172.89067169009292,579.2395528883053,60.09092702978225,0.004235680422406531,1,3
5.9333333333,56.93127417898619,208575.40383686102,-19.471207857935525,208439.5422336939,-101.90151906265041,208694.70651000028,-79.88059919402674,572.000831567771,65.84189563550657,572.4221143521529,6.523112934442108,577.7595458758474,60.095389441541386,0.0020766675918685164,1,3
5.9666666667,186.3465341329666,207847.63736834543,-115.8080616902627,207612.55628955452,-236.98964212561714,208103.1062227656,5.08567391598743,571.5488767932062,-49.49574050710338,577.9884577446277,158.0385169287795,577.2383067179871,60.09496522200603,-0.000610088091452654,1,3
6.0,-42.41694378472052,209782.04080240047,-18.70503218036572,207619.0026199416,-45.3615452188713,208777.3559885267,-106.9755145851825,582.1900289739464,-23.262030735691717,572.4792293896595,30.491118903138215,570.7349358147459,60.09032119577451,0.0029164322944279595,1,3
6.0333333333,-47.06797752975758,207465.40033391726,33.275587863957576,209093.1470489028,91.28474242689049,208303.8054600582,65.24351058370823,575.0287822033325,33.67367831897221,575.9720083296723,21.460003344311783,573.0946045256476,60.093206530198096,-0.00951659886065069,1,3
6.0666666667,-98.06570471831066,209973.88378596952,-66.3009768888053,209369.2743345974,13.309982835651581,210166.5506394561,48.15990273945153,575.7644187857787,54.873599607624556,572.4353977167837,229.95007205530422,575.9481926103072,60.09711055890301,0.002020406047383516,1,3
6.1,46.943706328270814,208087.55541899017,72.797108748611,208933.73020237507,142.7115384953545,206892.93419460516,7.470503072389812,578.7806970396852,71.16952610931249,576.7901656048842,-48.31138623226656,581.3576667448533,60.094840602060565,-0.002056681470408576,1,3
6.1333333333,-22.94391597599137,208943.9943972395,107.77406311388725,209827.63808098307,73.34030032224548,209868.69562069682,-0.37201235102919306,576.442264937084,-181.37976903772628,570.8874944174596,28.694339907165922,580.9574135711415,60.096909132954046,0.0016739436304600741,1,3
6.1666666667,74.76412283524614,209612.6221155997,5.191475130681041,209472.91551877375,-34.061870606156674,207345.57421574026,-101.85925985623297,574.3719771934456,-10.495961244115987,569.8760292948866,-34.63065191834758,574.4053498214244,60.0919722036964,0.005204192060651396,1,3
6.2,-49.41869546126012,210167.2996837941,37.454997388643335,208064.30377850408,-117.18651643058648,207821.12142137898,-77.22537030298325,574.21972277793,76.87034876090569,571.1676551759818,28.874944869840398,576.1392232736691,60.0972834152401,0.010605827406337292,1,3
6.2333333333,227.83913529078512,207921.8660206111,-97.56737235270785,206547.14187413178,-158.5544594703486,208997.60630353022,-5.337780389695631,577.8093975140965,-54.48107827108236,575.8826143880459,-12.199498799302859,574.0734427863902,60.096644192369105,-0.003396094181430071,1,3
6.2666666667,100.2602660644029,208079.09973469126,-54.351453997278064,207121.72424149944,63.58224994320187,208366.27557807902,-266.3248795538581,574.4938653883096,62.86446423273204,578.1237920378408,-161.9349184784586,578.1024333829354,60.096980287399106,-0.0006210243677280353,1,3
6.3,-48.417504160831314,207692.2933580072,-129.4235485683107,209302.27096841973,0.7612740660052766,208354.2414980854,140.96224322807728,577.7973236329827,59.01967821730861,574.2323105132616,-9.166574750064015,574.888572184095,60.0974085028807,-0.002603434903126172,1,3
6.3333333333,186.6243095397291,208221.49893249205,27.5792617469955,208951.17439449034,5.371718870629657,209513.08651240094,44.368836334421616,576.1427746473994,-3.986393840108996,575.3449082363137,182.78564874851634,571.6055158939565,60.09415797593895,-0.006624296603672979,1,3
6.3666666667,-44.39917490719311,209626.94344976198,9.077576186759043,207817.53122413758,-47.462211018205124,209152.92000451937,-27.452415130129936,574.9026869534417,-3.309377049873627,574.4112486106424,-41.053734403693156,573.657015507803,60.09225537847375,0.01023334443381561,1,3
6.4,99.16362545358051,207755.15005413955,54.731782880469645,208430.03841286962,70.13757287845405,209278.3260954616,-27.13584229140158,570.4201767917842,101.66648629611511,579.553967795395,152.537348080315,575.2377311605544,60.09477853234193,-0.0029542816586535527,1,3
6.4333333333,-42.476365899874814,208092.74379561841,-72.10188125659813,210655.1285009688,-160.68279532898143,207622.52404889368,116.34869185513564,577.4752954417502,193.77457897697926,575.2389064391239,-63.95001349811007,572.7871450254407,60.097688654958226,0.004676184747347761,1,3
6.4666666667,-165.5475078625143,208418.30557472265,114.74665881276974,208958.68524684833,58.5704453996537,208601.5850427501,84.80216720082676,575.102280066409,-16.58996230049029,571.4897697661758,166.59325727410098,577.1782754072584,60.09315866277603,-0.012437246476938408,1,3
6.5,-2.2813498151224625,207900.78390700242,-38.96894576808315,208783.5421091627,-53.62759823182037,206691.09417551497,48.389955545287044,575.8778530668305,-0.14749587946724196,575.0096845007142,72.52769356518016,572.4426139830396,60.09613833987551,0.012843701715558858,1,3
6.5333333333,-46.61198922126495,208424.84648096992,31.795557208315312,209386.77393213526,-49.261119430483625,208563.04645705564,32.94597227376942,578.2771512365068,-17.504656982635353,579.4894264264849,72.51495200194857,576.0866049820955,60.09460312467125,-0.0036724496838599152,1,3
6.5666666667,-7.481052615430276,208743.03703549042,107.23099518046354,208237.7523604659,-111.05051624061728,207990.21994425484,-8.436310295252436,573.2133019612677,194.46448362853096,574.3869410467876,2.1122348280176486,576.9398534804747,60.09489629302069,-0.0005617259265064229,1,3
6.6,98.73197509455437,209030.0645906423,130.95904823110683,208074.7454879243,-205.46548202651744,209451.1196517533,-25.522850132547475,575.8178861862034,100.91261243311803,576.239277260938,97.5488987018484,575.6489542925725,60.09891213854616,0.004734093065817839,1,3
6.6333333333,33.021915163919346,207441.86657149342,51.67980567312564,207557.3674436932,-126.50648628849092,206373.8628028411,85.270739404259,575.4834954100763,-66.49039833258591,576.1681304578478,153.94993632477065,574.9597051673396,60.09532382341252,-0.0004710914001768566,1,3
6.6666666667,45.95205526069256,207893.2586572164,1.6763508072648161,207213.39979160263,-84.50753311998488,207548.21785844502,-23.21293318224425,575.4218681154381,-79.42647428481429,577.6083625891512,-64.89782653389196,577.738224987992,60.0933691703715,0.006630785448943335,1,3
6.7,-113.69895855238074,209531.8902480281,-35.707874426896424,209260.00839790292,66.03810007768935,209977.69461140828,-118.68130354417342,574.9416501889149,118.67812606510817,575.7371869241745,-70.8408925313827,573.8829176950621,60.091599942748374,-0.0032428738537727364,1,3
6.7333333333,14.092226786307391,208736.49335316446,62.215694954925816,208795.50502965527,-97.56636145687598,207321.9674919788,91.46565868710073,573.33294660117,-82.51407977830578,577.2857990196288,-92.12705342606776,574.4608766681936,60.0995460153284,0.005558143705292165,1,3
6.7666666667,226.91545999530084,208332.4910557954,59.312286265785225,207926.29312738625,-26.957962375122953,209913.43431227384,-75.86415745186419,579.4430103662771,-204.67730261684278,577.1604332316681,40.221582238200725,574.8760682463826,60.09551101761378,-0.0005839703768666345,1,3
6.8,60.20561126158034,207735.2175376155,57.56112191002285,207556.10860580383,-213.6118585025145,206841.8980741923,-50.41523726953997,575.948481405287,140.01648116793314,578.4148001322469,-103.1648765103448,580.8368975224652,60.09232019416898,0.00175663205791606,1,3
6.8333333333,-31.895670841000324,209047.92036750924,3.7497773687905678,207845.60069297004,-41.29768890203969,206828.9779798905,35.45753263721158,574.1944965965415,111.69670943147815,573.3526880906197,-62.16284791883447,576.7001503272443,60.094602205233855,0.0003756572311004909,1,3
6.8666666667,-88.75674194761653,208801.3736153997,139.06574099607838,207355.93384729724,77.98490088915895,209057.83743371512,25.936538050892736,575.0778349258576,-4.431781744045784,576.8997421582895,-125.70661319919894,575.8290655433301,60.096330262952584,0.010679611219017518,1,3
6.9,-210.5876079276723,209053.79249621968,18.071470336708774,208582.96072658442,-105.83439324658377,208889.41439929014,115.87912356441228,576.8682033531072,45.45753554043382,574.73969515453,-35.547164417644254,577.4694804290676,60.09030206775341,0.00278406467151179,1,3
6.9333333333,85.2825173682921,209037.5855293663,-21.083651841073817,207793.38857163166,-88.1584633695604,207835.72023502336,-38.1035422233199,576.9964231868736,-161.11324512930946,577.6191644456055,54.757959659134684,570.4426143188591,60.09333242023086,0.0021385988869543843,1,3
6.9666666667,-179.62479145947734,208586.54509088586,-25.846985978229853,209575.498474391,37.528271425693205,208649.30080181282,29.062131381448047,578.1111266353456,-23.67880362579854,580.3005633738835,65.59278546490967,570.6820204072851,60.09667206399448,0.009815046108401974,1,3
7.0,91.4283177767226,208168.90515546824,191.55904535180971,208132.97852224947,98.57380691198266,206755.95713554285,46.86173131139724,577.0398741774711,119.75886559722572,570.1221867130455,20.394962645770477,576.8772288911478,60.09603599059294,-0.0030972308819035292,1,3
7.0333333333,-70.05419011152446,208963.38463253417,-48.90709328294307,208028.06044212964,34.49693546449633,208425.69240347928,-124.8788975171978,574.1165122910973,29.621194212064996,575.2965231453759,59.482623879986235,575.0716855653916,60.093075366507584,0.0007813062491368643,1,3
7.0666666667,-89.55323025040347,206392.98877567606,-72.53469456094108,209133.3832162947,92.90394780030478,207567.5544411589,44.10700284166351,572.7876485175235,184.08592258098963,570.5268225467455,153.3778693575471,576.5054160233655,60.09416919909347,0.0036074722722902455,1,3
7.1,33.90900141711426,209708.56637516536,-28.27859078085033,207492.7890861568,145.32397860722645,207968.14176245724,-113.16280119802862,579.4224677946057,-265.9219565854301,574.9404483255804,100.20813506889942,578.7118832924635,60.0928305761522,0.00266487459452376,1,3
7.1333333333,-224.21795649515516,210185.4394481441,99.83527480205274,208816.52281494965,-22.521802589263725,208472.81475556694,292.19199940469593,575.1686030193762,-111.50126007858812,575.100584632017,63.68343075626984,574.6918165422433,60.09683683787176,0.0009030136503211027,1,3
7.1666666667,-84.14551879372102,210249.2219221665,25.585533996089072,207937.58561046276,-23.939831315310716,208458.4154348061,86.81703222208903,572.2869820367213,101.2708085017306,571.3399522127426,60.21192854174599,576.5037987960068,60.09886092759232,0.0017168547494898706,1,3
7.2,16.62193490042402,207753.39270010235,9.296764044324101,210333.6541044249,62.79028094693096,208885.3762895557,159.97518709516189,570.5649265572114,-70.16463369628559,574.9946755604274,6.16101825403683,573.7640167016334,60.09575551398697,0.004371148275137817,1,3
7.2333333333,-40.895753817020626,209768.7341587914,12.014091440279458,209257.63616524683,77.3841905217581,209935.0180906723,60.033615897516334,575.1729328937499,114.49396747468421,577.5453576301436,-143.58416253014772,574.5688088058405,60.09615251637862,0.0051686037072432005,1,3
7.2666666667,108.55281850105614,208464.58439087257,117.31455357602358,208530.9516819638,17.005733924943335,209412.5919091215,-183.8601524065823,574.3250876271702,3.0865121785101186,573.1779941895302,-10.25660478142256,579.021556398432,60.092689688746,-0.005605114943760384,1,3
7.3,26.48264502747161,208629.48417814748,-39.60607984649351,209797.48604848233,-83.60448771482888,207962.31251317577,144.52317651643625,576.0242592078185,74.74376673983792,574.4385625227587,6.690935683118746,574.9548596386427,60.094815938927404,-0.0028550428368087537,1,3
7.3333333333,82.76347137571635,210087.0313043904,59.76033575502227,208903.90665536682,-3.6345925938845407,208556.43377696016,16.51524074570103,571.272566774344,85.0189113103033,578.9633377817529,1.4475301496207509,575.7897365092944,60.099153062561335,-0.0017224751418256183,1,3
7.3666666667,-5.449729958122089,208446.3767090122,-4.492593103066189,208111.1086568665,-84.46794252489646,208344.1661932393,12.657980637408256,575.7752563709319,44.67059439336776,577.077089667284,-13.34383126784537,572.4827810295409,60.09337271688132,0.0018807713800157442,1,3
7.4,-4.109041093593206,208208.94357394456,-44.05460225086178,208951.9580041303,13.259391013352523,209992.65344032572,-17.492111818200947,578.1317489422689,16.889035353141093,574.037864020615,-73.0100829984121,575.3918375682373,60.09386522882027,-0.010504189809785068,1,3
7.4333333333,48.869998190343615,209161.40446638537,147.51691637724934,207519.36661064063,-111.09131006367791,209497.4804869695,-21.472859374154964,577.4630443618798,-117.58022542428577,570.6220224613744,-11.534066946631814,575.1151046566016,60.09422940970253,0.0011664017067117378,1,3
7.4666666667,-31.919613942552154,208603.67593501735,-66.52790147636034,208971.01866256096,-31.027534236349553,210051.0200976572,-12.728390582453311,577.6082713554171,-226.77880524949185,576.1926566295398,-110.69452959040171,578.1962683821712,60.09681078027512,0.0017257504961312444,1,3
7.5,-132.01641356275653,208883.62963377705,-72.14902278812075,209483.1082548481,-61.499481671217566,208910.2793915326,0.732862981909177,573.8419399829417,31.85621139807806,576.8270047567656,214.9844232600651,574.82514443445,60.095577038129456,-0.002059705737739378,1,3
7.5333333333,221.48113683018676,207789.32371413946,98.08789754633871,208346.86976982755,-56.864921810730856,210475.76763421556,155.66272437921037,576.4109438458414,-53.623559939766515,574.5406223934142,58.47467276133952,575.1982681095709,60.09616493191803,-0.00914271745340366,1,3
7.5666666667,140.20716392480972,207907.91022710723,95.89864304703646,209427.1659911418,-144.7468559496261,207418.62189002972,-31.11680167026943,573.2843665863803,130.8037358287127,571.3483413208914,-43.46665792523174,577.0907345637698,60.0986819444025,-0.00016397287976141522,1,3
7.6,152.65147933849607,208642.60256505842,75.24957312909393,207338.0662971207,-47.73857980128759,209412.43083489363,13.378433294753838,572.0643975614408,-39.75719307059634,575.7383147320294,-77.41141305873967,576.238966387329,60.09511552946274,-0.011957696953836652,1,3
7.6333333333,172.15710119232122,208245.24851562467,-112.22126165695147,207991.6800031955,140.01083139814324,208486.6284131479,59.6013632958059,573.5536471424316,-88.35535071807449,581.7666593464237,165.78378071485318,574.6920140668734,60.09421184297384,-0.007262959872124222,1,3
7.6666666667,29.183353047263644,207098.62316253348,24.339627074345643,208493.08696810188,20.614445796324997,208775.57964644223,2.7340151228298613,570.9103841143153,81.26868442940652,572.5940178383842,-52.136024565606974,579.8521729719812,60.09275621879888,-0.0009352009116145271,1,3
7.7,-68.18368760478528,208943.7599188001,42.17536384063234,208010.58977312138,-179.4139634921584,207546.65850227748,-63.83347509951395,573.6979720808636,-56.32866384296857,574.5277470914854,5.292070336578625,578.4763697005627,60.097274186098524,0.0016150829935279564,1,3
7.7333333333,-59.551945547689876,206623.38625331782,-235.5990516222186,208575.49715581778,59.30962133630429,206302.18439293146,-100.83775972276082,570.0247821549198,-110.35746240337046,575.2343988889444,65.40406578022315,574.9308894857626,60.10003742544254,0.000938468180452089,1,3
7.7666666667,-7.586318745341353,208540.62160641665,-5.668038508770743,207665.05807233157,38.90953284215792,208252.0444861249,-122.55882139595367,576.4363144423259,-146.17567773256303,576.6705073101773,-9.518273443630614,579.4527644768037,60.09354025161432,0.002431902272833967,1,3
7.8,-63.866117699854094,209550.16795188576,52.41015822339541,207313.5341353507,-141.4209601240457,208283.5522480361,-105.95299903087005,575.6325730857144,-18.909678747117862,579.2649384341213,95.09319865847581,575.01184403606,60.096551725011544,0.0025271312461077828,1,3
7.8333333333,30.065294113082057,211549.4150643585,-107.12499937993633,209980.85936258896,63.599945887855796,207302.0937527333,-134.678939873453,576.6676958985578,137.769792097505,573.2672860676977,156.69732381326014,572.6173686922724,60.09333546423951,-0.0025372551466709653,1,3
7.8666666667,-87.34788087353672,208213.28584820946,-27.5916388771723,208968.99768942135,-160.21224830064023,208611.00445536146,-116.86697191985584,579.0756398561574,125.63025733510331,571.10653415609,32.479116356662324,573.3238909836323,60.094648407486886,0.004670682591206605,1,3
7.9,115.47495255558215,210735.7012035409,46.59820042135113,208385.7607179849,-37.294728787582216,207519.25133705008,-25.614451363848318,574.5078249168436,22.67011158691277,576.920721822133,-132.42746945226534,575.3931865031368,60.09873464224423,-0.0001517697117139895,1,3
7.9333333333,95.31375885644646,209322.1269267838,44.946785364294655,208810.88341324462,126.00006449561803,207642.63687224596,253.58232625407135,573.246945232967,70.28962337450282,573.4506314185329,2.4089114655566424,575.2533670617182,60.098338525172586,0.0032606079615820046,1,3
7.9666666667,-62.43891685376235,207146.3255516906,-73.39159453892307,208785.07907514184,12.708543731332135,208345.00436459266,-135.17798042398655,574.9374291322634,90.2549564983587,574.4100590847972,-28.72632332545889,572.7447437563299,60.09557289776108,-0.004105749416125553,1,3
