TIMESTAMP,BUS39_VA_ANG,BUS39_VA_MAG,BUS39_VB_ANG,BUS39_VB_MAG,BUS39_VC_ANG,BUS39_VC_MAG,BUS39_IA_ANG,BUS39_IA_MAG,BUS39_IB_ANG,BUS39_IB_MAG,BUS39_IC_ANG,BUS39_IC_MAG,BUS39_Freq,BUS39_ROCOF,DATA_PRESENT,Event
0.0,72.22611299034027,204400.0343540438,-32.076271407083894,204364.78132231726,-43.285579797185704,204140.22018428872,5.9169108563725565,250.72540789512755,134.52586657059766,244.16861018567735,53.51590753346727,245.43657981706633,59.996588254183926,-0.0027176146798408908,1,0
0.0333333333,-30.543855642405525,204503.2770111844,155.7159378723604,204045.88465432648,120.69570257597151,206344.34380513921,79.12464855486411,248.8128573901498,46.535913870342476,249.16727796561207,35.94198949059697,247.15728092611002,60.00021237555082,-0.00849351837386041,1,0
0.0666666667,43.21112924512334,204396.36699573934,-158.45684361356456,205101.28394600295,-83.3677770700174,205358.69691802125,124.01950501089061,247.19796848080742,80.45523902894324,246.86635686468952,207.334312405754,244.58915961691537,60.00114508369293,0.0007499394812631271,1,0
0.1,103.85379352138386,205642.03437238716,49.14961578105286,204362.0393135464,-12.40780696635318,204071.3731848852,-34.44583330405984,250.92144442063181,-22.59521946244465,252.70710513252544,-5.912826759135688,246.04081913576383,60.00079858075239,0.0034716369952609016,1,0
0.1333333333,3.1349390123020324,204668.69382395642,-1.9178533838926812,204690.77971954684,-235.96820240717702,205872.30414633924,-16.19140229468276,245.83908111217312,4.836244633225638,247.69446097747246,131.16858725441818,245.1172691162627,60.00318386133297,1.4979260852169062e-05,1,0
0.1666666667,-122.50460641357733,204727.90125357755,172.71501569113596,204100.66286367326,-18.093978174225633,206046.09385340606,-16.27747113226981,237.9073595468991,24.489554447449013,245.0504485416573,103.21445116122074,246.60505619199745,60.003516268121864,0.003486567606842696,1,0
0.2,-4.633383427658484,204591.65368772327,-56.516121742182975,204901.19825024906,-96.2253339937471,204168.42304175644,-80.84730152334274,246.3212190988771,5.753583378583294,247.7230101708297,-15.928834907644843,242.4151679139072,60.00451659488013,-0.0036516120023545214,1,0
0.2333333333,-82.30018470641004,203429.81469377983,-42.00388193752999,204073.091751371,36.89242707301126,204797.2781041067,-163.77745109163857,239.55842248611486,-78.05603322611594,245.84678754017682,210.02192858206456,246.9954520937044,59.99901805462934,-0.0033894381159246412,1,0
0.2666666667,-95.59131545679391,203668.8421107082,191.5686225379877,204186.60416014623,161.4849948716514,206360.54631768158,75.95296949899709,246.77210590335054,36.419461348280805,247.73022512496925,59.01922582767944,244.81916808366134,60.00264462537934,-0.0072796957783098065,1,0
0.3,60.988558421251355,203683.7317767856,-6.349592533063893,205303.21940330177,-88.0757538593792,204004.97977616594,132.60345785687028,249.13362226196494,-134.78329258633195,246.11468962410058,-94.21722532667796,247.19097786291823,59.99814372181975,-0.0035287813649491997,1,0
0.3333333333,40.9557207880673,204339.132845862,-33.62757309364006,203851.6684480348,-214.72411273153492,204339.27249961076,-275.72112533835906,249.5378418812334,161.20155855252676,247.52159723206833,101.66932172713479,247.39366343471355,60.001526297810734,0.0067599046182970635,1,0
0.3666666667,-70.54310147779755,204278.74706865853,133.11338583164274,204921.78839314505,-51.06234026537936,203410.99470473782,67.89431876274307,247.98729240629737,-123.36803934244402,247.15104370043903,45.73357790027349,243.9742076272247,60.00137794177882,-0.0006338294650967383,1,0
0.4,83.78620543370397,203715.6392496836,-107.7419797713622,206053.82332240793,37.31817125862981,206360.95203200247,-96.05924948026673,237.04886599135463,224.20609169174367,247.80428117678693,-191.09334705366425,245.29749746977978,60.00406247986562,-0.000687564628693521,1,0
0.4333333333,115.67554849580867,204856.30662341753,-114.42237050407438,203739.33623660146,-11.607859750312537,204033.02190421926,-31.971257049328734,245.99398787532297,44.517712375133925,245.31599844637276,25.355142363616224,247.6342768574909,60.003196930619296,0.00930820412907346,1,0
0.4666666667,87.33535817059585,204022.6311187427,4.564092341532791,202167.28564806964,103.52710983332798,204164.95121749834,-62.53166683402374,248.05913579549295,-33.029746035748076,248.81906966713612,-42.112111524854775,245.18436879258013,60.001257049469615,0.0038075178644808197,1,0
0.5,-218.28404448614546,205021.24884742405,-63.08007962417685,205269.4951446588,-293.6740878544675,203564.91345975728,-21.23328760454016,241.5189254252821,-64.17215051591515,247.71719523690592,7.649855550636295,246.3520785086698,60.00015486829601,0.0001941961509624468,1,0
0.5333333333,138.28542377022964,204360.9573147352,-47.589101413395106,203697.21527145544,-77.36392507170365,205498.6649764527,61.16157643807434,252.99392573987072,-56.174243260342266,248.3369339463788,-5.170547268068689,246.8201402612337,59.99733802419942,0.0018778751294172113,1,0
0.5666666667,29.28820774748636,204341.1024937553,181.7702949276558,203911.70831806766,-91.49627557385294,205541.3811074827,-33.82864068310572,251.73012985595292,-10.739777833076932,246.36897076905976,155.6855288119838,248.46249415160355,59.99722541444503,0.004500331276894057,1,0
0.6,-71.5258058120331,205638.27330170144,21.435782955484,204988.83592971633,-9.869569463802135,204420.738734886,121.17690465061077,246.7097216201797,88.02435940277256,246.13321500010161,-57.52574645161691,247.975783246865,60.00041426476619,-0.002904324334146425,1,0
0.6333333333,4.997688068044639,204856.84111913227,197.66299085156297,204713.21641968424,-52.343364907276666,204800.24603006072,-0.6439126547052876,248.14115405063856,-31.801160091446384,244.57264420812865,-145.94867424371847,246.21418578126307,59.999331329650595,-0.002640666053797813,1,0
0.6666666667,59.490902077059836,204295.12554647026,126.62359888871453,203922.85529528305,182.2239575217541,204636.71222439167,-63.164550362701846,241.96747225057257,169.68565978984896,247.12834323938026,-231.81101712566257,246.28919670803478,60.002921674925155,0.005260013431912244,1,0
0.7,63.19671996156121,202617.3282472029,-197.22414161223108,204129.53290064773,-104.98214422781547,204850.19790741,-45.45168680903278,250.47617798321195,-80.21285427931697,247.96621016861388,122.68349140108711,248.3119180088606,59.997894542569504,0.015201133616802648,1,0
0.7333333333,112.19321499503012,206277.88597715244,-10.728195865448749,203766.28426974037,-63.523895249440976,203477.1778883017,105.35073780203027,244.23921566047562,42.83132567977367,244.7600109698342,-50.541490880155244,246.44003130205456,59.997525115350655,-0.0030671157329296827,1,0
0.7666666667,7.4180772479415555,204242.64794543103,64.88636780401474,205087.21431434457,-117.59243738007665,202580.524143832,-58.35605704907545,238.56621456618026,68.07315929015701,247.08289042600362,83.79744647997589,245.35967681954835,59.99967601762884,0.0033124956738643956,1,0
0.8,109.38317351170664,203828.99707023668,13.291207222976679,202025.62783312166,65.21198328340665,204424.00356967901,64.67683822557622,233.8468285598344,10.301452265060412,245.64732202383,-180.81105139023072,246.22689808826644,60.00475887742499,-0.007254120151506347,1,0
0.8333333333,-241.17365523822943,204292.58330204547,-26.330476935127884,204326.57274550383,-29.48898815497584,204108.33081181132,102.51381911002503,242.53062157934875,54.30433874873354,245.0840224587401,-173.8069853304235,246.4736049055754,60.001956851791604,-0.0012981464909315088,1,0
0.8666666667,31.29207783105602,204423.77194313752,83.71474250183789,205474.68684739745,-33.34062224367773,205663.076397859,135.197350967967,241.68956572271145,102.83238599721592,246.87569379820798,126.02476114639026,245.57916387917348,60.00099507485485,0.007902795243560402,1,0
0.9,149.30097977645434,204021.15634138678,-7.41178770559668,204882.05366630168,-58.20752599822885,205522.1064151595,270.6165457236421,248.28199741862002,-80.50306082211927,245.93946408734894,-5.260374427506959,245.07843477663496,60.000264361913466,0.005988433798671199,1,0
0.9333333333,-14.828589029773612,203709.56466134952,-60.72859693420041,203723.8008287183,-283.40361473829165,206254.01724295478,110.45077446935349,245.2523930594365,-18.12304779442517,247.00221921281667,-198.9505537709923,248.76646942221328,59.99987037149584,-0.004081962174211201,1,0
0.9666666667,-50.87862073840908,204525.8514694457,37.29890664231392,203711.98269657654,170.7439497244337,205764.2694526759,12.326045622555457,246.03626649478548,-22.753308611307055,246.6235197205538,-7.411875561620836,244.2658716278133,60.000258878484054,0.0049248263789780965,1,0
1.0,-5.240618254603903,203889.992461605,46.36087483174636,203633.6558256267,-62.53424448318738,203963.56135894376,-54.188937795555965,236.58970402254857,-39.34139880147654,247.6087595170738,39.04087181722088,246.32156631345885,60.00326497804621,0.003315760318944352,1,0
1.0333333333,41.486034256153886,205867.12891948293,17.921134682715063,204403.35935474254,-42.20505130916596,204185.44514793673,-35.65786668861173,245.15816120309583,-92.93057398141266,247.15864949087037,52.211625079695295,244.95336917179543,60.003969042757454,-0.013595966099035602,1,0
1.0666666667,-2.5830990309484028,204840.29865563233,-15.399867601272987,204277.3778811335,-88.53897114542764,203242.93073311384,144.66707610925656,256.2861841821995,-24.498235023907117,244.90481794685573,-131.5971326927363,248.55795464529487,59.998686377906076,0.008168336058325223,1,0
1.1,-144.0982394584578,202786.23189440914,61.00786330990663,204445.48260950032,44.89240108211862,204016.86375490265,-98.23178451206817,245.52577354978214,-113.17889242243878,246.8726486079535,130.86961171691357,245.01054298913314,59.99859194903477,-0.0008931753514347475,1,0
1.1333333333,-61.57448509202727,205747.09392278854,-88.9943155624013,203961.93674720798,-95.41636734753394,203366.76092495266,-9.395133787457748,241.84415270609966,-74.45232993205452,248.0721280300926,3.166795988940397,246.7015219175253,59.997524163818156,0.01109184034688983,1,0
1.1666666667,215.19872204126065,205364.3477984386,134.28432556519397,204853.16146616443,18.599976511847768,203717.40111250436,120.16104783603461,246.22711985182985,-14.930068027369941,248.52017752448455,-29.852063394128212,244.37894939520808,59.9994606461123,-0.003394238525434396,1,0
1.2,-80.18037709350577,205414.7076833628,36.67743469467619,203234.5988951616,-218.09766708362585,204610.18422873234,32.201928066113794,241.1152654894986,41.01683483204938,249.27633521664964,80.1137662061753,247.7610600670266,60.00028997957331,-0.0029558030242616724,1,0
1.2333333333,-113.57037059302537,204466.0429176368,-29.331081060224527,204975.9568748895,1.829385258081745,204165.26348631608,63.83975537188603,246.33353170396717,125.42727066321306,247.35336144212872,-22.719791998104654,245.23081508577468,60.00104700496751,0.0012203931675083182,1,0
1.2666666667,-49.40315681429724,205080.10315328962,26.756111089948377,204528.38179586892,-129.40979784618543,204051.30819016704,20.03609049631857,248.02608186312878,82.65153190588683,246.46441708692052,183.03824800261668,245.35489333976568,59.99968073037455,-0.006244332425935674,1,0
1.3,8.619120669057104,204350.39636955195,-61.01917444018454,204200.82945144805,97.89498965543648,204809.31693048403,166.1225503275857,249.83254790735361,71.53291223711099,246.51597282777348,-106.93476960769944,243.73745252422805,60.00020332797561,-0.0031476040060180984,1,0
1.3333333333,-8.155531693559727,204350.29044696715,103.30990515062149,205431.47220027336,-124.8016789280112,205078.80423205157,-45.99306254839654,249.42644906273736,62.95359413879376,248.24598214255923,89.67824928776095,245.76000807482583,60.00102593922344,0.009310696563015348,1,0
1.3666666667,-85.16238095796636,204106.04307213755,-30.56170005566111,202627.2376730269,-79.64276127749496,203870.20000295353,-118.69908940299688,246.9086311887131,175.10039853221534,246.77070428423923,-97.90343267711603,245.98720617412403,59.998544649594244,0.0005793574266734204,1,0
1.4,-143.65955825884691,204072.02722763008,-40.43966889619015,206551.06281085804,-30.305941392521017,203986.59424764468,146.673843365318,239.07946435504638,178.9821124673878,247.30542424728898,-8.331322424168274,248.55024838081124,60.00050655231497,-0.003435553440208594,1,0
1.4333333333,172.1516681778332,203831.33625744237,-129.14322915673216,203237.47242402818,95.26839278490732,203772.5120651582,57.995427578741385,241.84586539462342,148.17393605206337,248.6048860656855,-76.04394033172811,244.19574458283918,60.000296222569816,0.0015927372138219312,1,0
1.4666666667,-37.15000862607025,203242.6044107009,-46.907237730334856,203904.30071916032,2.21410352071919,205453.30823037797,185.51991919177567,236.1425359219464,-55.84802276936031,245.2015269428468,-124.85366698960435,247.9076697952463,59.999322947189825,0.011506525356904735,1,0
1.5,231.75800840059017,206157.89927150152,106.03338765796077,203319.7228014538,14.862858851672078,205447.0284250035,-126.94232567588372,248.5870224008992,67.43350319989784,247.1370230782066,108.23094654219558,246.446903568289,60.00341588719477,-0.001258128241658674,1,0
1.5333333333,23.852730967702144,206097.0596572202,-79.75149725006358,203792.56986930798,-153.99887240106898,203932.26857191735,130.25679807763174,243.43466732622113,122.41121129390991,249.17629985279808,156.21864658163932,248.66125483542638,59.99719180649514,0.010853598962921552,1,0
1.5666666667,-29.550065316583044,204529.66100074968,74.84842991053644,205125.39952710897,-228.79890909198335,204203.36102425697,19.454726136764315,244.459590153663,2.2025105563292797,245.9330584701782,72.11726193644567,246.23915841937264,59.99825049456385,0.006040287191180616,1,0
1.6,-14.01832207012714,204660.57484699937,-126.96772157427593,202865.9119099972,-21.335856990724885,205672.77721254877,-100.44180306343516,251.8554129203876,25.963865919941284,245.77542760498025,-186.9929116810678,248.63017341682945,59.99948546126794,-0.007329214952201122,1,0
1.6333333333,43.72126543420178,203789.17971238316,22.900633196444634,203969.15698939265,-18.522254294830695,204476.20265317013,-76.55296569437665,253.57733849651441,205.4933934400447,247.81355544313055,-19.368302626386743,245.38553296728472,59.99936733758871,-0.005136541052035996,1,0
1.6666666667,-89.02464352065246,205161.43946813606,-185.41359305347686,203316.57538414345,-10.193530869353538,205170.40038586195,-92.13017017961495,252.80873168368058,38.07127718126959,244.17996664509533,-76.03028848522607,246.32183674543217,60.00008451306762,-0.0025365564359383307,1,0
1.7,-15.242519487360008,205840.81282573327,117.40247269992173,204927.28798292266,15.825554656740302,203761.5820294368,87.57293994049104,241.7830703883529,-58.11603049026412,249.483611813481,59.06592719802569,244.3158497194466,60.00019965512507,0.012708430329575186,1,0
1.7333333333,-37.08385472329819,205522.65176443398,71.97984217656565,204297.64034404783,79.37122639115908,205029.2340674005,98.9739948512482,245.47800401041098,76.03556311265653,245.1343687788649,100.32980832370966,246.68430228067783,59.99748438099277,-0.003945932110171226,1,0
1.7666666667,118.09266993395823,204522.57729542907,-20.836132507603807,203445.429970542,-69.7139132987967,204388.65934794757,150.54627214443508,249.1343177867145,-111.2210393858735,246.87498687707125,-21.52285535800988,248.42191861321842,60.00064013716094,0.001904874203222938,1,0
1.8,150.82151503372089,206242.0090774147,56.3258640378347,202814.480529467,-53.45197500679013,204585.93740667793,-4.5302521636257636,254.98482777847968,-162.521298868563,245.29787078814925,65.0494493645151,247.48246242866605,60.00035357069174,0.003512237786849981,1,0
1.8333333333,171.1705446109115,204807.42655445542,-38.901417597331246,204495.16819500842,-123.640224695621,206161.55010583438,-154.9762285488962,247.07066414156532,87.14560058495358,248.87424631457603,170.42921851503766,246.05197522390213,59.99779401438057,-0.0032167771892848258,1,0
1.8666666667,-36.018222774834975,203909.07524506515,9.338495285240898,203272.59009456786,160.70721005478856,204565.12510994842,155.7499704722635,244.5389862927979,-4.0861227609059645,245.51025219702018,-182.3829382254348,248.56735502101844,60.00046680135057,0.00036568051054068477,1,0
1.9,22.492171183374403,204777.91062585393,32.21531844220969,204476.87874354768,61.69703325288114,205680.26802014856,-184.3430441281679,244.90117482520319,166.2656946283007,249.1586293866755,10.932261465607503,246.0565151314075,60.001349074686274,-0.0024403956307518966,1,0
1.9333333333,51.71883173820338,203230.7735176193,-215.05631259466455,203250.95427369283,116.31294500513204,203882.50428038486,-87.30331190439938,244.46408702545207,27.51186784380835,245.60229329156508,-74.33043371216833,246.12542002407727,60.000518957639116,-0.013581921411521345,1,0
1.9666666667,44.194463774338935,205838.41975104884,-31.23593856037269,205507.10248903648,-234.8935939349566,203118.37348584877,-54.659962321476975,245.7347048401033,-36.28914274788618,246.2947104299369,-134.66604853016335,247.59712714139116,60.00001426651941,-0.0010907018681567003,1,0
2.0,-189.17610780575248,205248.32020259585,-16.480312757140954,206167.49753803652,-31.530392567182158,205276.98283477663,148.01887464963485,245.39866143384145,18.715783042995586,245.39119230480918,143.407996247467,244.34843049166238,59.99947164307324,-0.004162894091763901,1,0
2.0333333333,151.57285885657024,204653.20959476067,-225.84731619431687,205666.92588337098,219.12141365686415,205315.36318513227,-32.215442195240676,245.1626239969435,30.955700955395997,246.64182374819427,25.7532211096116,244.47010474304471,60.00224417784029,0.0011614645388423517,1,0
2.0666666667,190.47518294806758,203869.58032188547,106.27105752189681,203372.97829854695,-58.1608746711153,204238.78864162992,79.35559183890251,242.4915805444518,-99.70580056414998,245.7881674649725,-134.18364194899218,248.15322196830456,59.99797683861045,0.011798057503881257,1,0
2.1,24.063419252381593,204383.0571820112,-2.077861482258632,204866.43806527116,15.847443755278828,204704.84733521423,112.33734649306848,242.4631177683791,43.52252775234085,249.7775555352872,42.33854020706794,245.52893986264766,60.001737752532385,-0.0019436980098760084,1,0
2.1333333333,91.48238023499063,205482.23345054573,0.8989720661084097,205806.38989509453,-188.54070935449323,204668.49403961372,-0.5280882836842684,243.15817062502376,-39.83777183692588,246.11823202572052,-6.8356093376892595,249.03162015190148,60.00343010806867,-0.004134988650282065,1,0
2.1666666667,-126.68411393332683,203202.91500019567,121.90867034337646,203523.30189323498,15.33986012925358,205828.4829408259,-86.52396153740115,243.0799216556015,9.349360930060634,247.78827790134127,-24.24326633858378,246.92106603695362,60.00389851854879,-0.00443910319359661,1,0
2.2,118.14973043012535,204896.91002177677,1.0750560742836268,203706.3955244783,-87.15179066499964,203212.04843674888,96.6793910098308,242.29437614202982,98.01949808666281,245.9029978418243,16.75747649778238,246.30167513851126,59.99752395786212,0.008316144652896844,1,0
2.2333333333,-206.62447059813016,205028.73986518636,144.7845113290369,204808.8435993486,33.24078119351705,206987.8006152414,219.24037830869108,237.20659677133222,2.7053777826367327,246.4414330858466,142.17889610857728,244.92507455984355,59.997194720916205,-0.000994403990456477,1,0
2.2666666667,107.91950108270436,203814.6971791018,126.05438510305643,202091.8013715514,-106.04352887966343,204314.8803639895,-10.401113052742362,245.00419201809626,39.38673558986968,245.33800031211703,100.96830798804173,247.91202431655947,60.00262201888556,0.00021325273008161215,1,0
2.3,-3.593409281494197,204643.10603610126,-223.65924789757554,204232.31141689158,-73.54755781067882,204288.08446461716,67.37207093203429,247.5548424593022,-193.91775097559798,246.3879953436139,51.269458100109375,247.37225645708995,60.000361275247855,0.0059780903039941685,1,0
2.3333333333,-99.69528731635681,203294.7558593094,-199.0340807659579,203451.83382135132,148.85238326408307,204223.50968813605,121.28515891256362,250.66572142254012,38.547335111133656,247.7592155176724,-170.82394474762677,246.8149280093011,60.00131447020365,0.005228359002983251,1,0
2.3666666667,10.886515628040355,204519.23383402883,-292.90587255738603,205641.48123698658,150.85469043531145,203989.5843621423,-60.63780128221895,256.4815847867919,121.50711021056475,247.77178022263487,-139.23749106906772,246.79268731707,59.99317684811308,0.0028283294150121263,1,0
2.4,25.658789356582332,203412.01409964723,252.78828131358986,204013.76356539482,77.93376597406346,204097.4686125249,-77.71203106336685,249.2135519861154,-197.5890895873772,245.34961145049246,54.60762328682952,246.9552537327579,59.99725178768716,0.0020104288994951427,1,0
2.4333333333,109.20069689185216,205263.0919041668,108.22081380244396,203686.27009307712,-39.70545871884157,205720.99097680242,59.075159773461095,248.1203864655892,6.242224819705789,248.2220837036891,71.90372976268763,246.23566196319743,59.99805594912615,-0.005555107893358001,1,0
2.4666666667,246.4522778306686,205766.9897254012,128.65487855589274,203825.14769761407,19.904320234623132,204768.76794141126,81.26851278086146,258.6342093252157,-113.99885731165763,248.75768227519143,-191.02726002958917,245.75837544809627,59.99957033911204,-0.006085164985618472,1,0
2.5,-90.73937196698282,204879.15078624475,19.111884823180137,204436.62502851116,-41.9658376160051,204954.2235811505,-20.58136996359594,239.49546217552444,-10.66727599825229,245.56817302994483,59.09719176572098,248.79571359150486,59.99834048286707,0.0014817661034333238,1,0
2.5333333333,-134.8758910594283,205642.60673227554,-29.60059073409548,205149.77547951194,-24.596918998228954,203251.6604334011,57.34595069897872,248.69254109416372,54.79708250781631,249.5943837408259,-39.55679344977803,247.5967569622688,60.00258535234248,0.0016628949217597094,1,0
2.5666666667,79.42509442175025,204531.36312222615,19.75967050881536,205320.81338574275,-27.936119566505432,205565.04716236747,120.27716400253115,250.9681414736085,-37.53340802291714,247.26924469873248,5.328009966256915,246.40357363097053,60.00202945235118,-0.005112198147485187,1,0
2.6,61.82956651784746,204070.91009097284,41.72021665132971,205171.96897614625,-80.37693216109373,205406.91371800433,-72.13872978830301,257.15350301241153,-184.00336190236666,248.2009855834232,37.51186504818686,245.74872674143356,59.99496967201867,0.006319184249100764,1,0
2.6333333333,25.031272837499728,204333.58992984288,-10.880825189012645,204177.7089777274,75.07046226711526,205515.1732352632,135.047377982948,242.1910436584635,-100.88320311387501,242.4732977233573,-105.56188197939723,241.52760479672224,60.00591918466224,0.07779736305829436,1,4
2.6666666667,-131.6068575562241,203953.83325782954,20.48262684967479,205055.2766669039,-128.41619773169114,203860.40011776568,64.79566770514003,240.27914208399727,20.972960229924002,243.83190449430623,18.12146140146341,241.04774175476723,60.004347017409984,0.06116635670467174,1,4
2.7,27.71719292189264,203805.72745395565,135.22197775335005,205241.79052035714,214.35488588032558,204785.08506687277,10.604871667103478,235.54435331154477,46.76701806961991,243.21983763125274,-46.51716352870865,241.2374913662881,60.00445335675553,0.0603012369353405,1,4
2.7333333333,253.50755886490836,204566.7694443815,-70.72804477488611,203832.37714366816,-23.742715651441227,204570.18871321497,42.08805784354688,249.52370706782278,-83.47670105805639,241.64141460709544,116.09728454809738,241.451361674977,60.01037306988902,0.07185228643370647,1,4
2.7666666667,29.336188880238062,204868.29390958586,-23.701889035656958,205187.20069046103,37.18514788734304,206462.2423041661,-161.79624755506094,229.451382933965,93.007327578651,243.03855461718877,-93.58466148209371,242.14031281308243,60.00931589251879,0.05559411246364164,1,4
2.8,-40.96874410123054,204389.0038912297,0.05362243237700892,204309.01044483334,65.19971609870728,204562.79960828891,12.989217263016187,240.39707258107555,12.651844877212323,242.1832280640391,1.924040481059183,243.45402198076303,60.009530096422324,0.05429388873215256,1,4
2.8333333333,103.36063899049648,202507.61676088287,-7.278564663276061,205134.41552265434,88.84082900404582,203790.34559760278,-37.29957933437248,240.10668700369666,24.02505520309002,242.39403979636063,-46.55627568220615,242.99754544138568,60.01125756259266,0.05755541853532756,1,4
2.8666666667,-105.28153184788606,204189.80022664758,16.97587651724828,204549.3997098592,-53.58456541578871,206483.29797447994,31.427743091295838,248.07528403690688,36.473117026132776,241.02547357587372,-238.3010273173479,242.45200551487972,60.01110840358302,0.039271673031779135,1,4
2.9,-137.24531425821627,206035.97521398097,-24.408515905094283,202555.35042207967,119.70587752783624,205082.7787847769,31.215819117471703,244.0364901037993,95.14570721837232,243.69055552026828,-51.78405823510319,241.47278766019218,60.02103699429803,0.045924403915618806,1,4
2.9333333333,42.09780541864745,203989.94948491768,-187.22635469723627,204279.28476650867,141.47894328888037,206333.84629192937,76.68093112929412,237.63418944023186,95.34371040004766,244.2262291298344,22.837601448956764,242.74653699231453,60.0176568494406,0.04667476793124283,1,4
2.9666666667,20.92027777982927,205274.43986145552,-74.82709046738361,206015.16250767713,3.864904297889346,204384.54191937912,-142.473610961066,242.29792693912913,81.65325105496777,242.21439269036307,-86.62195133859852,242.03873835216032,60.01892085489565,0.0417986768030552,1,4
3.0,72.57076823968818,206016.76468220117,-41.141181462408,204277.50795806377,45.101653257765776,205865.44619113894,62.62847807494578,233.51729858177424,5.683656011910219,241.4572363852282,70.78949238927245,243.99791480618012,60.0248141966205,0.045167332051143726,1,4
3.0333333333,4.976992318908554,207527.13858540144,-144.56741733565426,205164.04143192957,86.89316303806831,204722.91687892913,59.26180234861854,248.02682563866395,48.93722005441298,243.81213803088815,79.55356771355932,244.12350257066225,60.02256879300674,0.043103305144062666,1,4
3.0666666667,-31.479888691430006,206317.6002427643,23.935991722741683,204863.98904188033,-45.75798292537548,205553.39816481541,48.11437829967492,244.49539628085284,-72.14134385621873,243.45611355205375,63.97247488031552,241.1152729349621,60.027672287198605,0.04120130557010929,1,4
3.1,49.46287876590445,203954.62942414684,-89.31825248804942,204219.40805134235,219.9593927335852,205041.5798186727,-32.45904077769576,238.8449487653446,-122.71950425806388,245.14565911120388,-7.977294023645301,242.4254847171373,60.026871184358214,0.03106537980627644,1,4
3.1333333333,11.455364304071413,203497.78581677066,32.39343512561522,204092.31563283925,-58.68874214901251,204994.08976907033,-33.72931711651634,242.9165127447848,82.91065457168503,240.55718568226024,-137.693769534811,242.25903171500647,60.03104469018072,0.03570250060955986,1,4
3.1666666667,58.882729612376025,206439.36053007108,-86.47527584831083,204449.04447355322,25.72943824376589,205051.8018198874,-167.0981115430368,241.96363688023726,105.40434192768356,241.32634678197184,78.1341261313539,241.58805266558878,60.03133347382672,0.03304701732167822,1,4
3.2,70.02650811181994,204080.33201389282,-50.56759264066695,206674.60475558712,9.986711065063398,206298.93423958463,79.02815666523087,241.725307136524,-23.88951776337209,245.0460266317432,229.93293441814566,243.9714567310602,60.03023403276415,0.031507938919474496,1,4
3.2333333333,-119.12216977878745,205550.78979120482,60.74203062033921,205020.18337535634,-15.66640874095801,204265.01807103792,-218.23540482950534,240.4310524679683,79.71110469076716,241.19300633711276,-225.1802162153274,241.60645821470905,60.03075317269032,0.028438912079136375,1,4
3.2666666667,-89.5934633113738,204464.97204657333,97.8051170511887,204794.96844619233,-6.767250723305761,205259.5099078404,2.6869417563414784,241.80018153213103,-155.6812840624884,241.656904579546,-87.19702411572527,241.45994349742327,60.032521299534835,0.03362490603850288,1,4
3.3,-89.3297937643897,205902.6887518937,-7.839687927042316,203947.27696699678,264.13020296613786,204333.94288229835,-210.3648638935827,239.62707632830933,-0.6029382114879405,244.67762727019868,14.600602642620233,242.39300873993,60.03469730472946,0.021295658592527834,1,4
3.3333333333,-144.77841288195404,205679.91220039362,9.371644030374128,205378.1720435657,-18.30514091914742,206930.98065016067,-158.1218357095631,244.09850245715495,-21.430854435969266,244.3939253305241,63.70474291294027,244.7237607527445,60.03064216295865,0.030434515273002605,1,4
3.3666666667,97.24920850736501,205061.3979307216,-23.634827262786864,204085.47331502574,-33.4192419880951,206778.98161078687,-121.5441441695441,239.5607158542082,66.0273038572119,244.58935021126132,-21.511103638309656,244.40581523345907,60.03605679165966,0.020203846568314778,1,4
3.4,-4.392115654233501,204582.23361749237,-94.95228527994223,206246.76680073643,2.6647674175941924,204228.94471461384,-151.51413810673318,244.38646993794785,98.0342127470383,246.12691809805239,11.124167578164059,241.15883768177432,60.03781947704047,0.02766000047223229,1,4
3.4333333333,-21.673608073845294,205215.22763867085,-83.8313192060322,205791.2936233009,21.77634682989677,205274.69952560015,-45.9356391752444,248.2345413705143,-66.36858527712408,243.9235503045315,66.04453162516288,242.91311535083412,60.03504041920634,0.027631677156243886,1,4
3.4666666667,16.924842312393103,205118.30974311556,-49.447799196586914,205889.02740153993,31.93160688149598,205746.12698309423,-24.610993787821464,238.075121026189,-211.07979140169385,242.33360012876807,-84.28504651382605,240.72049662808806,60.037708542694716,0.022234671903413487,1,4
3.5,64.87745839563507,203676.5966478058,-21.897461043002338,204780.7436206894,-18.944483745605044,204940.63097167248,8.779464259489833,254.74428669534208,-10.019566440473303,243.54029531371395,-128.1144818092932,240.34593687427054,60.03992559979555,0.024684160172765313,1,4
3.5333333333,66.34359356425341,204611.4058906808,139.28355377128443,205218.6013233056,6.1449217413401165,207073.54482125223,12.886327559169132,230.71875174978945,61.42700930062138,241.91804566740768,-93.82158096597426,243.0490899352537,60.03896361160425,0.017017167490538228,1,4
3.5666666667,24.042454151348267,203869.52562482323,279.951269613125,204138.50220836254,-38.957036841943186,205982.02599269326,45.13117369433336,244.80101098931172,-131.69520540238946,242.21127706632018,-48.27406000565066,243.1412060670934,60.04218016600776,0.02041646231782457,1,4
3.6,-18.99937449051376,205427.279543933,-56.17437731444634,204726.4187855377,68.34699601222422,204653.32003421674,-120.04659492483543,245.9707238064568,27.438340392532158,245.8905633897192,-14.986921312464025,240.75720410037908,60.03890836580606,0.02520028570002709,1,4
3.6333333333,-127.6813780212642,205470.50679455404,-139.35620216627606,205262.91671947995,-81.56281826199914,206259.73064934375,-55.75690950718658,235.363155564338,110.17748999166372,243.98724091029646,-41.19993177607927,243.42853805166473,60.040457764310226,0.020930317489454814,1,4
3.6666666667,37.14290539792116,205295.94267278328,114.64317786991649,205909.65540285985,30.3657665557654,207062.97459114963,72.34005353773917,241.25294515161957,28.397461127943572,242.80308318973266,-26.147893255954074,245.06356159889896,60.04068272435723,0.01582878223830897,1,4
3.7,-29.896907962856417,205170.30253237713,38.437247051643816,205877.02325850795,2.0376811356470865,206317.38886201032,7.091138139316309,251.2827912291701,-111.8517378535324,242.1384952254241,-70.87445780140423,241.60242973107663,60.04355009090348,0.008709657179269636,1,4
3.7333333333,-93.56639134323758,205647.74899070244,-105.73126106092664,203686.4907050755,63.13646745930901,205846.82257245417,139.28225111594307,248.78991932399677,-43.4797659669715,244.09458206337172,-177.1884635185235,242.83891542921097,60.04321398023772,0.021825768620920546,1,4
3.7666666667,-76.52300566266823,203666.29855124376,-60.260614437126556,204317.49366939644,-62.19551765126323,205155.20557479432,-74.59450289804259,240.88428986004794,-59.944634432760665,244.6759642896048,132.24567338689351,244.04885398335517,60.043752097861734,0.013736659277910368,1,4
3.8,11.645317672910098,204058.5614971885,74.79447351307563,204193.89457896427,-32.941509079538925,203389.53566134095,-70.07535048750597,244.56695498308818,89.44576323782302,244.3702465415488,9.413598736633906,243.10013440136234,60.04425159371094,0.01631283670404176,1,4
3.8333333333,86.2313475032847,204665.8795708699,-212.19594360783702,207098.43633927486,8.242087432623377,206498.06702797228,143.80472485296713,239.31287530909574,-28.395786836224094,243.56929017608036,-99.68754727137525,241.52261852479685,60.04350747040968,0.013996296836493102,1,4
3.8666666667,76.00406453389859,204042.91145766238,34.48022869877989,204254.31151200095,19.475781754808292,204166.08806287448,122.38575933172899,229.59265862560815,96.64086987131509,244.79727698722007,36.435132338294544,241.3961360605557,60.04707428986877,0.02126398081633515,1,4
3.9,-34.139397381339236,204792.58001589685,-64.33516418398989,206406.78336308908,-70.73934977836262,205605.08932574527,-170.00353123187307,242.09700667085485,-6.252498479108921,242.67636046444045,-105.7792498712336,244.06917910576615,60.042925145417755,0.015423167243377223,1,4
3.9333333333,-192.26126800250515,206112.449446419,-47.83037621408948,206195.03501273753,-15.720839742002624,203810.90726313528,0.7260661898357021,249.42909127830436,-190.8654825570247,244.515365701797,-5.669989267536338,243.49883846762248,60.0432160440732,0.019882124510870014,1,4
3.9666666667,126.04873363207867,204313.99837762368,77.34492329958726,204520.50594994714,-193.5842111964527,205125.0696055269,80.56580936556232,239.92090271557512,-117.45518283673006,245.35926156117688,211.33758811386915,244.30688483015967,60.04412144453489,0.006344220348693354,1,4
4.0,-170.96221470439465,205256.1353670094,68.89488591858344,206718.8167233436,-37.44694179611366,205938.01423864532,-93.68622966200172,245.10737807065055,-46.92557395063062,243.22071132915556,138.31822004459272,243.2747225219272,60.0491497597859,0.01133175023416976,1,4
4.0333333333,-91.08787368471953,205025.31436082034,-26.78656086713427,203267.27132464593,-77.44259167768422,206474.88864319838,-14.967466456084038,241.52993076347462,47.844026749854095,241.3687875327504,-5.391591262891271,241.07492948214238,60.04388625828072,0.014254185233100788,1,4
4.0666666667,27.38250071653615,204622.99353376497,42.749494178174665,204857.1607618696,45.461081497967804,204400.61142393836,-88.26453960525117,242.25329906303386,-162.22437852454328,243.190468207712,162.86685673325837,243.72864842155005,60.046821728936976,0.010936011388362067,1,4
4.1,-67.35290871207619,204857.25237413324,2.6256709412262182,204426.89242941653,-13.830906220821303,204072.117104923,-75.12088986540957,241.01524959108238,31.44149692757327,244.10281914348468,48.378385721847,243.1613529957331,60.05246351593477,0.01002086768970368,1,4
4.1333333333,-74.1671781629209,204528.5688396903,46.42930085156949,204884.7313784763,118.5060051461157,204228.47514862963,-143.33132696850157,248.02068410763826,-53.88756496532297,241.25942734513075,39.80324169742344,242.90164673529816,60.04918551768077,0.012025949764618264,1,4
4.1666666667,-105.40727613632744,202931.63285134215,53.17404324135038,205326.91939765261,-11.458195321485158,205909.67662441864,-116.6503866635287,240.67455199542255,-136.3123936269796,241.98353321597364,-103.31988081075814,243.4159773682301,60.05160178410222,0.01094986881209667,1,4
4.2,-14.98394426635671,204132.44197035886,-41.35748952443599,206319.5841966454,16.160923904943115,203908.8540794178,-7.301508957145451,240.53023497301987,42.64211078154461,242.8487635670876,44.36343591404707,243.97084620024677,60.046482164763,0.013876870921176693,1,4
4.2333333333,108.35369877409283,205510.99807697034,73.72701614315275,204014.0028309466,-113.79555077363084,204572.11440688846,87.68154024878648,251.21436118751342,-203.38007276659138,242.96476116749022,-55.14752872011625,242.89924014284736,60.04997077012013,0.010573659002057229,1,4
4.2666666667,118.76794189811105,203747.10574142876,-52.27626802993972,203762.65033864317,74.23317358223473,206671.381501499,-159.53072756698637,250.37514759688943,85.76286115979542,244.40632295627222,-19.247965664772913,243.5809386643705,60.05042718647077,0.008919512675907786,1,4
4.3,-50.26339805173214,204529.38312211484,61.16859587427165,204062.22942728543,18.969339145471515,206530.94595405294,25.468931693386416,250.89801633542103,124.45481167738866,245.2311400840681,105.3010039439483,242.9663564674433,60.04998321338698,0.00464085349250532,1,4
4.3333333333,84.66683965670617,204427.05617897518,120.4940020099962,205311.23523366216,71.14655447806538,206122.08609982085,181.14574640072703,238.80305609425773,-214.6765273295301,244.5763968058829,-203.716834973101,243.2035266245826,60.051135944838485,0.01376870626625869,1,4
4.3666666667,13.409306612260412,205151.35700085934,11.32538199827465,205064.52984918823,-56.01832400191919,204135.61419038178,49.59786256711395,239.9185165003573,102.0293522512579,242.98004607712488,179.851113972822,240.94798599900636,60.05437445039308,0.016685801165096735,1,4
4.4,49.75063574466553,203488.85060918433,-21.87777603824042,205596.6703384565,338.66441458782094,205805.4959632362,-418.16619156790665,245.24607655516135,62.54855655205553,243.09070273182664,-12.990586536914495,240.86904840569514,60.04850481936268,0.011385893827783579,1,4
4.4333333333,93.5622669832746,203692.5939606139,160.89872071564045,205574.5500751205,-44.54109317224903,207013.90037034848,-261.9161485236675,236.45622190576222,-111.65507701463473,244.09273710013423,42.47805144704785,242.7529377900365,60.05147654805863,0.011789439418800764,1,4
4.4666666667,27.23718930907716,203816.82410492087,116.8060895619766,205287.75762674006,-26.860108742716456,205806.15057488967,55.101449534951776,248.0663645150424,-135.26545659959388,243.24457555609052,167.39089211112227,243.2995533368745,60.05469096637292,0.010066921638734534,1,4
4.5,20.071168700852404,202875.24106347817,107.1752246074144,205363.3983757886,-89.82363470637077,205203.96344153074,129.93073194496085,247.99140315202138,13.323143121753798,241.2262436638299,14.839224459350152,240.36683481802416,60.05495696515193,0.013389282384570923,1,4
4.5333333333,-29.50796311383926,205096.31328690954,246.08000528627204,205448.3001369174,-93.48790412128422,206307.60038168705,66.14018334636043,252.14099547349687,-157.5470908530281,244.3978747596077,46.54033516608923,243.09193681311731,60.04903920494075,-0.002057385297900378,1,4
4.5666666667,-110.25183519002465,205217.96993916415,50.76776736723111,203886.40422317162,33.811626045305026,204413.01112103453,-32.75274441614044,246.45969168044775,68.21366486469262,241.91344064916632,124.35721862194576,244.33297298173127,60.052192216297406,0.009967127349307487,1,4
4.6,-272.31109889763496,205092.9476598382,-114.46604030268539,204182.16993909449,36.92664609128354,206567.7086127654,110.87044107191582,249.9542684833757,138.39606298134714,242.66667273428698,29.048980200381955,244.7161583962735,60.0512985126747,0.007127679154033921,1,4
4.6333333333,-128.2988066941369,205566.50541286863,32.29924761817527,204031.684271093,-85.9017697118746,204811.79655562298,-179.89861430382715,235.0885077870925,17.467664193304273,242.90721351032187,-104.65905567619934,245.0975521931343,60.05119555950929,0.007811681505420751,1,4
4.6666666667,127.38967245113996,205302.25277422415,-9.447113623406102,204657.29776212483,51.111037812862236,206495.25072536126,21.0602427327629,239.67228701153422,125.31369625823596,245.58817047693458,166.00979839302292,242.18840440344658,60.05054850262595,0.005875112732097411,1,4
4.7,143.86860038488996,205977.98457879128,169.68125417801073,206249.7604112066,82.85219701670019,204159.68062736894,48.1471721694954,249.38009547724064,-88.7086132643805,247.06409622380528,-3.6712415419889406,243.43911698797453,60.05170697431318,-0.0013798728124744634,1,4
4.7333333333,201.13437008981506,204191.72737601152,202.91751987469206,204694.32596416632,-74.60007262334607,202743.94515583612,23.909595872260276,245.85170068065776,72.42041918986409,244.9455836659937,-111.29238811342003,244.0276455439592,60.053682573126956,0.0009803902035646125,1,4
4.7666666667,-16.966047617031904,204439.1120066171,-68.28723375594164,204947.3525710509,-108.84328886289138,204115.5152675559,-57.90199861714513,238.67387651336662,3.691056672509962,242.92572282362278,91.02441799768219,243.3546173016341,60.05070452668014,0.007823961379481964,1,4
4.8,407.86711061214186,204885.92768206843,60.10652009733125,204855.1850278457,71.18022100462302,204427.59719248582,-153.69329297553207,244.90091004183486,36.96628344148166,243.52339154597053,-33.653041045921476,240.23502485711197,60.052201197830655,0.015659133464940352,1,4
4.8333333333,-124.51928444718813,204136.59663395275,72.53290555234712,202665.0597248574,-72.62204292583128,204643.38754430824,-25.801746213089835,242.82691480451751,28.451641253109482,243.83318979005662,57.511079837141295,242.9315547255401,60.0494700815467,0.003448686344596972,1,4
4.8666666667,90.54213650375726,204945.51790258486,-88.80979037816557,202787.35385479298,-51.75139334892286,206427.38779789043,-78.92696725096357,244.77781867287766,62.4550404599551,245.37378482216076,-12.609698743406026,243.05760217195123,60.05385720607317,0.0004490860362586506,1,4
4.9,67.6825143351455,205293.69250018802,-126.32775533192789,205209.37415544703,25.23158482846423,204603.1485201802,80.489876580971,242.3118164788904,-150.0571213542381,242.54046886465824,-40.449461869280796,245.00642677839446,60.05437768541509,0.008206408153779505,1,4
4.9333333333,-34.17474903649742,203151.6926126884,-16.95455506303821,203488.644943594,-41.663516688481046,205554.85068583724,48.12366419127143,243.7390669510079,-67.23264228654155,243.54592640208028,-149.88706242537944,239.96026079073948,60.05586949658485,0.0011330671359374217,1,4
4.9666666667,-75.20078030748552,204793.8913546523,-13.179067773862194,206359.89511799955,-52.58794397714812,205326.92773182457,-95.08526587860919,249.21048902336057,-71.05468675115645,243.64201582760444,169.09805939650792,242.63334261262563,60.049341036712235,-0.00844058932791998,1,4
5.0,42.224077829855624,205863.87078964073,40.68475633313023,203179.6121422549,133.58284523453545,204668.19770228697,-46.56925154022604,246.98079339033458,-202.96164186471063,243.1469421073828,59.90677069687527,243.90259356914322,60.05326399428394,-0.005482366846307395,1,4
5.0333333333,34.37820315510387,203166.04704519152,-55.829405008292966,205422.8138799576,258.3233005251832,203776.49662685304,155.60906837454763,238.86236670784385,-66.32291392521121,238.5184311822058,-156.55423723309255,242.67770611569233,60.052959487967456,0.010971294161345648,1,4
5.0666666667,-6.058490877756487,204187.49937205104,113.53420859849291,204336.29831223018,-86.41588024583453,205749.60005273478,-43.384867187199056,248.83678511480298,-83.2054030952394,244.54935298450948,-59.77224924450942,242.08104872952134,60.053846284604624,0.009388580350094995,1,4
5.1,-11.762805645295922,206189.8637371114,7.056672880615137,205110.99841757744,-130.32736076337147,205667.2079519564,-49.22278606465883,244.53647008820988,-70.55511289535984,242.34798031716088,4.656421488546723,241.8980520897416,60.05237538059272,0.0046156357886366055,1,4
5.1333333333,120.1150259600501,205404.89620115454,-48.78399796324004,203003.23899307847,-149.0079405154803,205681.87093329334,-26.538563074018967,242.64052438597747,-32.59586982016838,242.23469043080377,232.48429354553588,242.14318501736417,60.052950328240364,0.004499295427141136,1,4
5.1666666667,-105.48846110070251,205536.6195661798,-62.01897317526195,204551.33190502142,104.18048833091049,204715.2274027265,210.23777640678435,245.7904751084099,14.742550698237114,242.39018280432379,-32.30091241366807,242.68106748223323,60.05971540346978,0.0076500746369124965,1,4
5.2,9.304906418009953,204243.0110549006,23.96212691681935,202925.17233600243,-57.19878480500861,204331.32402681877,60.282623457652136,238.57009963303,-90.39748491533842,241.14183834008486,63.45262544350224,242.75610616089958,60.053813304843075,0.004204304048355366,1,4
5.2333333333,64.21123971644964,205384.85719394963,7.0987564562252885,203101.14652246362,-199.3329680098079,206189.14516278062,-192.70556616117287,251.59425823558803,-47.00776191168142,243.4855272666295,-153.7582454807674,243.2550694065344,60.05411711285696,0.004266642953007051,1,4
5.2666666667,-18.29339957815835,205835.74965249078,52.782646628984956,205043.12094123085,18.873334245204834,205639.43346771537,-72.92251168178913,242.0921085664438,-182.9051189204989,243.31928254495085,110.7595870464631,241.74773777776304,60.057462587581774,0.006685278040264575,1,4
5.3,-86.88855878933636,205162.04219928218,-101.31006277725301,204609.50603973263,22.66150858863782,205454.0807357962,67.60130036046156,243.54598587197515,8.133391753079863,244.1335087744717,48.076744953668936,244.15090932085243,60.05374382811567,0.002781921325896587,1,4
5.3333333333,61.467524127052414,205111.3143936751,14.94771662658961,205221.637275422,-88.08106552786779,204659.18978259448,-59.66631141024057,245.12347722335775,-120.35414552242291,246.13856208022827,-60.37713744674726,242.05672723455797,60.05510569451399,5.969629802032297e-05,1,4
5.3666666667,-140.92114357021347,204925.4754675547,-89.18184645299797,205701.42550193754,-1.655220164548557,206616.79543447192,-73.88596651076077,251.0560211830628,29.839415665545403,243.5935531465671,112.81163448473362,241.36395492127576,60.05426998209818,0.008972998218059712,1,4
5.4,-127.4375027519561,205914.59868969355,-23.4555460668194,205955.14132947553,-142.44050464918877,205673.4897098985,22.545832556619516,244.9861467297358,-150.83842456941733,243.69838411655945,-31.7405870759768,243.51896897497045,60.05181908300731,-0.0034870521552796295,1,4
5.4333333333,-84.36830378542084,203899.1982152988,-23.585546715933813,204112.14214201743,79.95097186048788,206962.2224650408,-88.42823501415914,238.9758598968248,136.5278088848817,243.4729616253614,150.3277543861808,239.6952508073292,60.051791112668134,-0.005663609235437847,1,4
5.4666666667,4.480294371172816,203831.13549816125,-50.615307214850475,205549.69735846826,74.98176830138762,205194.27677729898,33.908736828353355,242.8095350927062,148.05622552826475,240.16152622814144,147.49737094990525,242.7388177291508,60.05346264548605,-9.302060404565819e-05,1,4
5.5,137.0595574525129,206065.5911365261,-75.31255392696178,204239.49499413176,80.6945051950572,204676.51961321436,75.09625013728058,236.53359574052422,-79.21062885875442,243.53086357935916,-2.475039855906136,241.28541634283428,60.05609061818494,-0.004274905680045396,1,4
5.5333333333,5.960908491064004,202247.3609244041,-67.32658287739208,206422.16603726594,48.364183339344294,206272.82516498733,-47.62604026578488,246.47178616535308,84.0968569541698,242.63468627446628,85.71027346279223,243.04203952120457,60.055840036082955,0.0021482025397130855,1,4
5.5666666667,131.24349759549787,205122.8430280206,97.13715497272716,203665.4849891457,-257.1681331474215,205371.14395008236,-88.82645671753761,239.03566067698458,-77.70531938497874,241.85658985124508,84.65332301169892,241.3178711408636,60.05521252391313,-0.0019496027839404572,1,4
5.6,-43.60505432912046,204689.44216039707,-18.960569961862745,204388.41846702187,-66.14353224229957,205662.82850119533,50.82609161301997,243.27175057771188,-48.41393528842302,245.61258329075434,77.80205243642908,242.78123554779518,60.0578166648315,0.0006786943010839851,1,4
5.6333333333,86.10794342843428,205400.6628772974,4.664125111479303,205872.69086496416,109.62063350675777,204679.08791510668,-31.89340464275959,236.8521983048496,195.34657741058106,240.40737455858442,110.13614438585526,245.39553375443583,60.05255730736369,-0.009337753607804658,1,4
5.6666666667,-13.550185311863792,204308.65291813345,-71.70334699318893,205892.22932548684,-41.39707117803123,205268.25531221402,-217.80661668014528,240.73727424502874,-69.15630277973524,241.23883246489044,-56.603985442741,241.371298328861,60.05674617476998,-0.006141826909429214,1,4
5.7,-8.559229498094881,204881.29010352716,23.729035238279597,203998.6889351495,106.07035499905525,204791.25516735198,-77.31761190698657,247.91187656206398,-36.60499278802311,243.99337119261224,68.69265364040777,243.40558769636175,60.05526676194474,0.0015449253665144227,1,4
5.7333333333,58.92832913754361,204065.91056364082,19.05067979506277,204569.0424297111,-157.0756083059586,205482.13836942817,-65.50655763642904,246.14980543769684,-32.82846078824927,241.72051672176804,-20.281263572342734,239.4205638641945,60.05400610178491,0.003627933688477036,1,4
5.7666666667,220.18719125545132,204731.42364303875,-51.975051139026014,204239.09293495436,-200.43495058068822,203674.18892253452,28.232905902681402,239.32705632226052,-91.77747385519906,243.03127275791502,-148.32266696718497,241.282809726229,60.05580998469787,-0.007459007481464285,1,4
5.8,150.66117750008434,206361.18542417348,84.515269364163,203672.32834921163,35.12427669911605,203967.51035374808,67.7121079509081,239.47853954486104,-78.88944979419404,242.95327844990425,47.16717581684248,244.14013821529701,60.05744243704742,-0.0027502640495690647,1,4
5.8333333333,-77.51171018475037,205346.99952980003,72.4261980304751,204488.9924815638,-264.7373654934834,204399.78706789736,-89.85983887535002,242.4550003657508,50.27841171789108,243.275160354089,-49.97077653784193,239.88904649789637,60.054584129833316,0.0061643975314719145,1,4
5.8666666667,-9.366007573982667,205390.28740942825,-80.00328386900215,204614.7530035351,40.776677398270266,205147.23943891056,-58.95538717138134,240.6823462613977,105.78011632615059,243.8975976260994,1.6070416833663248,242.04540293810635,60.05920436851201,0.007526085435451617,1,4
5.9,57.24841206894932,204469.2103194371,-126.45425603103884,205076.63946228806,-184.29900865786405,203544.10642559614,88.13598623085652,234.08833934176718,-45.584757080929556,243.03633728977883,4.434830850947319,243.38704497757573,60.05725791810501,0.008197712896952895,1,4
5.9333333333,9.344659617948157,206057.63818615806,36.13941906026601,205767.0500399908,-161.5531996930716,204660.972805342,-0.5395580436852061,243.3782867214728,113.1048466082617,245.4286667518665,10.850993540531158,240.7441429339285,60.05969446447523,-0.00016729861526537074,1,4
5.9666666667,-53.07841103766144,204793.48658182012,13.438040152714922,205400.2165008528,-4.318374394273499,207624.98626731822,-193.12572088720242,255.2214744010162,-220.12534063564368,242.36172433394438,-119.94064166999472,242.9499802241065,60.05596760074911,-0.002411559420098364,1,4
