TIMESTAMP,BUS10_VA_ANG,BUS10_VA_MAG,BUS10_VB_ANG,BUS10_VB_MAG,BUS10_VC_ANG,BUS10_VC_MAG,BUS10_IA_ANG,BUS10_IA_MAG,BUS10_IB_ANG,BUS10_IB_MAG,BUS10_IC_ANG,BUS10_IC_MAG,BUS10_Freq,BUS10_ROCOF,DATA_PRESENT,Event
0.0,12.529127119394708,202354.4157338727,96.0616264934147,203313.38806771746,46.136056448166016,203075.02073334536,-4.30359778347842,614.7188180619887,-64.35701267076851,616.0748871971791,42.853675357540276,621.709640400306,60.00166955238124,-0.0067975334019692805,1,0
0.0333333333,229.84602035151775,202576.73488299412,-22.81703262423575,201344.10481208903,15.53363489709927,203612.18031556642,57.06338296346383,612.7695603100395,206.16316777521152,616.3842738706084,13.773999897567798,618.9468256465693,60.000610681638854,0.006212043833968072,1,0
0.0666666667,78.7846941821757,203057.61944701578,10.610706575694046,203102.5052075962,98.35757355240797,201263.0221695561,187.08261922221902,622.8485316988298,-77.75031160119329,615.5316677210013,56.353834536660194,615.4725550091727,59.99986836997511,-0.0025799301954652254,1,0
0.1,4.171901200856314,202066.08662782627,-149.5285286960263,202614.89577080024,43.48646372158836,201235.75261749243,64.38448424019872,614.5268003625645,-22.49746603661684,621.5093841354671,-64.54539073306546,616.0398232738952,60.00168052866028,0.0070560046003681496,1,0
0.1333333333,99.3793699592185,201769.8897642872,-70.9460201376206,200924.64064474203,116.43431815913041,201826.12077272002,-194.49909985901033,616.3429104245645,93.56137380744221,619.42725035628,-29.486369926495605,616.4854557341797,60.00029442060307,0.0030956181039358027,1,0
0.1666666667,-35.886486400996446,202078.2326765679,-87.71133376202803,203718.6307744082,107.03668037019784,202575.51210759964,-120.80016902427496,614.9561803660619,58.67213974468404,617.6716965324105,-90.8367257604942,620.217886790445,60.00011408947427,0.00032472173321102833,1,0
0.2,189.21628622116347,201130.60592914277,-36.43081702530245,202237.7147710259,-138.4042671149738,201035.70644389396,-39.608795901365546,612.6075619584586,-74.1321681056017,615.7387343089747,-171.42345962151055,617.3942247115119,60.00191990979666,-0.0013577635245774517,1,0
0.2333333333,-101.07053390914517,202962.0584121544,56.57846227620214,203140.76279681048,-72.41622385937782,201928.59322291147,55.292141204874945,613.159612194609,-78.41333170083163,614.9301756786535,-104.61696498494321,616.1847521752727,59.99782066139719,0.0015928340808683407,1,0
0.2666666667,71.47332668869174,201034.81963412327,-61.298728869888315,203422.49964218246,-84.5272412190831,204641.12564927436,-165.98803271819276,611.2895424884794,51.53176674322757,621.2910518514395,55.91545840854823,619.8711530304988,60.002982155271916,0.000545681470692125,1,0
0.3,188.90373748850755,201401.5142092509,-48.7901546393415,202097.99697965442,-91.08930995388884,204811.06009382565,129.92113519075565,612.8483694078399,-63.9842070922666,620.5194882242714,60.47548154264874,613.4703326881488,60.00010095383563,0.006172566560607294,1,0
0.3333333333,-19.333223983459135,202887.03634830058,91.05371428466034,201549.70300001596,125.42355945067673,202324.69896538425,78.35145582041919,616.4599029424573,-130.24118687355192,617.4700484531417,-112.72163885183618,617.5090124165713,59.99776231020118,0.0014709738812850638,1,0
0.3666666667,193.9329964463505,202766.90442442943,-53.42336692788715,201715.84823678914,-85.14046949520224,200774.89196942767,-51.71455228720442,614.4319046658111,-176.3043650780495,616.2858609524548,-114.61599794718879,616.4935254867081,60.00215388947972,-0.00643353928063401,1,0
0.4,-265.4657365159015,201964.22426843378,6.072951932891847,201479.78138996405,190.43138109621762,202383.09775231234,184.638579374191,616.8764243132581,-120.0878378594941,617.0925548164726,125.7707352877261,614.7188731256938,59.99884683058316,-0.007131523048172374,1,0
0.4333333333,205.73986964252137,202013.64441029297,-65.53899507136984,203182.19504095768,213.07646670685557,203661.51736861686,-42.32581826079198,619.3678353753269,-33.825881972547094,619.2107734325621,51.86569602458574,610.3477211898247,59.999865475813806,-0.009177559174120864,1,0
0.4666666667,74.52577098100892,201921.7817867121,6.609269147695114,203257.18622919105,-132.7490325479399,202059.38003468706,-68.37901968596202,614.8174574156806,-73.54026661422073,616.2425347247944,72.35032138665136,613.8747210633334,60.001117261022095,0.0011929244952784553,1,0
0.5,147.20279816236487,202473.46452119405,251.11753368823557,201837.54373291504,-77.22271770772821,202984.9635290636,31.777381603620135,611.4104807819319,178.07327216216967,620.0522602529943,-68.88996794359562,615.2031221729962,60.000973555377655,0.0006765366281425567,1,0
0.5333333333,-177.68890378463084,203008.7724328513,13.124220110073548,203107.41360473025,69.71528744563945,202064.02169989888,-102.40693877934872,617.1395742398632,-27.197474540228562,612.7765626045261,184.42866250967833,614.2078430330724,59.99821556639057,0.010076530434360194,1,0
0.5666666667,-95.75886386949253,201106.63680304683,31.75350817466577,202466.188128165,205.29149882500093,201239.93488010843,1.052071125709557,616.0195185416956,121.9969656996461,617.709307012595,14.562264178991878,615.7932349802211,60.00210474232409,0.001575459637797336,1,0
0.6,233.2047692057127,203571.65612600427,-100.13678078842986,201664.63667916693,-158.2888597183581,202142.8133681352,-22.52777676784433,616.9058982479377,-69.36422770643058,611.5635378882987,-214.83691682108955,621.7976290989278,60.00350216862904,-0.001412629368355739,1,0
0.6333333333,-159.44305045279864,202589.07995311497,-75.21491473993927,202644.16851737507,98.1562982112306,201437.074757633,-45.967862465079804,618.7168454911971,2.482366302076186,614.5195272758543,-124.47426621185353,614.4178570047102,60.000332092781804,0.003799891431517655,1,0
0.6666666667,-11.303423665823818,202565.0872462465,86.86517088866725,201464.1382639119,-32.78105360406012,202805.2259981257,-6.324661867322465,616.16993136884,36.11137354878484,625.4093280253169,55.531376248278804,619.1857441514304,60.00143252989588,0.0068183910465707065,1,0
0.7,-201.20660637654677,202431.380068891,-51.3157229779288,202572.44534264127,145.77339349204567,202601.00922773356,56.30596421854142,617.3747288738807,70.48556742618779,615.5657317579197,-97.68549624127478,617.8123077640187,59.997461353479125,-0.003756987431654784,1,0
0.7333333333,80.20441668022677,202229.07184156528,81.49856890322172,202883.64428742306,14.348923542521417,201903.81523380076,126.8859829544872,617.8932086240089,-132.72685598157918,613.5342169043366,-58.55453831297229,613.3391000897852,59.999530373511405,-0.005016938946124057,1,0
0.7666666667,103.45862259390263,202708.11402066023,-84.80052279883694,201887.25726728508,-234.43290685444705,201718.20996842984,43.30851709925935,614.2391587908846,-12.018985039021022,616.0303159831328,-150.74806881142223,613.0536738573741,60.00129107254451,-0.003310606865658283,1,0
0.8,-19.944383298956893,204645.40465034437,-9.994751911781128,202577.7538122977,238.40043763537585,203493.24250717502,-110.95380473648603,613.9032768700383,-94.19105054224033,619.1702885617966,85.86215445272009,617.2118212072378,59.99948359697466,-0.0009762075653785188,1,0
0.8333333333,-116.18170934344704,202425.74010983066,99.83157292881074,201586.9827606763,18.330452948455516,201279.68270991524,98.57753895190925,612.6675760247218,-41.65376230726973,622.7207020406784,-137.2660375860307,615.5457474088984,60.000279428839306,-0.004480106084919897,1,0
0.8666666667,-72.31131275307935,202690.43359749892,186.6588814356296,203409.1824103543,145.55698600050164,202049.16841391643,-78.47535982140006,618.9217426442942,120.35578922814474,617.0391347312808,-182.97004615349093,619.0829637937135,60.00085418646876,0.001098299570643771,1,0
0.9,-35.826208545026674,201750.81221900537,61.383459047691346,201738.1894475377,13.904894926114387,201544.36996760883,-132.99519735013394,614.7008276538231,35.36113748812178,619.3544945798473,7.025571981447196,617.5056697751152,59.99943710682098,-0.0002526338025832962,1,0
0.9333333333,-91.85266859264193,202807.54106644468,144.935913216127,203029.7981528973,17.922182650312553,201428.2353360295,19.35580845423369,615.9233268380854,-24.749660592327423,612.3638417303937,77.70819861539653,617.454750461679,60.002621644002105,-0.0019634266878989074,1,0
0.9666666667,-72.25835171364976,202330.79051417398,-233.45960552559515,202862.62904424805,-47.560740506155064,204785.05203323372,113.53155213515105,615.2819103945413,111.4635507596629,618.8515269472899,117.76635114120388,613.8818659769214,60.00062306112388,-8.604054851058767e-05,1,0
1.0,96.10563427392051,203239.4738632729,-72.86027239189542,204718.72004312207,-30.228895140795718,203057.46075353678,-144.7904630882682,619.4464771222865,-10.488052477695678,616.8603834814422,-33.290097455481046,617.6718922392815,59.996476073032674,0.0013833464290973812,1,0
1.0333333333,-53.72499634736632,203964.88095818405,60.65976037298955,202126.62278880272,30.823976384554292,201315.32503550124,-227.28596936958144,621.3034140463972,53.62510301946299,608.4235147747072,40.13854322628999,618.1923444053137,60.00218972198174,-0.0005776975787967356,1,0
1.0666666667,-168.98369733567608,202811.43381139237,120.54606084632445,203175.31226810368,-18.66076632603066,203818.71511309413,48.6301409465269,619.4010474657861,-59.20360374791044,618.2667536993198,-1.4473992603918904,615.5490579711378,59.99818847177315,-0.003378481498280268,1,0
1.1,145.07647705529243,202619.86343495114,29.94051614655924,201455.5497852422,-196.47867833123897,203360.16016163153,-42.27102393462926,618.3492870414208,-73.091181424436,613.5835030473619,28.065412819412046,612.9657835981701,59.99892197761257,-0.004291070363717366,1,0
1.1333333333,3.134313060452253,203273.70358866494,-46.427353133798775,203582.4751573498,-4.231809890539624,202030.73154574292,-33.068736023022076,614.9173835459767,-90.55767284291055,618.5763355087865,112.9526695330541,618.9719863035481,59.99625573690678,0.0043024970574228,1,0
1.1666666667,14.715829853264202,203437.69264889153,-83.32292898435207,203644.17092104114,-130.47711974238314,203519.61971096363,-137.54229618475867,611.9011410455823,87.7589762698355,620.5727597871127,67.86339425017962,614.4566894332113,60.00314465277816,0.004881458293130546,1,0
1.2,-51.92794892501153,202602.71832039466,-75.76034281700572,202727.42437826176,-108.88538893607982,201678.6082426929,14.97644682714085,615.8463624607863,8.260478850068518,613.3796530346641,-174.14930261193882,615.3490149491806,59.999709562710756,0.00028219359394369016,1,0
1.2333333333,-73.25192457621279,201443.77365311043,-49.33723586684038,202447.39888772246,210.48016581105085,202784.12213600375,-100.87155305501257,615.5717587297733,-28.943431747756033,618.4760342844614,-30.050866414609253,620.6526943104293,60.00198311178712,-0.003504767275713288,1,0
1.2666666667,6.833504464457567,202817.1059974074,-71.56917620168747,203673.80131457755,-8.257577967969244,202213.29629621384,-161.1814815264776,610.9460092457988,-145.05137800189394,619.1546267391174,5.72768305775356,617.4473529899385,60.001068418656516,-0.007558457470709548,1,0
1.3,-138.9172025263574,203108.4166823028,71.91706669346291,204249.1510147173,204.357453322228,203352.5870985147,31.337640535410465,619.2794863123837,89.2313597860793,617.4987890984778,36.67232257261486,617.0079510276124,60.00127744564712,0.0006675606062043793,1,0
1.3333333333,-6.03143624431892,201718.99426333344,-261.73584450902973,201409.03208479998,67.17292225006393,203293.50876622487,51.0467233658483,618.9230125281894,19.361482116459328,614.7544663620662,-72.57698235950481,614.4695980391521,59.9993658809233,0.005786449103814252,1,0
1.3666666667,149.0806467969241,203137.74289992035,51.88900740585101,202261.3665114615,-71.35536166546066,202617.38752156647,127.16617674436883,619.7993453062123,72.07764936287377,617.4007844442353,3.8339637400933606,616.2362275069064,60.001224393584195,-0.005004984536673889,1,0
1.4,-62.4212785534726,203399.2553629013,-67.79711489838732,204447.2368434088,-117.49903549637956,201052.87981874932,131.14152658647305,613.0256096171487,158.6787612113093,616.4322955909287,22.53283898105204,614.5833339141151,59.99897395623665,0.005838419976331238,1,0
1.4333333333,213.33962040851694,203758.52273021452,121.76813918476057,201371.15911675256,114.95396805092862,202676.00700552002,-157.7871366553005,613.3395792328131,-100.47944318496832,619.9619512118031,108.39203945050114,616.611282665591,59.99984486318689,0.0030912218233283325,1,0
1.4666666667,12.577141741060498,201539.4209513391,-5.022497391994717,203945.66437455936,36.98947519195435,202838.59567684302,31.200886800599765,616.7970433324779,-9.530296876603064,621.6692199491716,98.17942970607027,617.5345832195896,60.00354440372632,0.0010354625745320862,1,0
1.5,-156.93140255535855,202446.57649607855,155.36427356725628,202466.32580170984,-158.93716404518082,201914.51886157747,172.45219633378755,622.0252025909824,-136.24264935417898,616.5601858384597,-19.109515468398524,614.6002463601787,60.00092467342526,0.0031144102596163178,1,0
1.5333333333,73.87362316119967,202736.22273516582,-38.29000274830654,201490.21375661896,91.68961372897287,203718.80911173724,59.20163918224443,615.5939998795129,-27.938191106319113,617.0556349889948,14.911071055355709,614.7826875895477,60.00007702546675,0.003218212724846284,1,0
1.5666666667,-21.181182622812354,202488.77595621702,-16.29746356305405,204182.38675715096,44.15580016845424,203709.90081891287,92.8942047011539,617.5782099064576,-24.016448196073675,617.6952801624996,-22.4330161573659,608.5456824426387,59.99923244699044,-0.002559894007623498,1,0
1.6,-93.51625375069301,202262.3424600596,141.13914212098294,202143.1772317317,-7.079108737066765,203506.02734305363,-1.4381864999510587,616.0722055160137,182.49378127094252,616.6968108908034,58.84371290591501,616.8022134364606,59.99912186744503,0.0036427348099251776,1,0
1.6333333333,-174.46456117916674,201224.51895718643,-179.8007663922845,204479.55074586504,43.061806820656706,202542.25751755715,-138.76164455975805,610.4980469534867,182.17962168627645,620.4512300041868,-38.20579361765465,617.9506807279797,59.998694555472255,0.006568794176115241,1,0
1.6666666667,29.43146838627586,202226.45840913078,52.075522187335565,203353.63176499755,-123.9908043553262,203647.01400911514,14.476468120620318,613.0654198875399,79.29651412251911,618.7839431717988,76.32738146814236,615.8078933777464,60.0003609957524,0.004982462354370102,1,0
1.7,6.151863669017374,202794.95913040306,16.299139652468337,202532.5068452539,-96.4426239314197,202609.06339288453,194.43866556154666,615.0672875332334,126.30005086562534,616.3995768729181,-82.18210613151263,615.6289896842607,60.00099740654308,0.01035437353159044,1,0
1.7333333333,54.74040452189696,202167.66899218352,83.60876155156356,204337.66626520574,-203.15429054490806,203075.02767764544,30.54277387223981,614.4714698829165,51.53262311723596,617.2187309301546,-187.39026459561396,615.7498645745187,59.99850994055613,0.0026430067156892906,1,0
1.7666666667,182.79283894379566,203070.07281145436,96.40960817532431,203612.79881035333,-25.409987364426605,202546.21055412322,62.63838943805066,611.8028460044613,105.63310353336978,617.0947051833368,212.13974893247263,613.1818256267532,60.0004775106557,0.0061173074233501195,1,0
1.8,8.919063807255837,201854.59522161089,119.89940785263244,202759.16746925638,-153.14469452996775,202116.7092580714,200.04767818807608,630.9611923290644,77.98445366342348,626.6670919785855,-90.43955427394765,622.198272444267,59.99770757326694,-0.0724628966373212,1,4
1.8333333333,134.11027499146817,201257.72541393837,-119.97802134810672,201723.52196462543,-31.704168636567097,200749.03575025435,163.746221165846,625.0825300541586,-124.58881021907288,631.1874996267193,199.5467985602135,626.6542860220916,59.992818774790656,-0.05450187977038337,1,4
1.8666666667,7.370251821821761,202633.4191007861,121.8694729793445,201888.84621716416,103.974266833019,201737.55048307052,39.25579880678187,624.9117695009579,108.86015481441036,625.1081345163576,97.75259797873194,625.2491060924164,59.996671116892664,-0.06555007416827875,1,4
1.9,169.8616065137937,202461.33302376445,-79.32864429842743,202566.69987265585,-125.79569323765682,202725.54446699854,-33.87625644194449,631.3828137915128,-33.93202882297233,630.0926393040891,-56.476341651036556,622.7597184578726,59.992860970261184,-0.05254370508312966,1,4
1.9333333333,47.46480093253479,202763.39062792374,-175.4135220796628,201660.1979183818,144.95674257271804,202954.7698666259,-8.637510125310332,630.0516518378181,-101.43315016861014,624.8092226899838,-91.8651543665791,626.1730612200101,59.98977154444038,-0.06405170306699906,1,4
1.9666666667,-60.596785611105894,204316.1671872342,28.174010546504444,203520.4396145208,-79.3039921427908,202880.07974648013,-50.86854692541371,627.4693787063402,-38.77844696380992,624.6503340620202,57.016402184223,622.6308058060754,59.98534406661862,-0.05130581589974226,1,4
2.0,53.01059769234843,202532.60690672157,73.20846916480292,203257.94997393698,48.82927691591555,202638.86101115763,-42.78441153246155,630.0429158030483,181.29998201591263,633.6303559818391,-119.77781978096895,626.9941912235021,59.99008902746499,-0.06332761429569085,1,4
2.0333333333,83.29207659439372,202676.38821485022,88.24772743688925,203167.2723829888,64.18964784305521,202110.82426106295,279.2689073212754,631.660945857663,62.70491323011088,630.7670725911571,-93.51424567590317,625.8512098413014,59.98855482026391,-0.060865910074653806,1,4
2.0666666667,-49.416832056003685,202637.83109123877,12.199744225621114,202578.33594944756,-83.45863999795918,202600.33853139335,-49.38101347071814,629.1761191942796,26.624852682748603,627.8748866492722,72.8055738458996,629.7505020761522,59.981849126508386,-0.051580223022949644,1,4
2.1,105.78730452613088,203039.75241839574,-24.114786271001392,202732.9784147377,177.0652406388014,203385.4490284787,-60.439195621220136,628.9966853651014,2.2250644119642753,625.6051886406109,-5.07222235940163,630.1838123681997,59.97844849694387,-0.04924695879671295,1,4
2.1333333333,-170.92178800706628,201388.9786476769,78.69488562402958,204404.09175705625,34.161715443220174,201874.3665239689,19.284723985684295,625.7745709535117,-43.85038759811902,625.0774183866331,-7.036187675023349,626.6556138347712,59.982637514785715,-0.05315042985967766,1,4
2.1666666667,44.67984825881357,201599.25765683036,68.00614073955144,203291.15320004275,30.681404448802965,204362.77546942685,123.61203198291498,624.8612182643197,53.204293376146026,625.4685596037816,207.87331390127167,628.7466281119188,59.97786370196079,-0.03742764891666927,1,4
2.2,7.226900918644814,202268.833193067,176.49303272663155,201626.4135488025,-56.15918325436434,202118.93003878076,-19.405380251564864,624.4494920383231,24.960950739008872,621.0522929834733,138.4726151497176,626.365214766215,59.97948740896428,-0.03728962049907598,1,4
2.2333333333,148.98280041563905,201810.27741405417,116.14607102070855,202174.15283834364,43.81507475558301,201619.15478373528,-19.56334736736347,625.580828270028,-17.703331700234294,627.1064899686412,2.2145773734641545,623.7435646438123,59.97429698698509,-0.04794668950525885,1,4
2.2666666667,106.02462400742932,203202.06698020946,-22.868832766906035,200815.75316460832,-0.8319339937977808,202453.44902528703,71.1152608291585,624.6868709675011,156.09043003256065,633.1708484624313,-222.65213146069473,625.9155263621335,59.97266617892535,-0.045689990715436474,1,4
2.3,-12.107593909444402,203264.92340663157,31.719806619624073,203521.0083647205,152.49558912276274,202264.9147226549,-49.16255149828463,624.8610083821142,-142.2219826276562,631.5233759435513,-163.8747059142024,629.2206502698454,59.97207415999378,-0.03797287000360487,1,4
2.3333333333,-54.762017575825745,202671.8064868236,-131.54754582481812,203343.887150292,26.382488326985495,202885.51487497758,45.05735473359942,622.7100077797136,-22.36237307652632,633.6013541535293,-51.10872770558536,621.649607614587,59.97020355172771,-0.035530609997172294,1,4
2.3666666667,-61.80243767781127,203223.60265659983,2.140436212433684,202735.324626197,66.07685258205458,203521.13517861522,-211.70468801883612,626.7365991898323,-4.174965303376736,626.2200009359066,95.03187840639139,628.0997485851121,59.97330485628847,-0.0332315982713628,1,4
2.4,23.09157671986796,202987.2648374832,-7.298437369243112,200577.13200308793,32.43922038184267,202014.44906304148,6.733925115143169,627.3590720129271,63.2396554045529,624.3109456807664,73.51341486227228,623.3047558598685,59.96957341694985,-0.03226167765023937,1,4
2.4333333333,-92.2655195820557,201510.2695956721,104.95074821778408,205046.6710616029,53.66101390985015,201701.43970786667,113.01571164632973,626.8515192194504,-17.19241274678101,623.6011167421649,-192.17895068770628,628.531328209384,59.96822931857367,-0.023664345405636826,1,4
2.4666666667,-1.1956141263975806,202762.26419126283,95.04820001953172,202542.37417557408,-71.60406744251802,202198.56319280475,20.32509402754104,633.1898866044733,-57.02162476340428,628.4673913004572,-150.43233165300862,628.283764570819,59.96630276231376,-0.02982347999556098,1,4
2.5,-77.01013439408148,202929.41059186234,153.52293893275404,203473.29920126128,159.13372040098508,202156.3672062697,-18.369785652017566,626.7865061209758,-118.26496777781026,628.3166642445299,123.64772477041693,626.4146679721699,59.96362183975298,-0.037051304786471034,1,4
2.5333333333,-33.36732899319726,202473.4369922405,39.555019641243526,201843.99054771446,-36.20699017426269,202042.1517175732,-52.270377840813474,619.8445999015237,-61.18907670961493,631.1357403927401,-152.57920373110667,627.1972319930677,59.9656514606803,-0.03119673675706874,1,4
2.5666666667,27.38228630133054,202663.68368953041,58.1269499924736,203970.14253691546,42.16889282625118,202068.97936614495,39.658654778571865,623.9908032247589,80.53776583066197,626.0479891792027,-15.83870755203898,625.1305222605993,59.96456786034819,-0.02314009968309705,1,4
2.6,-239.70171725802297,202279.06469496884,13.923935283137494,203418.63944168529,-64.88804590193654,203844.0893672502,75.30744770246314,628.4081591189106,23.029631803341772,632.0765592454725,-75.90863514636267,625.967511843408,59.96267516071062,-0.017004717607457465,1,4
2.6333333333,94.80044090605917,201310.5236370991,-103.93594006945705,202704.55742397488,211.11700308049666,202110.7374011707,87.30922827854542,622.9584369719325,55.94065663897019,629.8119791867956,-50.472762930215325,629.7374775699143,59.96029307058504,-0.022546264741457135,1,4
2.6666666667,61.013142270802405,204027.6686345304,124.16890227374702,202163.10115417355,0.35986231901793664,202051.8548712322,-42.40426199011095,625.7859151458895,38.856215429469174,630.5235554472595,4.075093284660008,633.1615259617831,59.958030531051826,-0.02386719624284152,1,4
2.7,102.41886617875525,202267.11294195164,-5.785573720460329,202661.3761886645,49.11584778354131,202391.0431066663,-34.459266489853,625.6502320860716,-4.4933189737395045,629.3451603226189,-105.45483963068236,629.1690449332513,59.957764375941295,-0.026671486457587695,1,4
2.7333333333,45.01902791180335,203228.15923958604,227.6725277713001,202345.8945285707,-69.0399228518721,202727.28764685683,49.65108413381561,625.9590634137758,3.310434920951968,624.7809942031208,142.14285035087488,625.4811742874463,59.96103872968972,-0.019278043523546763,1,4
2.7666666667,91.3319241999818,204191.01642876808,-21.924722278549737,203247.7352725312,-1.5467114897213532,203143.6487905783,113.07429375536336,623.8400456504066,26.250229566461336,624.7946816304177,-143.3795182260498,628.5647425493198,59.95797722991706,-0.025924951745052265,1,4
2.8,-67.40031744329042,202308.16871494954,-54.758984233652754,202721.1602855554,72.34154025367128,203061.20295271464,24.8304533740773,630.6424110788929,-21.209982104713294,622.9957616173647,-3.733149218791536,623.4730620372048,59.95781074389773,-0.02095887180840356,1,4
2.8333333333,-14.835555353143075,203401.1662024947,36.82942052999727,202319.69020439932,205.5583543787063,201936.22007787743,64.5064227209827,632.9892673217646,-39.92048456138827,628.3372851485416,-180.71319045758304,624.9553809852213,59.957359200453354,-0.017592694363124283,1,4
2.8666666667,98.99442217862122,202204.7196275848,175.95462028220058,203128.36350531495,133.85753756474872,201428.2214910652,186.91353181402962,623.5364550796455,-53.86097434944469,628.6622424190625,-91.98696308006564,627.1245824334126,59.955389375886234,-0.023944014333694766,1,4
2.9,-31.067792203652008,202789.4688737591,72.4151426788381,203953.256098522,140.13456404666027,202662.82443787318,-122.09647896867274,625.93683529724,-63.79602730536983,626.8541243291683,-79.64961762279276,629.0178825454066,59.95839989107783,-0.014366162700166973,1,4
2.9333333333,11.870247866220103,202206.25320518308,-5.6167951226339365,204391.33507348213,-177.68122944310167,202986.96948790594,-105.4540247626984,628.3950417166906,96.63729338015855,630.9169689629931,-68.28805097398141,623.9774643872887,59.95376720437237,-0.0154924590062118,1,4
2.9666666667,-19.57728904074308,202730.21100172529,85.81942155910909,201140.75670643413,152.87376982342886,202248.55988495477,116.0381348999075,627.6681698451227,-137.10312196065917,633.0204617668371,-122.57759732973484,627.9149860329176,59.9556482739538,-0.022001333160283684,1,4
3.0,-59.67927553602053,202323.12018572062,-99.65048392161526,202812.2482213974,-54.41698179188886,202020.97102457186,23.788898793727103,622.4714730352689,-142.6773941866345,623.2029697972407,-54.66882539830083,623.6616935687404,59.95556167878021,-0.02349646989115867,1,4
3.0333333333,-69.73335411667043,202877.1006789252,-97.23545160735301,203913.12008420817,-84.51461974787703,202192.25616066332,226.12839318185857,623.9394540090914,-106.89001880768377,625.2547080482371,-88.93210430289214,624.5296527374178,59.95423564474491,-0.013640295834141176,1,4
3.0666666667,-54.47108759730712,203434.96812000254,-69.86225421704737,202706.54117484385,-15.971152155219638,202380.71650977875,-58.97040385929991,629.9405813989481,64.1839928301998,626.0496004769823,-137.92593368934462,628.1003518233621,59.95762756878113,-0.022164781696544657,1,4
3.1,-139.306500848248,202757.7923758207,-54.83386082924219,202153.05077215526,100.80368347850762,201516.47492693667,-77.96453671422658,623.632276969914,-12.34801865538741,626.725000402934,54.39447008033217,630.122947764548,59.95475281464498,-0.009539015084130895,1,4
3.1333333333,-209.970052570689,201674.54874882533,13.12461816055389,201859.933036349,-17.520540644996046,203105.1855394701,-110.94716980503716,629.9207894591393,-14.747436631817955,625.8502388994605,224.49810654961655,626.2048956339678,59.95557256612609,-0.019627005613965704,1,4
3.1666666667,-17.21279524303619,201915.89615101134,-36.13882360510354,200637.02011077866,124.0994440045585,201785.95170187613,212.3452863396014,630.2245165929256,-39.601655686468874,628.9316703506314,151.0027416849268,632.0777608774341,59.9476689521083,-0.008870366450815983,1,4
3.2,38.64750206339828,202764.26610921245,188.63592097745038,203602.27467539057,-184.7422285802217,201930.2885345125,65.05289907083146,631.9076732785692,32.77593348925716,627.9645598638999,-1.669386662267128,622.5464726820451,59.954879977321035,-0.01633473282454699,1,4
3.2333333333,55.616631946906466,202264.38068377008,-25.211626691327236,201903.41203576396,179.30805856806094,202855.39711926447,-15.35450213535551,629.7096545397872,117.365020874256,623.7923856413584,-50.81654221054788,627.6490170122989,59.953522505982846,0.0005566564022379192,1,4
3.2666666667,-120.1687222714575,202867.63936233523,-58.709716201269636,203895.93354924736,96.25085020280122,203258.4446115942,-185.1418743019332,626.7660734026044,4.988479611906975,629.945889854243,230.01104938175817,625.8622714257198,59.94775467180955,-0.00766487769113123,1,4
3.3,-17.83364613717553,201349.13340395107,115.78953476286017,203079.7104011031,-11.701827882092562,201536.7116583102,64.97349984881534,627.7187841330269,-43.81958849123403,629.376181251145,102.01340510985241,628.3971851806136,59.950323149861106,-0.015494600084182032,1,4
3.3333333333,-99.78183329738857,201182.98657770417,-50.67215680255216,203962.8755049354,55.025211217026126,202861.65602951456,93.79451576123135,630.4387050703313,-129.77502861728772,626.3730682758018,-39.92649077408409,626.4429228573279,59.95079416069189,-0.003744990755180872,1,4
3.3666666667,22.073485156586727,202581.26983841075,-113.32719562385904,202311.55407762312,194.72788663198847,202851.87784203762,-7.760561795546783,632.1143990055158,-27.24359027203114,626.4542471049219,95.40011417455194,626.3489050334056,59.952972862179315,-0.010640208641645896,1,4
3.4,-88.17819745996205,202601.05101708174,-175.5550936109777,202584.02669889136,-35.13799636986117,202093.39191894353,-23.97233719106176,623.9895277373755,23.52591850094194,627.5766362450482,273.43470546735705,626.6177866349038,59.950232354389364,-0.008360567229937372,1,4
3.4333333333,212.13437379283613,203630.2693311421,-45.36306879554091,202219.82389367736,86.16788201377865,202445.3928103193,97.27551037294069,626.3118624292131,-76.08016927988989,626.5580791224158,-46.686961119350734,624.445774286446,59.950100047345096,-0.006946196520370645,1,4
3.4666666667,104.54191487426975,202232.25154710686,40.947536366820515,203294.78848408978,-100.76378772055234,203549.24769942558,90.61060358533543,625.3341384939106,-21.966240153091462,626.2277698370872,-72.37136386186047,627.5063620287314,59.946336820423355,-0.017197697439564,1,4
3.5,-28.72183360144644,202517.78570614723,-98.6360278138093,201572.90499044931,14.313876705920089,201981.9669100785,68.2401450431767,623.8194629292346,26.692522039151417,625.7473647914029,191.2927459211505,625.899828985251,59.947877355861365,-0.009883019909357218,1,4
3.5333333333,122.91225407423605,202388.36886260114,4.896085351306574,204404.73633637762,-234.26749344882097,202134.12569252332,205.0822979986862,625.6459050070417,-128.34109292109352,626.929756925865,-137.5993118225514,632.7728236619182,59.950684038695464,-0.001644046735326767,1,4
3.5666666667,-108.29061659621054,204007.5953648095,-17.092402183096198,201616.94223349626,87.2671409048845,202499.206803206,-3.5351868733238567,630.7255143303743,110.4673939796526,629.5799135141111,88.75307006488148,621.3628822787086,59.94577095895321,-0.008870285995673483,1,4
3.6,145.74775897304048,201273.48817103906,-16.446862824177146,202626.41113288346,15.18415280662627,202299.27687393338,-33.39646862241817,629.1274031189774,-196.35789582027073,630.0693691722723,175.59046277769573,624.0656719648036,59.94698733234467,0.0032459595303184503,1,4
3.6333333333,-19.813243616755575,203470.62008112817,115.5851403304938,202593.46516996942,184.92428462451957,203130.49540956237,39.09804881094741,629.3486378541874,-138.2383849758975,627.0517113511984,11.732256463036379,627.0685898429791,59.94730075763287,-0.01024965565462747,1,4
3.6666666667,59.64818621829028,203689.00213432338,-186.5181111825154,203171.9937165008,107.86387744823621,202694.32682319402,28.652474768558772,631.0414885305938,83.43703390875913,628.6213471947478,-101.61660942316455,628.3891559119858,59.94926796166184,-0.007698767385433557,1,4
3.7,-118.1468254415779,202475.18262902158,-42.94427177774584,201937.78446447308,61.21872367519144,202215.86984734057,55.08393371386235,624.2862724435465,156.8590940231895,629.3760555948669,-121.58756606835716,628.4604879826836,59.946758619745566,-0.0127998659094875,1,4
3.7333333333,21.31336590018865,201895.40827866914,-3.0111900907281175,201092.93382660724,3.8549694757408783,201783.04022753568,-35.564796926069235,631.2613978411553,62.759926204648906,627.5810310285628,-116.8352712664694,631.0376752670468,59.94738857522313,-0.00959520369536859,1,4
3.7666666667,-13.883533689914065,203035.56216220086,0.5522073431639791,202373.4341460664,-12.995214552312492,203030.69624392415,155.32534222062912,627.6380099683623,199.45399381491282,626.7038442560167,3.910861951873624,618.0677961987543,59.94592870652192,-0.001387898040368321,1,4
3.8,5.248890143371272,201807.07054629072,-27.74347458026086,202796.14619784174,110.07237936085193,201590.5983344922,62.05125966344352,620.3597263654408,43.67948030778159,632.0677624708184,-95.39685837601651,624.5629732736282,59.943604482144494,0.012010306306111877,1,4
3.8333333333,-36.59465292179272,202879.15285253467,-51.09694903705234,202715.05758367517,19.726324657035885,203420.11125774437,-49.74753611210606,625.4898814797725,-188.60032706788215,625.2679082020969,5.526420315470844,627.5901556395443,59.94726394266852,-0.00390748819967037,1,4
3.8666666667,209.6959317701657,202731.66468462464,32.37043831979864,202136.84046874064,-248.7331671493837,202886.58830204458,-212.02242581138412,628.600639286415,-53.101040861596545,627.1187712887164,-56.237240235952925,621.3616977019042,59.94695272530266,-0.00509009136976166,1,4
3.9,14.539145885770159,201986.1462834416,-103.96838845977234,203209.93427891552,50.79605862714057,201060.33459241592,-3.5612780003950664,626.7232178047213,-53.86462344426281,628.389176910916,-152.6455641470684,624.1819674269069,59.94467804894308,0.005656890009961857,1,4
3.9333333333,-37.203380022901,202193.42184103062,126.61091498914053,201525.33481659085,128.94655688909793,201677.9343876301,-3.9212937448787994,623.848518680107,54.216274435367765,623.1438096296927,15.032271843103665,630.4056384789232,59.94712473992386,-0.019203613523117447,1,4
3.9666666667,-61.13827987794345,201490.803660764,-0.41176726873537284,202271.27617693797,-22.57039483163951,203333.6738418344,-30.97901368451932,629.7543868309456,11.547909379254273,627.940294199298,54.7759953703352,627.6150343647075,59.94822112177772,-0.0018176112865022332,1,4
4.0,-100.25356078779309,203043.0258873396,42.13300787489051,201443.97303842087,-62.42963418520706,203226.83884638015,-101.06927618185179,627.7452783059665,-3.167313896597887,627.9419071032872,-10.192662314106364,624.1587161981607,59.94347142733102,-0.011736655707864484,1,4
4.0333333333,-72.96780121045141,203226.5489400507,-77.04089198618729,200535.3138258272,34.84615024717377,200900.64081941973,-40.77667997419556,628.1530169249961,-67.35294219486899,626.2461837169262,1.7366011274203301,627.1847703678125,59.94767879351396,-0.013281230989464958,1,4
4.0666666667,-101.52238366121759,202914.19002490162,-29.397895803344504,202348.78249735397,-190.8316800517107,201557.89945631498,-20.523794945899265,626.1208531036225,37.31939010318163,631.38356012513,13.577059320881972,628.3747527854798,59.946894154944395,0.005572118320253186,1,4
4.1,-55.25696156888589,203990.91033196135,-190.1471034807731,202484.27870156785,4.807343034716031,203767.17727993932,-170.75518752953553,626.8894380825174,-256.5799286947759,627.3502108974317,100.00192026877104,629.2462968915969,59.942975221676285,-0.0006948574931835184,1,4
4.1333333333,193.38422252816386,203951.53416841716,-111.11319477673976,202346.20993714087,150.5330321114008,202603.66096708618,-158.69049696906106,630.8661007059659,-9.75852631741313,626.892185792865,-125.22985392039435,626.319677705398,59.942619863765046,-0.0018227900471930378,1,4
4.1666666667,84.33463426501103,201964.37240230542,-167.84523877703336,203274.16863152344,226.72169688477328,202212.70130115945,-49.98692631841218,624.6608061085693,-53.5176787849378,630.5915772857134,107.18112665715539,631.6561631104333,59.94456094974891,-0.01197727533358048,1,4
4.2,-39.64002346510641,201593.6594711281,14.202727060766549,200278.03524324356,137.29122794966162,201918.23509091564,184.9393568392674,627.2329252584859,130.50762380082745,626.3393325089156,-122.33141203621999,630.4397818975424,59.94646245034902,-0.00939117443279357,1,4
4.2333333333,123.30678776928335,203300.4135183576,89.95757920658531,201391.9660819268,45.52385396452602,202817.07789230457,-38.39119415038136,624.2791149778247,-53.91987017421375,629.9410820012106,3.406718279311791,626.5591001660763,59.945924661626584,-0.008530977436923848,1,4
4.2666666667,93.95441104227866,201825.65407528196,222.84220855468,203312.251844936,44.88145281027637,202348.1946976046,-59.466840243754554,626.8501109930012,-24.239913644314306,628.3426460699811,-113.21365520327952,631.193363157297,59.94459822990519,-0.0034957739319028936,1,4
4.3,-71.02755282005319,202000.53954084526,-57.387471252594466,201102.0864587986,-28.914988471667314,201836.7344256859,-128.34095016076535,622.7507231135354,-13.682195424749803,627.6756717561736,63.109085722331834,627.6671237084928,59.94430831970152,-0.0008616253896172122,1,4
4.3333333333,156.63218967620332,201942.8395453626,36.75397250948955,201802.3714361502,-0.6218630076678423,202633.6686520212,118.47563113023936,627.0770832384047,6.809993522483304,630.6305675320281,48.3194832574007,623.7957193793933,59.947277831639525,0.00525999606170139,1,4
4.3666666667,164.88950271177768,203951.6899373166,-89.45092870499258,202372.1690279638,34.78618473644609,202192.11354291555,-82.51890949860731,624.5245991625646,-30.631086913486563,628.1918149639115,109.16773061276834,626.2456781167457,59.9464096115706,-0.001569128612034259,1,4
4.4,215.0801534128991,201380.8850117957,43.65586324514318,200461.31576526348,-63.99617626469953,201449.0519601069,-33.52675872129588,629.4117528215362,67.65611516452826,631.3581261457716,104.9513214647841,627.6410919430548,59.94359096292426,-0.0019460245434720805,1,4
4.4333333333,-173.931370669357,203102.40188965382,-111.39109679015885,201520.396584199,-46.22915493389086,202697.0859101498,-20.865731706659187,623.2288382324956,105.45712043111996,630.1021513957509,202.10654088757295,626.497759573003,59.9436423792723,-0.006497987800576357,1,4
4.4666666667,-52.64766310119778,203660.1398126025,95.88058057525163,203023.92046525137,29.302497905795367,202165.48254292036,-0.4393111860124108,629.1172994803601,-12.799760389774347,632.6384959648711,34.696051046877606,627.3001473779776,59.94417860908534,-0.010286447228186365,1,4
4.5,-96.80245837305046,201025.18310531654,1.144991657122715,203810.4606349133,130.12819741589755,204127.4860379896,173.61806612036864,624.7208960657433,-102.0584150783732,622.0663972208849,53.02724247402843,627.1983364189173,59.946851286111766,-0.0032673539134983956,1,4
4.5333333333,-68.5219728524843,203085.61391784923,-12.697391080016459,202602.06058582207,51.29767207525836,201062.2206248534,-0.8415776307349159,627.6614429214966,23.287862714410277,624.9296348953573,37.05195403107347,621.3508899431852,59.94519406491663,0.0002557034967384411,1,4
4.5666666667,-79.44791811496884,202816.62675750794,-12.999573014247513,203211.06849653934,-73.37821638558185,202282.77038061988,-21.362515580125137,630.1961319859201,-80.8589494353515,625.473330250463,88.69645673049685,626.2243866196604,59.94579087738895,0.005912270273294412,1,4
4.6,-111.10879491736313,201822.83225497612,-20.48416167576399,202265.51720782457,-54.3172209232271,203433.53340867214,111.4682782616289,627.9221349855264,-17.236271142578456,626.6715719586286,-133.6091510454412,624.8032801118063,59.946084273815906,-0.00024746943880883015,1,4
4.6333333333,155.16611791805545,203955.4536808891,-12.218651531219884,202884.35434549724,130.89299745009973,202391.8725939793,113.67313349184091,625.5053486423448,14.000052713157178,631.9857646511147,-32.35647897910413,626.8340652470041,59.94257483669761,0.001605644448109531,1,4
4.6666666667,7.57040613352797,201200.67512762742,16.027625210664425,200853.81481160026,112.41277985415286,202923.12340735816,9.916206704292765,626.2714154458819,-66.07913796136197,626.5274346799735,109.50164771607494,624.9348690173848,59.945810571412515,-0.009516457464633397,1,4
4.7,-143.9019233191089,203056.77581455305,38.69851216637404,202268.3604685285,86.90030737846824,203032.6117536931,115.46496226959053,631.0238042615022,165.39088862939565,632.2421937643157,82.74433213476469,626.99250467231,59.94527350157128,-0.002732618707581933,1,4
4.7333333333,-302.7558996152433,201315.42088216392,116.16753200469896,203246.51093855625,-72.88050304631506,202966.5861581441,31.147936429789628,627.6692897779865,51.81795222688435,628.8347318466713,45.91038465205261,625.4428879708875,59.94176025320287,0.0016342349957145764,1,4
4.7666666667,22.960613844093942,200936.88270578257,91.19957238815397,202187.8011992098,26.427049090685056,202559.71525682538,-56.27174656919937,624.0974442772366,58.017608465761924,620.7261460575215,69.9982469848392,627.6563465925017,59.94691790494798,0.003999265692904625,1,4
4.8,-152.80381457530052,202768.46424533238,-154.75876737082262,201168.38646618274,198.78146172364364,203942.01697624687,-69.07135301948617,628.2155711477569,-30.403690002286954,625.139701634255,-148.15940295198823,630.1965287247136,59.945499096975645,0.004372779287844952,1,4
4.8333333333,-199.8893283390101,203280.4396946935,123.94529895260669,205143.80660053168,5.260871046093961,201993.27500576427,-194.76800235634298,627.8249588278688,30.370025448125944,630.9327675646053,184.48975316261692,628.2095731659805,59.94115572586537,-0.006329961804628454,1,4
4.8666666667,60.00731035139655,201401.1821016626,41.635319116299414,203397.50906850884,-26.256173502839736,203145.2614768354,-15.524548350487692,622.928879788731,-303.5533473340496,626.4175996857501,111.13606182354688,630.2926175459115,59.94268044536069,-0.0015620192117882033,1,4
4.9,-20.148158987520482,202693.98869253753,148.3114960399239,201949.93043508462,78.51351915884366,202749.00979395426,168.13488419732641,630.4930131496541,-56.923336161257176,630.9228051274177,85.96189077025653,625.4460285126793,59.941101559639876,-0.010632104689712362,1,4
4.9333333333,240.69126383576915,203025.3797159618,36.57407869592622,201951.6563617765,173.46620792079838,204324.82701373185,52.32689854050232,627.4016444255642,61.33070321582935,624.9474160264083,7.430123260973892,628.8214122242518,59.9473284042138,0.007219235747547622,1,4
4.9666666667,185.74975835304932,202045.21184872347,13.427447242375989,202392.48874906762,-50.39728516361855,202720.94381226535,31.314211218115936,624.870621271749,127.25649264455849,631.6533313180811,-88.85694632098149,629.7891626752967,59.94246735102649,-0.00027916843232792866,1,4
5.0,-81.87459023109444,201692.77441982497,-17.71219167775135,201781.29799801388,53.59313734676006,201747.1633464688,-108.3611367115055,627.7165050103425,-57.350809070155336,631.1752171865919,27.27024817647411,625.8397982213875,59.94574693914284,0.005884990410262768,1,4
5.0333333333,40.84682798594841,202025.61786397913,107.2026449460478,201071.84644871127,36.155352907165216,201669.4824893365,20.68364277352192,630.309994388324,-12.55524933250389,626.5432004948724,-239.60865606214986,621.5570303422639,59.94227970581775,0.003653218423733856,1,4
5.0666666667,-83.10155513863785,203545.88605089142,208.02342610186406,202160.67293595654,-166.63469858901573,202683.01932180588,-45.4103931677156,631.7919438788451,-87.25157081971085,627.2208884679511,47.61859125077749,628.958600272619,59.94120463388214,0.001773209620037301,1,4
5.1,190.10757864460072,203090.1173556183,-57.40096830887547,203137.57898039167,107.82668586537316,202626.89141489795,26.40894194513824,625.1258803937202,137.93186514388213,629.4241592949727,-3.4831626179165256,626.8364614998736,59.94574409013746,-0.007912394633880514,1,4
5.1333333333,114.6472985250319,202376.89056587068,-222.1243258898443,201653.6286969559,114.00686528849089,203605.78987409515,-75.11109074602989,629.0596532729791,-79.6516901422166,622.3804859988201,125.33921719227564,629.1610725101573,59.943547663122565,-0.0020291788144480784,1,4
5.1666666667,154.9336126547771,202163.47473555172,117.20531628489775,203462.69094831203,-111.91660278696756,202091.24037412732,-158.33501466931233,629.5506544149375,73.33434320659539,625.1708868517903,-137.2809533122783,629.3454644924185,59.945861438072534,0.007344058274011401,1,4
5.2,-192.44672947948376,202761.76275280575,29.763697152211925,203150.3416596741,-108.87916167349721,203647.3313499814,82.9645943461198,625.0782142059154,-140.75707037700147,626.0032788790445,-18.477770739433236,625.3796262935617,59.94232940551451,4.7803219535738455e-05,1,4
5.2333333333,-82.61131954300022,202419.82535334787,37.30525552701608,201717.96849531008,50.85812022767339,201201.49498724216,40.49529920027127,631.1872898548405,98.15146640074543,620.9340225363702,-95.34226516018316,624.9919438722661,59.941683318894725,-0.0099148253452785,1,4
5.2666666667,-105.80825858889231,203412.78609835004,21.0953312443497,202971.0004791282,-91.41507864319553,202038.62208300302,0.8505079381924527,625.9174357229532,-9.633410117973542,625.6256312460234,-46.735992938529336,625.9708082346901,59.94245329349825,-0.012241591164321842,1,4
5.3,154.90373380315768,202454.72540542434,0.4847558745108822,203312.9641470778,-25.415730831878353,201466.50836693682,-141.98631687504167,625.9723480993484,55.35897620663623,630.3050586384946,113.02861771752342,627.1874915376998,59.94097283572541,-0.005679194264873495,1,4
5.3333333333,34.52978370242277,202089.22986737418,153.14174424603084,202528.68550873996,-67.56561997712815,199973.00897087148,-50.00378534803325,626.0084734185211,-53.635628508865665,628.8096113957096,-118.13660010886329,629.2888450622477,59.94259199413446,0.0012983790370114869,1,4
5.3666666667,-146.5280631994693,204021.1502510542,-98.01046583409575,204213.69402443335,-92.65661443879694,202257.99997458232,-37.06623209365395,632.3097783300964,-99.71715556807209,625.8284840051508,-37.13493063947109,627.0361005170796,59.94725202752536,0.006014562836650579,1,4
5.4,-0.3142299741109216,202324.31566189718,-13.498555315821044,203088.44865053537,44.8473572484262,202172.74227773424,-26.130266535875567,622.4633551657557,-192.12364216891862,623.1102516829228,146.30966598245723,626.4655256472929,59.940151058835305,-0.00411249539801903,1,4
5.4333333333,-63.595394441036156,202219.45386486853,82.96474922444938,202503.87118659355,19.648852808921127,201315.46131893885,130.8599105964727,625.5463764242037,-10.741716734143758,629.828661348894,171.1224768274548,627.2252059636486,59.94152317262597,-0.006049190569568597,1,4
5.4666666667,179.04649661119953,202169.47872098183,-108.4344295294182,200839.03530208213,-34.690013845594216,200813.21337929045,67.02870100629937,626.4449883263661,98.24115424594285,630.9350964313027,124.36824179853545,628.6386929173948,59.94050345194649,-0.0018602804977478965,1,4
5.5,-140.5666069045012,202177.5107366148,264.21234173357203,202972.01041381227,204.20360626716078,202556.02359875958,13.760012357590055,626.8913247238078,121.13633239517509,626.7637021217403,-171.34053332386182,624.9444547258852,59.94407263829813,-0.009942998377734642,1,4
5.5333333333,88.25765730228659,201702.46692441156,94.11793241143971,201367.47894298803,-13.779191464438322,203924.93459402712,-17.496536934910658,633.9366532293295,88.6335632848726,629.7865051378275,-134.72782348784352,626.7085735111938,59.939479712418255,0.002493099768218208,1,4
5.5666666667,64.38102691518054,201534.05401768655,-94.73596445939174,202091.17990852124,83.82625223619408,202783.65605606866,-50.935290273507874,632.4154967927807,131.65814924387874,626.1038421386493,67.81428759268451,624.2207449859757,59.94540818402072,-0.008075547573435158,1,4
5.6,115.08865115230697,203425.67016731086,79.8243021763941,202435.34017258263,230.28002398565323,202317.50591392998,-7.401916445909162,629.092877559916,125.92064943745973,626.2776674626272,-104.507533459222,626.9672685316398,59.944056910639915,0.001617703288486515,1,4
5.6333333333,-112.31891308959531,202600.02212293824,-79.01413244379899,204283.57132596898,64.63812273476645,203133.37062960275,-22.2684715590917,624.1571477043859,-24.085732781636445,626.6144238963761,81.8049016374929,625.1044851779108,59.9462876236508,0.005552499409368561,1,4
5.6666666667,-9.86163065144086,204061.75130017486,-215.3338264125173,203067.35838907628,-103.47236619241063,202925.5028373661,20.523954719251705,628.8028833980317,211.3971390386712,627.6151302217363,94.91438608490235,631.3553069529554,59.943572702757294,0.0027244307706797382,1,4
5.7,125.49833401217472,201990.8556233479,-58.9670355757485,202348.48669606113,8.704826043449863,203029.4214320234,143.98981835030767,628.1094229220795,-1.2052988327114347,628.3645841145222,-45.90406843672531,622.5027051337757,59.94008287598624,0.0013237209769423818,1,4
5.7333333333,63.35605758878941,203643.49885722692,137.5660813006983,201944.47062669497,136.8864217704057,203308.12051635864,-25.141372558908657,626.8246440750326,-130.73407378342557,623.6205904363109,-21.902014915674048,628.7504409405631,59.94087785858621,0.0003612761328044764,1,4
5.7666666667,73.77086709748548,202690.35679172853,-43.544533250930584,203246.86467213978,-151.4935509902844,201593.133024434,0.3711805555430614,625.3512249798141,-92.58439096721244,629.5796791152685,-88.78504245273513,623.8417221633448,59.942880022375384,-0.004049054450353122,1,4
5.8,7.428113868178098,203076.006976673,-99.94832733558715,202886.45381651336,-55.16994894356939,203370.54964339026,143.23294656413165,627.1636787968057,113.8718561173795,621.9380417754563,-99.86446579415858,627.4018878430356,59.94279554544681,0.0011273784110855023,1,4
5.8333333333,-63.15675257214219,201653.92193604403,15.661805317561413,202804.72202599404,61.323056529896434,201878.9277858112,-61.04973983877971,625.3233729219319,-45.36897265776996,620.4359158890777,10.551207594841184,626.5891570245054,59.943058831747244,0.0036170865783778346,1,4
5.8666666667,148.79715039344563,202213.03037341253,41.68713667344454,202302.17570506013,108.41020912559087,202741.22551404298,-142.54125830154302,627.3709826362083,36.04323890256807,631.4337108605995,-2.8275925524918835,632.1318310631184,59.94135016569098,0.005443305969296839,1,4
5.9,94.90810605309149,202866.05237556473,-145.5434307763525,202826.53667310486,-72.32038039801994,202310.90407076917,-198.94633087445806,625.0469296282447,-109.46729768616285,623.4091439705575,2.485384120799322,630.2718490299958,59.94271886016821,-0.00014598991738188429,1,4
5.9333333333,-53.43028477497414,203671.48379035405,-186.36826665162175,201869.6436311645,161.87023889628836,204240.58553280155,-6.150074947409431,628.305087504639,-136.26824327313003,628.3078810592207,102.85695042035383,622.3559184695109,59.94265472123487,-0.0025653358301152875,1,4
5.9666666667,-56.004716582631666,202214.94394270383,144.31850517345617,202791.40134910255,-15.362252902453028,201128.97197517948,56.57663865358891,631.6928407768763,28.248523238328183,627.3856819309942,50.04990768267674,631.8341146639375,59.94221870607432,0.004193382908873782,1,4
