TIMESTAMP,BUS2_VA_ANG,BUS2_VA_MAG,BUS2_VB_ANG,BUS2_VB_MAG,BUS2_VC_ANG,BUS2_VC_MAG,BUS2_IA_ANG,BUS2_IA_MAG,BUS2_IB_ANG,BUS2_IB_MAG,BUS2_IC_ANG,BUS2_IC_MAG,BUS2_Freq,BUS2_ROCOF,DATA_PRESENT,Event
0.0,69.15926484283385,208841.33130204488,-9.408068500534366,209337.1404794847,-38.343653446536244,207880.85625152776,-24.789393989014762,589.5946466979038,-145.54156802545265,563.4178450718151,93.89712516665791,583.6230028515416,60.00050755947293,-0.007203060597073136,1,0
0.0333333333,31.99157060083363,208703.30225666295,-25.632101239002477,209626.79255255326,239.18342626248995,209383.00305771382,41.885081509748765,582.9604946179549,-12.213027973940415,562.2198202116974,103.92258970644785,584.1987751120952,60.00240114462248,-0.0038539110310424735,1,0
0.0666666667,100.7223972029601,208289.33707068546,-54.770205142594634,208235.18075647892,-22.143611481501416,206950.8418002104,-48.14400790865137,582.6835376275257,52.937196015594,608.2560787089426,40.85302680103471,585.3247432825906,60.00414685042719,-0.010177333482154636,1,0
0.1,-34.65014790956166,208854.31265853762,138.43036946688642,209539.07368469334,-31.31057168166426,207406.80424104026,-83.86844659095401,585.451855355635,-70.34913912987734,668.8674090637575,50.49871505453566,586.8225146548162,59.99965709655681,-0.003673516540600606,1,0
0.1333333333,-152.00401774168432,209185.92620959203,-11.034935718392973,208521.20965376982,-69.11472636177693,210238.3942764147,107.43108568171945,581.5388410175481,-121.74944403063178,481.2609003947098,-30.817051504775293,582.9232376911596,59.99938921849538,0.0014559376673678674,1,0
0.1666666667,19.519108441865363,208724.0779000651,-36.57154240140669,209188.8530045839,15.370866229627334,209499.44735810842,40.401778538105944,582.4219446108065,-70.74650324710726,616.64524638012,68.8040956548097,579.8361395481388,60.000067750948496,-0.005939603708174596,1,0
0.2,68.7693084433356,209430.41242292328,-6.924553044632467,206082.867423923,-142.08870793611638,209773.10594479297,60.170033120416775,583.5004242888708,90.32600895934978,551.8187028326231,-158.58544875693278,582.8023885319762,59.99866522098247,-0.004669243824141092,1,0
0.2333333333,129.37582855328017,208394.35537398525,58.26202271068289,210307.2124010518,-86.82760852045936,207586.5194614986,-1.8039724610773256,582.6499481026389,103.86188521597242,627.673203132105,24.85368711278412,581.3673607067172,59.99523935793566,0.0013958463662979636,1,0
0.2666666667,133.7985308387571,210052.72685032795,-40.79321642067822,208847.74897854362,22.102933265887735,209238.54706277634,36.15476285355221,588.043909652892,-247.85497212911457,497.0307885335331,13.80107003277873,586.1156845263574,59.99775313458239,0.002783491101239652,1,0
0.3,-59.191505842102565,209272.3252215382,0.25725173678166335,208336.4376789201,-15.48605425745504,207321.34074056736,16.504733590292265,580.1254210010038,-91.21419587224275,586.8467560235573,123.03401734868308,588.6784459180964,59.99847640130573,-0.005531854541455589,1,0
0.3333333333,54.15239205246716,208932.51144901395,-23.900004216792126,208258.95349220812,-43.95052734562596,209633.78200522217,-48.452388609072194,582.8700590967679,131.33844994553058,619.3983862082841,31.170664367237563,580.1388237629499,59.999951418543674,-0.005475976476621982,1,0
0.3666666667,-36.97593938808701,209771.2648259122,-69.33942040607153,209622.0094062585,0.4218432469512239,208172.11047812024,-121.24666502049263,581.3492126780104,-57.812974459962675,601.4995645541611,229.689927440645,587.8079288940944,59.998678006492284,-0.0019419438769984552,1,0
0.4,-148.04436815082042,208898.94005109053,115.93453661933378,208804.98606646855,59.87398732705924,206971.373768199,137.4382676028553,589.0575500269243,164.66317701446036,614.3880625304956,-115.76615641580024,583.8938708319481,59.99987233580801,-0.005627634325363828,1,0
0.4333333333,-97.49023885762291,208204.97814122116,-10.522162801991083,207764.42156919072,-4.275396784481053,206831.77775706866,61.25203951993565,583.6977048318092,-127.56044416935609,622.8105496438291,-67.7263506231692,585.0080429267844,59.998269500905835,-0.004216839714167313,1,0
0.4666666667,26.034042451373484,209429.89095703227,65.6849900090348,208409.95137290712,-26.492292475437072,208473.32477524923,121.64187745819552,585.336776558015,7.470157160433731,479.71743670287145,-110.07561972728755,587.6047131862398,59.99805222690068,-0.00012894998463649487,1,0
0.5,165.23539161760232,208631.26626529696,82.54211017137638,208682.7491681352,89.48847307287501,206918.7908511243,-30.213055052043504,583.113938102066,54.96576633089216,510.2387275571786,-27.854315972321047,582.266088609971,60.000308956418884,-0.002803012776430897,1,0
0.5333333333,-49.760010644108114,209466.24941092692,-42.83163329186774,210546.59094623112,63.74008033879325,209573.35358004723,-109.50556341886082,584.3700745191736,-78.4017359263921,668.6309663385409,59.49446286257944,584.6051643538005,59.99828537123079,-0.0029645277053638947,1,0
0.5666666667,-62.86687871286757,208470.65335807088,-2.7024827017293687,207590.98236109168,-97.54105619989559,207307.77189599944,-131.09083325861624,582.835462794915,-101.51883532858572,596.090126367336,-2.33031097368104,581.1532745945815,60.00025823237076,0.002950724939362241,1,0
0.6,14.110665369917996,209071.10348160914,6.996115589189176,210290.5956958326,81.05032552817686,208423.5793849731,98.4399244705392,584.009327715035,-189.9629124397783,606.9846419645212,-120.98097692679792,582.8629972132419,59.99684654904198,-0.0020978815919020745,1,0
0.6333333333,321.68113790365817,207304.65070352418,-36.633523061596726,209615.6267765317,-19.984805594877805,209082.91502591138,-20.21713764970796,583.9651848034548,-120.26369090978169,628.0042598596273,38.21596567341194,584.2027589979534,60.000201461637104,0.006031489409699287,1,0
0.6666666667,-108.29049108604241,208711.49049971797,105.62229672329114,208009.41599227508,-142.47661789045546,209514.34394972274,79.22706690721557,581.2954177123233,-141.38810776893177,658.466816665524,217.3114519942959,584.5736025658435,60.00277381217292,0.0009504821415542252,1,0
0.7,-151.09206654089425,209754.9808608434,227.5310176333997,209622.69149099148,-48.131402118627996,208945.62672628261,-41.03150174869741,583.2045851672387,110.69957699710008,596.4096780738479,124.43900097351445,585.0487405066531,59.99841445974568,-0.0023699593941025007,1,0
0.7333333333,41.63763795910883,207677.80674138333,-105.68356619867987,208710.69778973443,-14.1609137277772,209738.53531428633,-4.819063026384492,584.4378179322119,66.31211628050521,524.5009388603595,2.422947066623863,579.341600955565,60.002270396011625,-0.0052589391435360665,1,0
0.7666666667,-17.153260247535073,209304.58269282454,-126.27221390043424,207785.26917251083,-104.90710979242876,207364.5145434456,84.1779796073706,581.1202004178333,-40.18416433405641,531.1662130787342,81.00140932394685,582.2225712358214,59.99863387541646,-0.0010592831212599256,1,0
0.8,-154.13392145704245,209013.02790074892,113.54562667355054,208398.5954218557,-3.588067685357106,207754.2574892931,22.413766508766372,583.3285289280667,-14.091806888068424,550.8407898178368,-80.3423502261679,585.8485235795011,59.99928474865709,-0.0014189399210614302,1,0
0.8333333333,-2.8237110630477025,209808.79693493957,28.074615498564206,207897.89354874447,152.86484850458177,209524.69272449115,-19.982936963210072,582.4806403713416,50.335183478096845,573.5013538346832,-76.68089870157046,584.7990436763849,60.002319796304256,-0.00023015458945441444,1,0
0.8666666667,-107.01596978577918,207951.47635993615,174.2700560201745,208602.65287260263,-92.66246571384173,208349.9957587369,-109.24014379189816,582.8428499719827,-98.88321079253711,628.3257530709233,30.524054024563927,585.7491805142357,60.000517237999,0.004542937923674925,1,0
0.9,-92.67966946481131,208476.22360545295,32.838721852337656,207579.85642096525,-34.0648980120612,209172.2032249247,119.46665706613268,588.5879799283824,145.65723001502994,594.361767135609,63.437436492034564,578.8692797762471,60.00197592590931,-0.0014462316011695422,1,0
0.9333333333,-170.19715471394025,208476.8550764548,135.77587975039285,209295.48285954294,-82.95474140239416,209246.84750894218,-22.86562560054833,589.017229057048,9.804953981130986,613.3049944816255,160.41368910634333,583.7261891454792,59.999769285926305,0.006306125672337601,1,0
0.9666666667,-93.03633756881241,208202.8301770998,3.8351976622738984,209670.5195046727,228.305013325593,207812.45488160852,199.12517525014943,583.7450993715332,95.72225265989367,582.4922024253518,-14.07668168444029,584.1581762980213,60.000126607515824,0.013284278347886369,1,0
1.0,-10.42406554584055,208696.64129496852,48.10654192950913,208938.97736286122,-11.371920323122863,209655.41638507857,-68.27978372471647,580.640323324693,-24.852598945763123,573.7259271572935,24.886839357221472,584.5669519838058,59.99938244293872,-0.0017526890488875923,1,0
1.0333333333,-9.896504131981244,211261.23184753387,55.57808634004495,208628.07544444423,65.57682055911327,209845.70586302158,115.29413422256177,582.1753033952941,23.766687062712574,553.9941468670607,-21.3051639061464,580.8632043088681,59.99946168538479,-0.0012736575382831117,1,0
1.0666666667,-9.385508961173576,208041.80076935003,-20.963337626311034,209140.92346329143,-63.78875697842046,209803.39132977437,-161.9743403938235,583.3523981594582,-73.0204416339561,595.025865844144,-113.52083823474429,582.8444761712622,60.0017919799748,-0.009611677992164974,1,0
1.1,-85.81204613050774,207016.19076561867,61.40715628752189,209632.79361874692,-58.55299570787162,210093.3518292612,-41.62270636928129,582.836076564985,-219.56215596665058,623.7379559315407,-36.398523047742515,582.2691931522853,59.99666712393453,-0.0004149853840389062,1,0
1.1333333333,-53.457606324426855,210542.47584158965,-41.37748512708245,209455.1644209711,127.0493197071529,208855.9982753256,-197.02262617592532,583.8531811444473,-22.160986349509734,531.3659338519924,7.55417440624646,585.8618336933439,60.000684309251426,0.00543873677747519,1,0
1.1666666667,86.61650652352424,209786.2471265487,-81.70798680098787,209257.82771803736,226.49204312348115,208861.48351978324,8.40046373966397,585.1321095662128,-9.714312193724732,561.5510117980255,133.88764902348464,582.4548384049193,59.9969101333295,0.0017847120721301726,1,0
1.2,-166.429675590089,208333.19870558078,-45.249723584651676,208171.70680840104,56.26008179507615,208677.17398741815,12.17252923987228,582.1311305669432,56.7401766379331,616.3357812297307,2.188485924341327,591.8408195990025,60.000964684839936,-0.004779141302344678,1,0
1.2333333333,84.02840448948015,209236.99561624732,-130.270128059337,208496.26627146296,48.469993894684855,208899.46735781262,134.2170192390416,582.5288849315483,-40.66122652495078,611.9186886860416,-167.74724580754147,584.0991149603682,59.99960074447598,-0.001195523897088035,1,0
1.2666666667,73.17413437245351,209533.68656875895,148.84879859650727,207136.71711635703,-135.76951727045497,209312.75271726135,-122.1434789495645,583.4092084632343,84.1594806207432,571.2429411851513,159.13135349208162,582.4245492649252,60.000559487368896,-0.0007520130701323269,1,0
1.3,-22.207981981594,208860.89384617345,163.3962441127666,208567.5150774637,55.69861486770123,210582.5984566479,74.50069412337584,585.1456726967053,-133.6908778744278,564.9848494473235,34.281514483921136,588.866705076394,59.997753450083174,-0.00701089829260298,1,0
1.3333333333,-7.968125092648425,207962.9183160928,31.25219354798829,210293.669978386,-52.982972246482255,210028.93582198492,56.36162068340996,582.8875910146922,-22.075741082522587,595.2491149472162,-4.200407846814683,580.4178858995364,59.99958317988687,-0.005628441066477653,1,0
1.3666666667,-99.33933798761099,207708.30271033332,10.30672423541222,208507.0959848868,200.12386849062935,208161.23743428648,-109.49509719871214,581.7718063234691,-12.19490026837835,616.6422756014033,28.06141128736706,583.5001893520708,60.0003000059281,-0.003094942369331959,1,0
1.4,178.8956505751855,207900.75989913626,71.83543028576081,209079.05382373152,187.00747519116018,209020.52057657758,-22.478133287000343,581.1858599069191,26.757669014584344,574.7504633290512,65.83766634062057,585.1737933088389,60.001176223147716,0.004013650738580944,1,0
1.4333333333,24.40224060096565,208397.3017825409,268.8895675058884,208111.90136904147,-198.36889919320112,208816.4329063084,16.589542974523674,582.2669166357343,61.88735624271275,557.7102971304515,-36.87856096097995,583.0361532087852,59.99888128363415,0.012188711726569558,1,0
1.4666666667,32.43098636977294,209955.72131738046,212.698369294784,209720.28049906428,46.69296805855682,209414.92343582635,-82.47442384179179,585.2970740419286,149.7269521285512,579.5772345915076,-127.69300248250313,588.8116329941824,60.00081576467898,0.011597108564531097,1,0
1.5,-87.55087251667219,209764.28830557596,73.91425034711588,206698.07797787333,146.84820158317737,209148.16043618057,-166.40293776901385,586.5860070173127,-46.60823778941418,662.6452975777727,82.98352574545787,585.2385527941543,59.99657958227924,-4.72086334522675e-05,1,0
1.5333333333,16.00097252968358,208273.188959402,-91.5955391754883,209104.0922608189,212.24902631811406,208038.59968086088,9.474469125091115,585.3267786952982,-98.33709642916052,528.6800781033455,247.49798940446078,582.0809281077798,59.99707295681317,0.0029136722949022593,1,0
1.5666666667,-8.358305891408605,208411.195958944,-100.48165498912911,207909.64834647032,-95.87572420900871,208508.70862963758,-37.187815883053986,582.4188469364716,-34.90521037293929,511.5305378526448,33.46378934231954,588.8155588177947,60.00219893019496,-0.005091382602347867,1,0
1.6,-60.45696119830267,208469.67787149953,-95.85873756217605,207776.90835676665,-110.25743596399259,210174.053007197,8.810323752192243,582.4893681756247,-104.22947629938982,620.0668072697359,93.6338823587245,580.1472481416431,60.00076325307156,-0.00307978880803784,1,0
1.6333333333,90.52157645429048,207826.8245512331,108.38342289410248,208828.8636674425,-19.573012625039556,209170.5935841455,-100.56148480330346,583.081152702874,-29.979270037161662,593.6222319355326,67.38291577518345,587.8297261646671,59.99946896132318,0.0016718127872892858,1,0
1.6666666667,276.2718572442426,209994.083812253,-14.545899217625319,209928.7476327954,-61.146783203531236,210291.84547132603,-34.1755701983733,585.7994086067292,64.5168626808851,615.9515012711643,153.38089768031037,584.1530196567375,59.999488594561726,-0.0004953834577296817,1,0
1.7,-137.56843053799182,207981.9610409704,-232.1297533880983,210115.08372923438,26.200587422056394,209927.80287074982,-11.564922034348399,581.6335827001169,-228.5565943821537,604.0717937844306,25.810335799676867,586.0521890140898,59.99785240182115,-0.00014099812158870987,1,0
1.7333333333,78.44156227553182,209436.93709203633,-15.08253301003069,209324.9421192846,117.94787807667437,208526.5389632521,-40.26088881578755,580.6093494987149,47.12152505147399,550.8243590860071,-19.475372095384383,583.8216749585908,60.00156673212206,0.00708666771129158,1,0
1.7666666667,49.3245402193461,208375.9875807503,62.99694301684114,208958.56202212523,24.83733759153007,208021.10524992584,59.04056540169596,584.8218975484266,-5.0766746766643935,661.6141112936373,20.91241454214087,586.4386624338282,59.99836139982191,0.0007771316465573237,1,0
1.8,84.05023276154706,208845.81719496544,-1.9144835835945848,207838.25870227368,20.027537567672162,207928.7881740413,-92.6259792260443,582.3576225841871,-129.80568897603723,536.8181281090556,174.17408546509583,583.8464007070144,60.00362763983979,-0.0037899736515944423,1,0
1.8333333333,-18.5856416122778,209330.63732584575,88.87438458775397,206523.33501221924,202.6350459533416,208516.17985771882,-115.6085039235168,586.7471394008746,39.899739460480646,706.4706510045901,88.90601874473994,583.419335946142,60.00232068941242,0.010641365890547276,1,0
1.8666666667,112.85803691174937,207814.51987805928,122.29782453664778,207975.85619918266,36.288658054050586,209291.5682338053,76.3950829712055,586.5172911775054,-237.2200584988821,538.4197963876345,118.96149071909939,582.8826831194233,59.99949835257799,-0.008442656577678669,1,0
1.9,-151.85910443041115,210554.70859888705,-84.99329765936932,208844.118008479,-131.15882155747522,208175.4718709448,-134.45808190957334,582.4945120153742,-63.98442339229698,576.4189639314452,-211.01364169780845,579.2088986454297,59.995865757904696,-0.0027571479124095426,1,0
1.9333333333,-74.88151064424225,208250.53428468993,80.3817123670709,208411.57636718103,18.380267283900963,208057.2012754779,-178.21033693712133,579.865817035044,-45.192975960551294,589.5161431801514,118.04801239880973,584.6728998419363,60.002445633267115,-0.012054065646763193,1,0
1.9666666667,147.30847511356572,209008.29864825995,10.258500630295,209390.3025159694,104.98914807211194,207987.97553958333,48.61380761703047,588.328977432051,-103.81175463842594,675.5141946136989,23.60964580548156,582.8097633646757,59.99884896283363,0.003488995250542864,1,0
2.0,66.97621279258594,207300.79569427538,41.452080707298215,208374.13178271308,51.14193735736089,209539.01109949566,126.62736932860723,585.9236691724807,-119.42081937316212,565.4923074032562,203.64277071180499,587.4478051870964,59.9985919452715,-0.004813056935577669,1,0
2.0333333333,-144.13683401583248,208478.2276521001,-43.741834136306075,208594.04195101035,-86.82444837932212,207999.22067098066,137.11006009110523,582.5784645989569,181.69656472027472,621.6809183714524,-251.74975741579894,588.70554073463,60.00144008582675,-0.0018781816517303546,1,0
2.0666666667,-44.48497943315411,207446.21646844456,128.70813966225995,207599.70745866114,18.48410138831573,208420.20566100333,272.4661828878355,581.6494935177651,21.360879239908364,544.8446202616853,-81.7803563641245,584.356831609259,59.999909649834215,0.0062729331176370855,1,0
2.1,130.60323342524137,208960.99435834747,-12.253314146595283,209196.4066791155,63.1145638512121,210634.83192035576,-28.552555617907288,582.8330670332998,61.52944974519157,565.6300924604182,-71.8708888915144,582.1624389036281,59.99951983241941,0.0006517647918206339,1,0
2.1333333333,-107.55353476315327,209437.1706143662,104.2953114771331,208852.44442968225,-68.53334220145086,208092.76943028715,-55.79507077238797,585.7535133597283,-91.58228755728243,566.852763679498,158.5199453095674,581.8729235264245,59.99900766936323,-0.004611488936645136,1,0
2.1666666667,-21.21565077895957,210635.43343871387,-96.77512420152928,209341.53362318527,54.49867223068293,207593.08587698961,-154.76955051486283,586.8128943441797,-5.3007020398869695,627.5702262470502,36.046920179530325,584.2866715855705,59.999165029315236,-0.004267920615773417,1,0
2.2,91.80582668334308,208590.3346043713,7.571205444989049,209657.9972061152,18.529615933127495,209255.52804574266,76.80214849317728,588.5880841852751,2.447943449899489,557.3952786946035,-6.112504423496915,586.6533708023978,60.00157725494107,0.00019842024188521164,1,0
2.2333333333,-138.96078294619153,208201.86832339194,-41.55937540495217,208746.57086995733,182.67817970863223,209106.9225239976,114.72378408478305,585.5259356304454,6.010735681611916,567.6108682895131,-88.67329174949698,582.2839769494823,60.00091851851206,0.011763879200710911,1,0
2.2666666667,124.9070718387152,208348.19068782838,20.461154375356095,207514.35435852554,-219.06813986632264,208672.53352512696,-115.4936364495205,577.3385639186015,5.1640973864770885,541.5321593727542,105.37024470354368,587.3529568899155,60.001439508913755,-0.005525140577278713,1,0
2.3,-59.580026011800314,208125.83241273524,-44.01969982236822,210895.6597035945,251.34734866336785,207690.4072880357,75.68446799326603,586.2007027004221,-166.511052442455,559.566187061458,15.49561735620128,580.1791935344784,59.99945129069501,-0.00336580113275276,1,0
2.3333333333,41.48831226745395,207777.7602137922,45.892811819676545,207887.82264409226,-91.48990169191262,208761.20280399342,-55.6287499763911,585.7783941779404,-15.307428580207253,606.6903176328645,-0.10580431856736361,583.4460124416225,59.99701977126519,-0.007396240529277145,1,0
2.3666666667,55.60291334252263,208247.52818262254,-103.38412338255989,208206.50266371213,-27.876839324354435,207846.83831542294,182.15144260035197,580.443126114659,217.32193336781904,531.6554461465673,-206.81871282549915,582.3227923312344,60.00037697849984,-0.0020751329994012748,1,0
2.4,-24.693647347760237,208880.9942844148,-34.04526459999269,207424.57423209943,-124.80239111411893,208277.62358974444,-71.2486044063551,584.9440552186664,-39.796714633638636,640.6393202435097,116.86615668111283,583.8712283521519,59.99932472547833,-0.007940731488408943,1,0
2.4333333333,191.8555689453552,205411.8737129506,-120.19417678992009,208808.1591502699,9.408572068539451,209398.20475995375,146.3142991200301,585.2998429135718,-125.22981367699423,583.7375106616544,-35.5198605599154,584.4298176253407,59.99554251882242,0.006229070412614496,1,0
2.4666666667,-111.89997679089764,207438.69116697984,-44.46072170011496,208155.1215419417,-127.82813774345223,208635.39995468728,8.444355940646503,579.4748492874163,-75.85424009166793,522.9927794937938,-117.57932376881783,587.0573665745752,60.00090734176057,0.0023405818317277774,1,0
2.5,-120.21053598259114,208934.56076137206,89.77097512770123,208682.04072244617,150.80444780929196,208190.8282728008,-151.06884218495438,580.3677649800965,-106.62676292972871,546.7191468068935,244.52003959069918,589.1257479004779,60.0027248328353,-9.712893376425127e-05,1,0
2.5333333333,-129.12192067737996,209399.15812880153,-15.70304927880202,209191.15311480066,-27.600664842772645,208289.91090818722,53.17216981815004,582.6964897953843,-35.761051019929575,551.7168248999142,-79.34268495679463,583.0945983653435,59.99919778489392,-0.001970097547130025,1,0
2.5666666667,-17.082137876684413,208560.30728481017,-11.71974782496238,207097.67657752507,-108.70077121865381,209480.56278988652,-31.723205705425503,577.7023182709573,9.984388480590619,532.8052441151887,3.716911230350181,590.3992802809967,59.99950194044927,0.010727462844365708,1,0
2.6,-7.469037179140466,207018.11658955633,-168.38910844512185,208697.57085431472,-101.94085762325514,209374.00630394998,-202.8224859800004,586.3312968177518,5.458649434859689,575.2750458602267,-38.741698812529386,579.9865844868822,60.00043455715175,0.0005417991205652131,1,0
2.6333333333,42.403212566910916,210411.63106586612,-103.81287605596482,206569.97489379978,49.61421312955146,209781.64292627142,23.411226793922783,580.5177598786003,-140.17736978190976,554.8703603544493,95.02805188393761,582.1087627673145,59.99975289304358,-0.007240336550658755,1,0
2.6666666667,-147.1772300880976,208698.1979414992,164.2500096532404,208631.97984416023,-60.72039260373677,208094.80162997983,40.58639017239563,583.9048382104555,-29.786343675405497,620.4553327799767,-261.5858804370307,589.4829387922248,59.99911215125633,-0.04237435292334772,1,4
2.7,91.20648413373085,209017.656630897,-34.58199975225056,208116.41711250486,95.52295974505836,207260.84586620578,-138.1751455823629,583.210465211281,26.681566166450892,594.9269562348846,153.5491959470491,585.0966923833113,59.99374965899251,-0.05092998182933477,1,4
2.7333333333,-68.0334563920759,207464.64174013343,-53.89482302114673,209540.2610556314,-123.61808188289821,208467.32681830443,-36.97751260957166,588.9602485122025,17.196152420677485,597.8322564686937,110.67083531837582,582.9677485671284,59.99683387503988,-0.04165689585830796,1,4
2.7666666667,-25.51126414446297,210344.87874298354,0.969231535792102,208352.28813322552,-44.067486125308555,209157.43047611517,-87.6559917770708,583.8054349334591,117.70073727063364,651.972375407324,-124.89326486623806,584.0588349598437,59.99095319337656,-0.04272402671998504,1,4
2.8,-49.77036599738556,208444.39033177547,187.91810293645358,209346.32902793898,-57.17872153272129,208039.60216364547,-95.1581323107928,586.6828557983789,-151.5547546491082,578.6116893849687,-47.09414822288069,578.7413994979561,59.99354498273214,-0.03435011373100483,1,4
2.8333333333,-11.497423081304492,208780.38242640992,68.68921232458119,208609.1990648083,-133.17638842714777,208402.5362904027,103.44067761976156,582.4103460417844,-243.4086254331067,631.2324314060658,293.57147857705894,587.5444471566204,59.99101859157655,-0.032180144730310806,1,4
2.8666666667,-34.831490584850236,207617.27367821417,-121.38534276760433,208382.82783669134,183.32246170773004,209329.32388450956,30.397164382544176,586.0507749568095,-72.62757887851564,548.4519982384203,-122.92810735339054,585.4790033517247,59.991072319420105,-0.03367041150132922,1,4
2.9,-65.7983298984629,208850.14555383255,183.54005339687987,207085.54886470715,69.6840684707218,209213.49409266512,36.137386414121465,583.4594187626076,-22.858853377437985,584.6696224218546,-45.60156003786502,584.7371810778092,59.987315796515226,-0.035411921210270085,1,4
2.9333333333,190.56591414247,209333.00285606433,80.04386923709815,207591.3313912675,53.44087830863293,207775.07301751684,-101.28830891467467,582.2899858444392,71.58554136082999,597.3621869981357,-67.63044944815289,588.0658295820404,59.98989628338065,-0.039270824421449996,1,4
2.9666666667,92.40126165129614,207780.99887855252,81.67872611060707,209571.72852119902,31.932544400208368,208914.0152122133,-21.560053625983837,585.5735908564188,-155.55912999191378,575.1230468545176,-142.3600766551339,583.0549284649284,59.98779731829926,-0.024479908661414362,1,4
3.0,-36.59660777713013,208072.92300716523,60.16370264682971,209231.39017514224,-50.31667941026486,207978.74979622845,86.03539519367288,586.9044198236344,-42.36089900953939,613.2526549344809,-91.57850804253806,582.347023281849,59.98560382244465,-0.038564213978925205,1,4
3.0333333333,56.35821657552223,208420.2830750986,72.87706831921369,208621.4363455433,-6.360422251112716,207330.70800884799,-7.0296060478802165,584.4272624544295,114.26412127309185,582.6214665215485,-76.03036751434469,583.8319053047795,59.984945074050586,-0.032810425836029423,1,4
3.0666666667,18.413152607415586,208065.74444792164,9.184344913222802,208624.5746875002,70.10415551540305,209815.1484635652,-96.50494664467438,586.56584093272,63.251421884248636,647.1322404493314,-0.3085804991281864,583.3806003632795,59.98511559391243,-0.02345366995342811,1,4
3.1,-128.16302230076852,209175.38090138265,89.9861147495734,210028.8738579774,156.31767976078453,208105.8969690149,86.6206457816757,579.3429525480934,-63.73684243732513,605.5470212374667,119.17112160220539,583.4584832118103,59.98282558459749,-0.022041812960569816,1,4
3.1333333333,57.868134988676985,208252.3509931626,-43.885639341661,208177.78195172668,-68.86641081294786,210691.40347792246,28.465526357657872,586.2428700662462,-26.98400179625526,635.2959551000807,-108.91058916807556,589.1132257759095,59.98300335654522,-0.021805854083028677,1,4
3.1666666667,-128.24435636663532,209512.12641320546,125.36335687228595,208474.25317144234,-48.14753655176844,210844.41386337762,65.07639886060917,587.7775449124117,19.79783676350424,658.2754983830152,-43.6903897556245,586.0514140968893,59.98391829487415,-0.023732377223028782,1,4
3.2,16.3608094422911,208166.25305052166,-92.05080917340156,208762.74401099613,91.50953397899842,208484.27345944257,62.520077711277395,583.4732530406231,9.203901748699574,514.520373751867,84.03040921722419,580.7678050459846,59.98109884794641,-0.019107369477595615,1,4
3.2333333333,59.83831504976867,206964.67377312636,-59.11518251222247,207702.1980486198,72.58940739366705,207375.95080723186,-12.756265677250937,584.9913462439503,144.18820146288087,620.3144194877603,81.94998325107653,586.91098915696,59.9756594603054,-0.017755915705085216,1,4
3.2666666667,129.7701610170296,208245.73229215012,115.71176528021562,208737.71620247804,38.1002785112074,207676.15418990707,140.16233260706807,584.5356178567021,71.4290818049623,604.9193839811464,-7.410760891120633,587.3329026149838,59.97892282039345,-0.020109862768030062,1,4
3.3,75.33481328092728,209045.61836360753,133.43593105850013,208933.90983352505,55.69951799498842,208191.35960519518,-141.01139452900287,583.2978363444148,-204.51081955639438,540.820171422295,-142.53623339012705,587.7649413234074,59.97631988047928,-0.021798456474585597,1,4
3.3333333333,-89.59257205356394,208719.84439920684,0.14649471833572125,208597.94131221634,-66.1945727201836,208126.10913596133,-99.53015478607745,582.6845217021694,95.09153125489564,588.8348736842341,-49.878132179076076,586.8415109722492,59.97468793241326,-0.018547676145814485,1,4
3.3666666667,72.52333554643376,209430.45190042476,-23.09572957225405,209151.4036850413,-99.11505179434488,209823.03871499092,-25.06862263619766,582.3884330611397,-187.8100224627227,576.4649502209674,-111.66626105354055,588.309030084556,59.97662143002984,-0.01436340547399231,1,4
3.4,87.58734116809016,208975.57109438075,19.105916332401076,208469.30586730514,56.56517133726809,210322.22458675268,-44.96618862947034,587.6383131083281,-43.96772316487969,544.25148806343,-37.95858485260582,580.7196208584644,59.97820670089383,-0.01482769401733715,1,4
3.4333333333,-187.05069147213877,209115.854321337,46.645530532400194,209110.2646601727,-47.57619932672373,207540.81995898206,-124.16907828407496,584.1564638489535,-106.45505588721161,562.6338028869012,78.2777845269806,584.6660108502011,59.97476380315556,-0.021836608021680696,1,4
3.4666666667,-95.12204185027201,207943.74554784206,116.89005874776504,208346.67185261787,139.19722336429206,208635.64145158787,-0.3021294784754893,584.8199068049678,-9.465509944708101,597.8084362506121,3.830680775353391,586.6444641351101,59.97613270856916,-0.015859929271449153,1,4
3.5,98.75922168861337,205373.826131794,157.85375127100167,207241.73895390655,-170.54678307063432,209276.80615820404,-74.81192947207182,586.381055709801,64.34810936801294,579.9352161603382,-52.71410334608526,584.7057211213812,59.97431023419209,-0.015286751593911735,1,4
3.5333333333,34.285288751016466,209263.8140414874,-203.50740493950553,207657.09468367093,-84.58524112564491,208176.4984119866,36.433462694252064,584.684365681195,9.675192024077086,540.7580532431132,1.871282793749909,586.8877636030278,59.97631821737418,-0.01550386656883198,1,4
3.5666666667,69.6402832707211,208268.86243381753,-39.65448950636915,208278.45417488783,-162.85452219189352,207941.1108968483,-233.1582713067855,587.1256429148249,3.3659884170101586,541.8838825837587,217.13894138168354,587.069504603019,59.97258339166894,-0.01245880680124238,1,4
3.6,94.61544480625335,207455.2654024765,26.81337113798886,208602.1694270238,13.75308350491085,208646.855885472,18.322141975427606,584.6661338815061,-124.39471321690688,548.3044515974997,102.94951924270762,584.4995868833573,59.97501494190732,-0.016503508455652162,1,4
3.6333333333,107.06141547510667,206883.9278295665,201.46751876892304,207895.89541597536,-38.30373813388304,209183.79880274943,135.94471107865698,586.6329777922372,-27.806482029705258,667.4176223868582,-45.80301341732801,593.2466028152807,59.97455827206148,-0.017468143349091997,1,4
3.6666666667,-120.5212107907371,208436.24795995446,-125.52760560840504,207254.5364062675,-131.11054457317917,206921.5286077513,0.6768970498663558,587.6444783239846,-1.2000533845159904,570.1284165212663,86.87141476160717,587.4789631824149,59.972853380894385,-0.012265397142432044,1,4
3.7,20.984410657956758,208357.66684589657,29.962876007682254,207465.829651285,27.77872338919762,208619.07545479594,33.27570850711981,581.9304681143518,71.89767367811082,607.797671469363,-66.24008581866622,582.479226660872,59.97364477300752,-0.016406898753187744,1,4
3.7333333333,-113.72614504088125,209713.9436562584,-54.073960513771404,208317.96862413033,27.70664046287643,208494.70122096906,-43.657803304232175,586.9050161453415,6.520694138713451,603.0927383908497,-121.54293285437336,584.3025744705677,59.97235064567872,-0.017692601702914354,1,4
3.7666666667,68.85466066088918,208595.74221131238,77.01372721136234,210609.92621805504,96.45252719527004,209957.15870855504,-43.25999528760805,584.1262205108819,-65.26591098849671,528.3176806125853,10.683722811941903,586.3659658174374,59.970588823662,-0.010347336854769745,1,4
3.8,27.092179728875948,209316.62025135715,-77.27018668747247,207157.84827860756,-207.68035011378305,207575.43641815617,-81.06739760828474,584.9105120547151,59.100092969256146,601.4590317138609,-45.83312707487067,583.1510982830176,59.97088844479141,-0.012095787759933332,1,4
3.8333333333,-67.31995789886236,208624.88956359884,96.87665933522425,208045.11693830325,-183.37012708101247,208250.90065371367,-24.17739519587121,583.1051160556282,-183.03984421351524,570.2841814157696,-36.88478288316578,584.9682307010154,59.97038786735382,-0.014590965883386108,1,4
3.8666666667,-94.51957086374843,207916.2849521879,97.90583407366675,209502.52686961478,0.7737189335105776,210779.29227751773,110.36588154929798,582.720389154754,-24.088966679650028,505.6313046552017,111.83191473911633,585.4560979608254,59.96862812522279,-0.014207328209698073,1,4
3.9,-138.22975575183693,208250.87371188027,19.780489692910844,210486.114341401,-26.993493278332707,209413.4959934091,150.24195259789198,576.9711860582984,96.08196466988096,657.5528631019566,-31.853514248118806,587.1784220136949,59.969142925554536,-0.014886857995437711,1,4
3.9333333333,-112.7776291081654,209174.72158115412,-14.316504115945254,207086.64002406705,126.9226222912529,207830.52086102866,-58.78312525481186,586.4883454827274,-8.035057730712778,575.0059102126947,-103.0767730142538,581.5420057321561,59.97101895314579,-0.014372628791327155,1,4
3.9666666667,-222.34326659035372,209800.0129374246,127.23385434108431,208882.87734377227,-18.95841602606429,207367.25585089324,51.31263593147975,581.2300685482998,-176.21324742286984,596.6456202382816,0.6605522786713909,587.7636170299718,59.96819209365981,-0.01210752255087482,1,4
4.0,-343.77943836241224,209119.0527280889,-114.53268300939071,207977.19917616277,120.10719487329968,207431.6341961175,-65.26357769813904,586.586297096192,51.76740733368391,618.6197751247531,-124.24707850837457,587.0203426681094,59.97326723231232,-0.013797815473542864,1,4
4.0333333333,127.92031650554094,208635.99456449997,-1.0313453339429453,208913.55536250936,53.440080262373925,207286.62605539354,193.28070232960954,590.6824359169913,-73.20334767922766,611.1164608173736,-129.1099944521696,584.4764896945595,59.9718148589012,-0.010474922312241352,1,4
4.0666666667,-66.29317155797793,207553.12006129514,51.195217827302166,208398.32480453083,171.16350895139985,208448.7213509712,42.20844295931136,584.4224153349442,119.62601013102271,589.1247004574763,0.9111416322029635,582.7274923869925,59.966952208542516,-0.007853866647126376,1,4
4.1,-153.6352459744128,208774.26799828134,91.37764287174517,207763.83650786558,86.63015208358901,208580.95699961815,-6.82578955953691,589.9657173394033,159.78123024908103,623.439841246435,107.91646617092108,586.0861468035931,59.96767121846669,-0.011670561909418951,1,4
4.1333333333,52.06782929898693,207940.21571745744,6.804667652626387,208995.98462975115,120.9796625952624,208387.34906493485,102.30047939490642,585.5699053976878,147.60545690364756,575.065992090076,65.07566165862416,583.0179566848916,59.96923652735497,-0.007860225266826433,1,4
4.1666666667,5.819822521147459,207583.74965554805,32.726522439205475,209368.6919131101,83.31609542769876,208143.2892019611,-76.98472184903864,583.9906930998144,-40.59615843265022,614.4038369203226,36.888796654602594,588.2896656559406,59.97043783039666,-0.004533585937194285,1,4
4.2,-27.586029104742927,208152.2307555472,7.172392903855219,208324.93895802464,-1.7890410160792523,208973.12748621724,42.283125525921264,581.3758937455009,-94.6763771443922,595.940278854081,3.748137087486041,580.7261026239563,59.965309970895234,-0.005903938518228878,1,4
4.2333333333,-50.73838085386383,209718.66614313866,-86.71860106163047,209191.4012109802,-4.623341704764763,209464.33498588932,-6.198412248621162,586.9836722648104,-106.00246057437052,597.4207455395847,-184.4652607659854,585.7744443677545,59.96507499845893,-0.011822877145826246,1,4
4.2666666667,107.5972780240673,208023.865402271,141.2331275256721,207124.40207364992,35.702062836796834,209001.81096299534,-130.95095786849686,582.8394099457246,156.66347086108559,619.3646327949899,-33.45928117895588,582.0408706382813,59.96447308456819,-0.007177311843572103,1,4
4.3,87.73215253983533,209349.0973091079,245.10166496209322,207741.43839907565,32.44754853046166,211922.28361890628,-8.280441504865115,586.7070186236269,266.57084648881715,537.4723866924821,141.31527209496272,587.929554548469,59.967865747637376,0.0020264497432907203,1,4
4.3333333333,-156.22475894631205,207327.82491305316,-55.586867728760375,208957.16844510348,-43.02535179438106,209040.46514873535,179.77969330355657,584.1352108779114,-52.60273086344396,646.421988675394,-129.90620167316183,584.9261504956759,59.965882534691325,-0.00413077540326469,1,4
4.3666666667,16.11852814686745,208302.23178808473,103.26608312228478,208370.85957561678,-69.15081949795302,208189.92393882587,-150.321055156198,586.2462130230886,188.62740013258866,611.1017192338609,39.47462919787869,582.1937678524395,59.96593496228847,0.000630764726779815,1,4
4.4,212.06235992857242,207248.60234640515,-100.11052563060106,208525.64674010524,-230.83495056311963,209232.42377495495,-27.044548908908347,584.2999726459119,-41.35700038791226,517.2880082474506,-109.42443180662154,587.5431496999676,59.96941594584623,0.005400147794163191,1,4
4.4333333333,57.60890227330458,209332.9795279869,138.6560821088673,208594.88242870377,88.2245296563579,207623.78744037964,-85.48412830601625,580.7812162434891,108.4471014344158,647.0765451644706,3.7989303862532906,587.7383280841755,59.967878160765714,-0.011015816401567066,1,4
4.4666666667,-178.32578299008148,208437.08561644846,-72.87259670971267,207358.40416168937,-22.33915820305117,209896.41287269094,-21.001814920556242,587.6757663055104,22.907776036742437,534.9438765191006,-23.184127950663736,583.2407856657824,59.96603073066419,0.0002100236091910077,1,4
4.5,139.17336560665277,208805.22763292448,-62.391186329961414,208638.87188524596,42.099814531036536,207919.18363719582,157.14000252023317,592.7513978079904,204.9558766541166,540.4958091979026,19.646801040162885,584.6296896408395,59.96700876564787,-1.6299105722801174e-05,1,4
4.5333333333,-27.26412977327074,208311.59826589128,-228.94062872230649,209052.14554438103,-75.0447376135321,211685.29526626485,-40.300082139126594,587.3128267017224,13.260405142613116,553.5001138960271,-52.61719554138036,588.1662920741336,59.965695560657345,-0.007901486371377105,1,4
4.5666666667,-48.64232458527764,208412.51026328225,-105.90408661546886,208632.371617326,-77.32863039550688,208727.96888164888,-73.90141531753665,583.1964862252573,-228.5443668610999,668.3938173970715,-108.43804165775882,586.8288524581149,59.96327826143568,-0.006343710646002721,1,4
4.6,186.03927332086445,208632.00011681052,-130.2580522162305,210903.8753216552,-0.08510684646678368,208113.33072696708,1.8688240584259086,584.5922673196978,-27.161054414675053,536.8297315326869,-5.352373655859882,589.5284425772574,59.966445709483374,-0.006235328918771939,1,4
4.6333333333,47.505590837846,209071.72541866417,-72.0695968424644,210238.495985674,5.284019357420428,208536.31298079985,-177.08689557303407,586.0231651434007,288.8076109524403,591.9287535853891,260.5190646401077,586.1184757158752,59.96407101065422,-0.0046658148483095015,1,4
4.6666666667,130.7131315526036,208188.7010841621,8.97500483424475,208285.23187575853,108.28567174898825,208517.20462739407,-109.19177451069959,584.9306032177633,-18.264668315990274,593.7027053677639,90.91188602171798,584.5281152610609,59.961097648820406,0.0038068303949771332,1,4
4.7,18.94506381406743,207432.67882862466,194.38161407946248,208529.4438552261,-88.04905082791996,207161.07602238396,-139.68451035364984,585.8208170614618,-8.282771302752682,484.1740427912689,-97.81994218836464,582.5690956023278,59.96479116904224,-8.869803238289314e-05,1,4
4.7333333333,1.2059258115877554,208788.6013710689,24.891594583483055,208803.19138920776,200.13373338526517,208680.47517943615,-147.40016831027845,581.4672549162451,-53.58898713883977,609.4053418029231,-0.5165980532562249,583.6546167230993,59.96358609890288,-0.009983446536909515,1,4
4.7666666667,56.52127655024332,208081.12476855493,-72.68887059691069,208730.2572862913,-137.3187218459822,209710.5694284092,73.76375093981117,581.3300855188818,-61.12908328767565,513.636066855535,-160.89803566805912,583.2210838120317,59.96511498663296,-0.007986658688518042,1,4
4.8,128.50989159566728,208493.79581273103,94.46865459468908,208753.1635872194,64.20569981292306,208461.55571278103,-129.43121548639994,584.0811430175363,-200.61080040076425,581.7445031807663,-106.90226694229892,587.5497685232938,59.964811455340424,0.004661930211259602,1,4
4.8333333333,24.656165070376,206638.43984643812,-26.915060053403273,208553.87619669366,-70.79974978994517,208351.37475939936,36.778087589000364,583.5265831968144,-138.38572340288655,669.0817125135242,-166.27059749288537,583.1920880506598,59.96425355722284,-0.0032712502920114305,1,4
4.8666666667,4.218280116483256,208317.71381227198,13.968680457486808,208827.17269971993,106.27782710793959,208045.5637039677,78.15495831660154,582.6147281531356,83.99397763278778,565.4395050142092,-70.43570586771642,584.6774846866524,59.96614084270732,0.0004732693935841541,1,4
4.9,-92.39924965030012,208479.26369883888,-46.25685260565347,207428.29196420728,64.7923140848886,209564.27229851368,34.29945685136948,585.7792176767337,-37.02892665473021,532.370885082007,-119.34035096082818,585.1818227047446,59.96739573579812,-0.007150849027226931,1,4
4.9333333333,-5.284543729232773,208444.45827010207,209.8090524864509,208497.0362848809,36.52171415459362,209410.15318047148,-2.549759100213919,580.684694577251,18.290724336226127,681.2951926961052,28.377398753664224,583.3547682430177,59.96529965685425,0.0017621435833672155,1,4
4.9666666667,-70.93681768231461,209308.62317714593,178.91961722401646,208167.13541032912,-129.16137526886953,209719.0483559566,63.672567249902954,586.3517089866871,-34.86583691995207,575.297282776176,107.78183064811395,580.9068714200434,59.96497486888607,-0.0018764549002073423,1,4
5.0,95.26583513342202,207672.85801048917,12.960405847630408,208819.3849570918,221.5707373317718,208546.76524028336,-91.48575454651272,581.2936207199908,-51.054246891889306,604.4429139766645,-41.41357331168455,582.5273706106071,59.963581059144374,0.001959456954666124,1,4
5.0333333333,-140.69551682208677,209306.34220593938,54.67681630239759,208633.43465152202,47.67509715949646,208240.82636048802,-9.491274479742422,587.1646517448194,-25.796366503871226,626.871280434988,134.4867293507139,585.030933519311,59.96287366525616,-0.00631860618298519,1,4
5.0666666667,49.941332706638484,206917.98312941412,65.39024469096887,208205.84670251203,171.72467214272993,208903.84483641345,112.33622281976776,587.8746245997708,70.92636910662733,651.8037391563581,-2.536103943138183,581.6761655181973,59.961668888896384,0.001001513043430065,1,4
5.1,84.79819568247918,207965.78140907147,231.640121296261,208776.74886093492,194.81368659992768,207642.43273533336,-47.87166188484219,582.2788848463849,-73.49644217590107,658.4439504157505,-20.829644822789984,583.1118231636533,59.961483262869635,-0.006278924330432636,1,4
5.1333333333,-206.93175910645368,209417.3291472482,148.0882444596651,210085.00310894486,-89.77902448858327,211120.2600561636,71.76884147034654,584.9622208358215,-44.836162675016624,610.80202406317,205.55671296917424,582.1658458029531,59.96458847776944,-0.0019263303477035604,1,4
5.1666666667,49.981656958587685,211250.9463924921,-57.33587449161274,208683.65332452467,127.67375123582471,209095.5011223461,83.82069621176194,584.2862373112406,-38.74369805671135,491.5251448161752,2.3930028711704945,585.6835287693827,59.96256041152841,0.008025898717345917,1,4
5.2,95.38691101897322,208962.27309130898,-89.5470805817209,208822.88962302863,-126.10055013349368,207849.7532242391,183.9394295301011,583.0335635494147,-43.574440164681874,607.3142103771974,-180.80365924202968,584.0062788723591,59.96431640750244,-5.950624413408683e-05,1,4
5.2333333333,-7.395247053954201,208316.06635249307,18.334547811982254,208051.71271315785,-50.01670582631501,208279.7842853162,9.003497917511815,587.172001060441,37.701442514484604,535.0687187588579,37.952342006840595,586.2288985204016,59.96500005579994,0.0012047150395622088,1,4
5.2666666667,-8.598533341926125,208264.53600030343,59.24003967294032,208203.71944328875,20.29314180449035,209215.48235643306,102.99938774703907,582.7962009838559,6.029396463006339,651.3460414346463,157.1776739664605,578.6711871833774,59.96103351757244,-0.006920369957559212,1,4
5.3,-76.09533816185419,208210.60299654867,47.334633167140375,208698.9709321769,35.01918823932336,208474.66272380823,102.79107118942535,579.124262864907,72.06772191660096,624.408463228801,68.24062849828145,585.3765481699784,59.96389304866931,-0.009674027187487938,1,4
5.3333333333,107.31789984453879,207666.73628658123,-51.451950495507994,208161.34463265142,-45.814344953090526,208302.40876018,91.11099013138174,586.3138368428082,-82.36676629108192,574.8315401471142,-148.2188149767897,584.7062210925292,59.96486591116085,-0.004861552167329353,1,4
5.3666666667,11.814198039040743,208728.49348087114,-195.22205066054846,208832.88141576736,25.26468757890886,208086.44071251948,58.212861490899044,587.8977935282669,70.8728715283971,541.2379310843262,29.950010321878064,586.8297666558112,59.965290241914154,-0.00017503134588006306,1,4
5.4,-38.19278138521568,208794.14687101284,76.28270401923996,207343.86361684874,-59.45831753257337,208141.7378259637,-77.34863794172934,587.615225571457,-36.503127775965304,573.8927249225131,55.40354369217032,589.6693542960451,59.96593044250557,-0.016585294785098084,1,4
5.4333333333,38.75657920205553,207712.3045817449,177.99854483966573,209116.1332245496,-16.023875953646172,209316.74053433887,22.61646143212011,585.6199590105356,30.02286975746375,608.1022396569119,3.6641311228864875,581.1211826026853,59.96149631630808,-0.00037406983078126094,1,4
5.4666666667,172.5377931313651,207918.26089443386,26.475517345206157,208038.1138289213,129.95246568340687,208327.50206106994,-73.83208744662709,586.7781886201062,-158.04954337413028,613.8856405519556,70.65352905481984,584.0688362529394,59.962360533925974,0.0007422422384812857,1,4
5.5,99.15393957174274,208592.4074042168,-180.11792327546297,207904.9270665977,7.4260689161922455,210121.0921940208,-198.84926906988815,587.0709931280605,7.670070268653172,639.147167606726,-38.17194977462505,583.7645251239047,59.96499144987101,-0.0006513866926134659,1,4
5.5333333333,-122.43090896934461,208159.74981276848,-79.23981871397748,207307.15010181806,17.91295126184769,207390.4459203943,-64.1340813105786,582.7847828830224,-83.78140017722133,560.0819543348744,-25.537424994244304,586.8504877233528,59.96320534263733,0.0005123832127139137,1,4
5.5666666667,-189.5300887895499,208639.17151090645,170.20982856452892,210604.07853125897,-74.59547674193902,207112.1609247674,64.01650267141868,585.6986874642034,-55.84133102396241,473.90830747851595,97.99997017832244,582.6462028220283,59.95952289574979,-0.004289497607439066,1,4
5.6,-89.18153703333601,208140.71293326773,-32.24513817992372,209832.5442004143,-31.6845429378721,208381.55060243953,39.72412565557296,586.0495094498845,110.34134754802457,614.3075173209344,-56.56365220803284,581.3813380818167,59.96387580874083,-0.0017509484408139149,1,4
5.6333333333,76.48403819202711,207851.15965407257,-24.454743736247906,208929.6965946102,47.21426544188356,208531.72009588042,51.81432304573935,589.7664673684544,-87.4206410175471,596.2186360627717,-37.93333614497352,584.663818885686,59.96661700983097,0.00036289868847158287,1,4
5.6666666667,-98.95374275321188,208094.77314469696,-39.65028948625134,208982.57015908393,134.7370293513577,208698.7562737932,-58.39780026902632,584.4925801081308,149.67176200513376,500.4723488088293,74.26201297558332,587.9503909415847,59.965069011132826,-0.004327483892104531,1,4
5.7,37.91248721495986,207150.04251995558,-27.020579502513232,207415.1050481021,114.78247951082848,208336.36215132638,23.472312668609575,587.5559403868214,254.94489083207907,670.3165004756199,-121.68397739346499,584.249692025215,59.9613640560053,0.0006887416871488852,1,4
5.7333333333,-187.06199659583288,207959.02954489406,87.93645001389237,207759.54181117233,-205.7738713044682,211023.07095228825,-37.085368872667985,583.2387332035782,120.10500538502725,680.3807627871012,-82.37738485093634,584.1960385613272,59.96578076490655,0.008116760144443461,1,4
5.7666666667,-52.41643105957372,208139.83158029075,-14.305490249097772,208090.69781980157,-9.312082428979922,209520.8177407512,-60.82584863642529,584.6585022280232,166.3567587380409,628.1203254130772,31.906096599181556,577.9957167810735,59.962375637648776,-0.00837681928919572,1,4
5.8,91.53400761852542,208035.54898409548,143.15113907284112,209262.02991889187,-160.00312288751732,207409.7661930905,148.94367328775104,584.0304209960116,-207.358880070076,579.3802641735058,-4.4417457513395355,584.9922572464254,59.962145837992765,0.003748448141943926,1,4
5.8333333333,-75.03089676078568,207567.60856493606,62.616887162074086,209264.25549807106,155.13699885752487,208471.62262137703,9.61566363751938,584.190873789495,-77.21308091282182,611.4028548949851,178.19036152275845,591.0188377679744,59.95922190937753,-0.0014393817692129167,1,4
5.8666666667,28.778073088909316,207948.40438409618,-172.58121879315686,207614.31515020455,-198.38797279384085,207418.01434795556,-156.77088408786918,580.4993237336358,-94.76213806667398,545.1866471042362,-7.788710333349249,582.5817087646226,59.96315202139956,-0.0001851815072562642,1,4
5.9,55.14266191105774,208149.74783063921,-63.98227076087912,208281.1833486808,115.33263779096974,208753.21546693004,9.715836101959148,576.2854809519956,-82.99033085318638,502.4707600496666,2.9370453857335708,582.6784126677061,59.96266540115455,0.0017969236693337071,1,4
5.9333333333,149.99568203863373,210446.3528061107,-120.54359322543625,209536.86121892196,-69.0494790118009,209046.3335512025,-33.39438841083024,582.2994618266805,-4.568588341393784,562.7899231331536,31.906521067507736,583.5829712927869,59.9618273321191,-0.007736296622354141,1,4
5.9666666667,-85.01224774046128,208085.35265580894,-172.28543322254356,210087.32589626627,1.987713749086428,208328.93787862477,-84.26404634479344,579.0954630606051,-46.85794785242235,499.10303190035887,18.549113772869962,581.512908042742,59.962505574474626,0.0032922726605396774,1,4
