TIMESTAMP,BUS21_VA_ANG,BUS21_VA_MAG,BUS21_VB_ANG,BUS21_VB_MAG,BUS21_VC_ANG,BUS21_VC_MAG,BUS21_IA_ANG,BUS21_IA_MAG,BUS21_IB_ANG,BUS21_IB_MAG,BUS21_IC_ANG,BUS21_IC_MAG,BUS21_Freq,BUS21_ROCOF,DATA_PRESENT,Event
0.000000,-58.819583,207540.762798,-178.974291,203966.086323,61.424382,204308.873182,99.720050,665.373005,-21.076609,666.031182,-140.461978,658.354424,59.976038,-0.005566,1,0
0.033000,-58.847551,205791.868637,-178.749908,205574.146780,61.125137,205280.264551,98.854499,669.859611,-20.885444,664.624401,-140.864021,667.856454,59.981044,0.007076,1,0
0.067000,-58.847336,205819.399221,-178.944880,206863.862271,61.020556,205304.745764,99.172547,664.820270,-20.772393,660.541366,-140.629502,659.459737,59.975139,-0.004613,1,0
0.100000,-58.996003,205027.394187,-179.169100,206040.735675,61.109506,204390.227042,99.258869,668.293230,-21.372787,666.446572,-140.773132,674.044661,59.985973,-0.003212,1,0
0.133000,-58.866031,206390.724058,-179.000890,206917.111538,61.124768,206278.073864,98.847812,671.534891,-20.876392,657.006679,-141.049627,662.258863,59.982317,0.000223,1,0
0.167000,-58.819653,206708.565746,-178.931214,207528.721383,61.110861,204938.384625,98.861493,657.764315,-20.910404,662.758903,-140.647560,663.349201,59.982014,-0.007831,1,0
0.200000,-58.784107,205228.500065,-179.033002,206155.113287,61.052750,204529.534304,99.214418,655.825130,-21.251533,661.414719,-140.635923,667.286582,59.972810,0.000905,1,0
0.233000,-58.847529,205720.270508,-178.801108,205528.283259,61.062257,205717.648246,98.729305,654.199307,-20.768568,660.294575,-141.176474,659.397538,59.967501,0.002984,1,0
0.267000,-59.210718,205607.425532,-179.066960,206220.468885,61.098987,206289.500824,99.016735,658.404624,-20.981136,658.050339,-140.982596,664.047906,59.964622,-0.003426,1,0
0.300000,-58.892485,204744.824398,-179.166169,204807.750991,60.977737,205924.489547,99.291937,656.949726,-21.436353,660.074153,-141.208437,656.721699,59.967507,-0.001438,1,0
0.333000,-58.885978,205853.306684,-178.798530,206177.452792,61.146739,206306.642649,99.382233,658.167769,-20.400895,658.310762,-140.898150,657.665078,59.968089,-0.000303,1,0
0.367000,-58.937809,205129.050944,-178.875888,205352.319873,60.930928,204804.183945,99.146659,656.784741,-20.958067,660.565260,-141.144004,662.569340,59.969942,-0.004130,1,0
0.400000,-58.818704,205929.584287,-178.890147,206026.018690,61.270436,207241.199871,99.237676,664.248015,-20.917724,666.745301,-140.829412,664.106892,59.975885,-0.006195,1,0
0.433000,-58.834863,206837.942282,-179.035480,206232.304224,61.103990,205592.257016,99.312689,660.810149,-21.025086,654.757177,-140.835939,664.005196,59.976540,-0.004991,1,0
0.467000,-58.782372,204634.410054,-178.734325,204991.174511,61.265511,205897.227074,99.084829,664.466403,-20.830405,657.131578,-140.632823,662.842673,59.964706,0.002442,1,0
0.500000,-58.925956,204941.545428,-178.833804,204482.663665,60.940619,204054.976218,98.936348,659.403040,-20.588939,660.412324,-141.205691,662.870192,59.965325,0.001968,1,0
0.533000,-58.675474,205716.031505,-178.675514,205395.888227,61.066470,204933.600879,99.047702,660.442467,-20.756261,661.801348,-140.865424,665.197990,59.960589,-0.001129,1,0
0.567000,-58.745958,206526.042519,-178.805468,206455.260904,61.310541,205004.310782,99.435122,666.818837,-20.605795,661.752619,-140.856152,663.434864,59.961996,-0.004479,1,0
0.600000,-58.735546,206169.875832,-178.857765,206343.519375,61.125537,204699.484534,99.123899,666.314646,-21.010323,654.863150,-140.895705,658.134130,59.970715,0.008360,1,0
0.633000,-58.851562,205599.316774,-178.816814,205316.541282,61.158782,206827.946449,99.199079,661.736405,-20.863174,657.518638,-140.727923,664.798533,59.970926,-0.012544,1,0
0.667000,-59.160669,206723.811095,-178.930091,205744.462897,61.282037,205133.285794,99.136959,654.113059,-21.216393,668.364152,-140.631208,666.395290,59.967009,0.000492,1,0
0.700000,-59.006204,205661.923143,-178.747840,205505.354566,60.917618,208411.637424,99.036861,665.152054,-20.519722,667.826535,-141.606535,664.283730,59.972116,0.000245,1,0
0.733000,-58.994914,205219.389455,-178.952749,204206.136859,61.133948,205200.768772,99.027767,663.107740,-21.009048,670.373297,-140.490631,671.269834,59.965481,0.008093,1,0
0.767000,-58.700852,206791.964869,-178.686963,205569.697029,61.103088,206785.983605,99.371497,667.895875,-20.558483,663.840988,-140.899295,665.554650,59.965251,0.006704,1,0
0.800000,-59.031431,204333.430813,-178.928928,206817.953475,61.093216,205482.063504,99.184109,665.768942,-21.053684,664.843827,-141.176056,671.425661,59.968447,0.005696,1,0
0.833000,-58.826111,206193.097228,-178.677015,207640.194915,61.087557,205640.931575,99.173070,669.351338,-20.703735,668.603787,-141.052697,666.825837,59.960992,0.003335,1,0
0.867000,-58.877929,204735.840274,-179.011762,205371.077909,61.232663,206048.097213,99.409934,665.820691,-21.165179,667.894828,-140.929527,666.554002,59.959001,0.005723,1,0
0.900000,-58.928537,206314.470709,-178.875155,205936.232032,61.258152,205204.630211,98.868146,666.668874,-20.961438,670.118491,-140.969297,669.668308,59.964682,-0.002141,1,0
0.933000,-59.017027,207765.384943,-178.973791,205915.251964,60.922393,205293.574795,99.340494,663.551452,-21.207306,674.894701,-141.244563,666.810043,59.957433,0.001144,1,0
0.967000,-59.043963,205639.491439,-179.012308,205263.026178,61.170938,206583.661569,99.105834,668.537398,-21.013334,671.211782,-140.953285,662.016020,59.965819,-0.000776,1,0
1.000000,-58.900948,205642.904113,-179.043898,206521.922655,61.043411,205181.267936,99.127548,664.647000,-20.804242,663.446661,-140.803644,665.514224,59.958625,0.001224,1,0
1.033000,-58.862195,205512.811813,-179.034938,207859.382058,60.718238,206146.816173,99.058890,671.599564,-20.912013,664.667456,-141.177439,663.779196,59.960302,-0.004217,1,0
1.067000,-58.954854,206087.390664,-179.014504,205686.021334,61.036981,206870.854300,99.281126,663.313333,-21.169052,665.873836,-140.718430,670.461428,59.951328,0.010656,1,0
1.100000,-58.894611,206986.257082,-178.868324,207337.710195,61.086049,205413.984691,98.841292,669.945528,-21.144020,666.645394,-140.959039,662.137238,59.958338,-0.002354,1,0
1.133000,-58.893413,206429.713788,-178.952919,205136.692624,61.088707,206083.984151,98.925093,672.830852,-21.043136,662.498441,-140.993355,666.800615,59.955307,0.008105,1,0
1.167000,-58.899884,206191.187772,-178.844550,207930.403293,61.158963,203898.629919,99.447346,661.618560,-20.957729,663.227106,-140.814835,669.505470,59.959497,0.000544,1,0
1.200000,-58.955706,204293.418695,-178.890419,204867.465948,61.174463,206368.910197,98.891497,665.233454,-20.939011,666.955515,-140.887627,666.771459,59.967130,-0.008712,1,0
1.233000,-58.918052,207311.442303,-178.782254,206722.181844,61.119234,205782.118087,98.899195,664.315307,-20.565461,660.804237,-141.028219,662.140861,59.965561,0.001395,1,0
1.267000,-59.038330,206783.308858,-179.024558,206144.480387,61.163741,205190.628731,99.056324,670.929334,-20.891488,664.425031,-140.929866,670.526615,59.968130,0.002623,1,0
1.300000,-58.846346,205636.889787,-179.027104,205161.492618,61.155739,205381.759055,99.259707,675.617109,-21.158970,668.977159,-140.712952,670.352588,59.972232,-0.014946,1,0
1.333000,-58.971778,206311.108217,-178.894722,206050.357929,61.058469,204985.286621,99.131931,667.734796,-21.207674,675.321193,-141.164942,674.225192,59.961944,-0.003020,1,0
1.367000,-58.892365,205324.771711,-178.976010,206186.113013,61.213284,205303.526880,98.870707,666.773870,-20.794647,673.565801,-140.878180,674.159835,59.965796,-0.010153,1,0
1.400000,-58.854473,203321.116068,-178.781242,204958.018801,61.029677,205810.084981,99.109448,675.266736,-20.663935,673.737344,-141.130837,678.452122,59.959976,-0.002224,1,0
1.433000,-58.917183,204962.116328,-178.887789,205230.037181,61.023176,205950.666913,99.138707,678.501749,-20.618086,670.166841,-141.071011,674.598631,59.959751,-0.003196,1,0
1.467000,-58.722486,203455.045199,-178.868405,206297.789835,61.148222,207472.841945,99.297138,674.769461,-21.055056,672.899950,-140.966281,670.538971,59.957683,0.000288,1,0
1.500000,-58.861019,205249.715660,-178.867641,206883.550290,61.051077,205842.483636,99.123526,669.999202,-20.922949,672.212900,-141.001701,671.360630,59.957579,-0.005688,1,0
1.533000,-59.014564,205526.486419,-178.842062,205270.184543,60.886647,205708.262579,99.042316,674.035389,-20.908957,668.361406,-141.069769,672.484852,59.961371,0.006185,1,0
1.567000,-58.769166,204801.764068,-179.110167,207241.723334,61.111713,206739.718067,99.348274,671.390435,-21.291657,675.619957,-140.928882,675.440711,59.960599,-0.014661,1,0
1.600000,-59.015672,206002.731575,-178.814609,205356.841961,61.146641,206879.802408,99.058332,673.965108,-20.702812,672.023977,-141.081943,667.535217,59.957416,0.007057,1,0
1.633000,-58.923884,205822.492337,-179.002149,206099.100820,61.002417,204879.036705,98.875621,673.819359,-20.972586,658.773656,-140.828986,669.796269,59.955891,0.003361,1,0
1.667000,-58.961254,208561.217609,-178.841491,204809.517612,61.101500,205350.027751,99.151482,674.067416,-20.871447,680.301571,-140.673525,671.561355,59.959835,-0.002108,1,0
1.700000,-58.965573,205775.752880,-179.041563,206728.851273,60.918166,205494.895096,99.330777,674.239917,-20.895371,675.742530,-141.196081,667.347240,59.953369,-0.007752,1,0
1.733000,-58.952332,206472.754699,-178.916853,205211.095297,61.059675,208315.147822,98.943135,681.107114,-20.915720,666.681831,-140.948960,673.260180,59.962906,0.000682,1,0
1.767000,-59.028479,205846.448978,-178.692518,206201.899201,61.199442,206294.163946,98.769541,668.822301,-20.732227,678.081658,-140.991448,674.439489,59.961403,-0.001171,1,0
1.800000,-58.899649,206285.241958,-178.822153,204690.474717,61.133773,205508.918074,98.857952,671.286967,-20.965706,671.467864,-140.710935,680.406783,59.960390,0.007157,1,0
1.833000,-58.870255,206101.519121,-179.006475,204775.153443,60.950919,206057.067991,99.400576,673.413006,-21.224156,668.588283,-140.944064,676.333177,59.952754,-0.004711,1,0
1.867000,-58.948731,204288.266677,-178.947119,206840.145782,60.963222,207536.616549,99.062837,680.327024,-21.230894,671.913553,-141.043600,669.234494,59.961515,-0.013020,1,0
1.900000,-58.874687,205045.824808,-178.922946,205756.313841,61.195140,204582.624121,99.438087,672.924534,-21.082180,677.257135,-140.675023,669.741632,59.961407,0.011412,1,0
1.933000,-58.921575,206634.804974,-178.834638,204546.668881,61.148270,207046.023308,98.932043,675.220253,-20.975528,670.765417,-140.783324,670.065171,59.963675,0.001197,1,0
1.967000,-58.852169,205649.333423,-178.842131,206981.483040,61.118212,205823.866167,99.287076,677.759300,-20.819939,672.738479,-140.804051,674.574104,59.969748,-0.004249,1,0
2.000000,-58.912286,205482.053227,-178.796188,205600.936591,61.094137,205962.268868,98.858309,670.470056,-20.578584,667.573576,-140.847317,670.033634,59.969982,-0.003193,1,0
2.033000,-58.772495,206229.791410,-178.741566,205147.593320,61.112704,207615.807030,99.082917,671.399580,-20.651927,671.252077,-140.914259,673.532075,59.961564,0.002347,1,0
2.067000,-58.667667,206449.806575,-179.009038,206928.016444,61.122546,208082.040368,99.524000,667.531129,-20.583684,674.239716,-140.755504,667.642948,59.970500,-0.011241,1,0
2.100000,-59.031114,207509.395496,-178.746312,207072.261437,61.050764,204942.758732,99.203771,668.358162,-20.854144,672.491506,-141.052872,673.036639,59.965682,0.015945,1,0
2.133000,-58.735090,205419.324907,-178.755800,206892.349342,61.116912,205272.852472,99.295150,670.813064,-20.677346,677.146792,-140.953363,666.134365,59.961082,0.004334,1,0
2.167000,-58.784326,204433.074887,-178.813184,207199.521960,61.190755,207012.111604,99.134666,673.113128,-20.935606,671.443360,-140.520544,670.988721,59.970403,0.004221,1,0
2.200000,-58.831749,204498.849365,-178.771854,205623.035924,61.042986,204871.001931,99.305749,665.264919,-20.595270,667.749747,-140.777733,671.410971,59.967891,0.004431,1,0
2.233000,-58.752459,205632.332738,-178.787598,206709.794078,61.206100,207004.578536,99.225610,665.682550,-20.489980,666.085861,-140.775206,667.649324,59.966003,0.004592,1,0
2.267000,-58.891903,205857.090279,-178.686303,207067.708176,61.306146,206031.472448,99.136433,672.564599,-21.055991,669.961004,-140.407404,664.356523,59.968899,0.009465,1,0
2.300000,-58.800976,205216.793431,-178.583561,206035.550848,61.204222,206597.715376,99.295709,668.114864,-20.474495,668.654635,-140.564151,673.280154,59.965079,0.006566,1,0
2.333000,-58.791887,206215.924255,-178.714802,205282.205427,61.320070,205985.831151,99.132488,671.148320,-20.878582,665.415664,-140.662619,673.690256,59.964080,0.000711,1,0
2.367000,-58.715360,206574.007086,-178.753543,204555.912296,61.227765,205208.072477,99.634620,673.464955,-20.804592,670.147251,-140.831391,671.707545,59.961591,-0.011541,1,0
2.400000,-58.569115,205577.750550,-178.773903,205594.661712,61.302312,206183.112888,99.246685,676.416035,-20.886030,667.030880,-140.471179,671.886343,59.965448,-0.002745,1,0
2.433000,-58.803566,207910.692803,-178.865009,205762.124863,61.216628,206519.577764,99.392171,662.944015,-20.931219,675.251108,-140.383218,668.510420,59.965259,0.000950,1,0
2.467000,-58.784401,207399.503245,-178.681373,205645.805116,61.218417,206162.640377,98.934226,666.573433,-20.567319,664.950585,-140.781678,665.942802,59.960939,0.002205,1,0
2.500000,-58.705536,205306.956255,-178.685837,206264.882749,61.183295,206141.274193,99.548055,668.598317,-20.809356,671.630718,-140.774868,668.662438,59.966154,0.007755,1,0
2.533000,-58.882365,204496.987359,-178.857329,206098.106047,61.100879,204911.405299,99.101780,663.507619,-20.750754,659.877069,-140.913620,668.638066,59.959768,0.005735,1,0
2.567000,-58.477683,206016.871167,-178.804904,205831.066546,61.350191,206541.991120,99.046243,661.298966,-20.840070,666.685961,-140.514775,656.658443,59.964563,-0.002868,1,0
2.600000,-58.858149,206989.555266,-178.825520,203536.928069,61.244296,204963.721153,99.028847,666.800306,-20.647870,665.343475,-140.998774,664.836889,59.965077,-0.000763,1,0
2.633000,-58.827365,207097.820891,-178.887647,206759.335824,61.253566,206260.408867,98.987529,669.119487,-20.757838,660.230055,-140.898180,655.354263,59.972776,0.012142,1,0
2.667000,-58.943241,205019.646419,-178.940746,204473.106161,61.128670,206799.802802,99.160230,671.895817,-20.748824,665.506838,-140.767530,665.500146,59.964412,-0.010969,1,0
2.700000,-58.760385,206851.161387,-178.753291,207905.564449,61.262808,208785.031447,99.199407,661.201998,-20.563359,665.940134,-140.674100,666.830098,59.961886,-0.006835,1,0
2.733000,-58.979314,206319.165461,-178.856939,205340.310283,61.195055,207877.753565,99.048653,670.996713,-20.826781,662.237220,-140.718342,663.157490,59.963984,-0.001236,1,0
2.767000,-58.820460,205518.587006,-178.745466,206767.813495,61.197082,205153.195829,99.233057,664.803009,-20.582114,665.513241,-140.902731,668.052035,59.965324,-0.010332,1,0
2.800000,-58.680041,205563.825497,-178.862728,204741.919770,61.068529,205194.447862,99.295869,663.756011,-20.643202,664.294631,-141.002206,672.745050,59.968063,0.000616,1,0
2.833000,-58.870703,206187.349543,-178.764522,207366.911665,61.190544,204770.768693,99.385037,668.728735,-21.051346,670.478323,-140.898780,666.383790,59.968073,0.010470,1,0
2.867000,-58.811560,203798.265280,-178.899641,205903.363729,61.101050,205460.578313,99.602228,665.791741,-20.612526,669.479329,-140.741979,665.011070,59.970919,-0.011481,1,0
2.900000,-58.997935,206923.401498,-178.883423,205823.450622,61.122121,205529.692793,98.732904,661.526940,-20.793035,665.818874,-140.760879,661.844593,59.962510,0.003485,1,0
2.933000,-58.890563,206066.783335,-178.958513,206160.656228,61.094023,204963.309777,99.173677,673.518350,-20.987317,671.904534,-140.898850,667.471945,59.965584,-0.008643,1,0
2.967000,-58.940911,205269.093269,-179.040710,204955.686955,60.903166,205873.914175,98.927592,672.606824,-21.139821,663.207853,-141.063419,663.440013,59.971687,-0.004240,1,0
3.000000,-58.927995,206661.677385,-178.926534,206830.683214,60.942307,207100.508273,99.031035,673.565205,-20.997372,673.926702,-141.019842,669.877461,59.974701,0.004092,1,0
3.033000,-59.039595,204589.407129,-178.841586,204511.431611,61.145348,204699.141556,99.046865,675.338305,-20.613902,671.414041,-140.902781,669.403166,59.974010,-0.001495,1,0
3.067000,-58.969132,206036.809945,-178.848033,206158.814413,61.122508,205978.262837,99.007094,673.461063,-20.891221,671.692284,-140.626398,667.641699,59.975301,0.006101,1,0
3.100000,-59.080434,206474.902189,-178.982230,206223.940111,60.894369,205929.228569,98.857509,664.879903,-20.955701,668.941574,-141.169572,667.249768,59.968740,0.004804,1,0
3.133000,-58.907434,206225.265485,-178.945597,204230.328127,60.806807,205401.616378,99.198530,663.630284,-20.958387,664.951583,-141.204535,667.259206,59.968133,0.008187,1,0
3.167000,-59.060065,205144.808699,-179.068439,205176.692662,60.762261,206844.573920,98.794982,662.984319,-21.268891,663.063504,-141.076285,661.883101,59.967180,0.000349,1,0
3.200000,-58.937856,205661.888000,-179.086965,205879.630849,61.007417,207228.578012,99.209132,666.021355,-20.964778,671.304250,-141.169441,676.923014,59.972662,0.013618,1,0
3.233000,-58.976733,204809.771143,-178.903153,207077.957285,60.971212,204866.505171,98.664384,669.071902,-20.977852,665.785327,-140.743134,664.177066,59.963775,-0.004024,1,0
3.267000,-59.021247,205421.643489,-179.094544,206233.641259,61.030869,207590.541238,98.825923,663.835364,-21.184850,664.460538,-140.905765,664.048326,59.971842,0.007153,1,0
3.300000,-58.997281,207013.292397,-179.373085,205235.360628,61.059327,204289.144977,99.135072,666.430513,-21.414975,666.064667,-140.894001,658.984146,59.972876,0.000064,1,0
3.333000,-59.099504,206100.677027,-179.207040,205827.968496,60.905747,205438.655463,98.942751,661.265601,-21.373740,665.969410,-141.080329,664.655482,59.971115,-0.010355,1,0
3.367000,-59.022400,205801.870758,-178.992471,204765.943342,60.972138,205979.886696,99.041592,659.908162,-21.249715,662.635259,-140.953205,659.533354,59.963039,-0.001211,1,0
3.400000,-59.132536,204897.288597,-179.202380,205622.058285,61.077743,205236.729897,98.876533,662.200104,-21.465263,660.604736,-140.868347,652.536671,59.970215,0.001595,1,0
3.433000,-58.918492,205902.349833,-178.914845,205088.555996,61.044208,208130.707068,98.975124,657.033242,-21.027504,662.696153,-140.736392,662.375405,59.970173,-0.019466,1,0
3.467000,-58.899494,205869.128559,-178.943033,206359.180683,61.106958,205509.203679,99.222755,664.586263,-20.965811,666.843171,-140.832189,661.961442,59.966685,0.001106,1,0
3.500000,-58.980251,204918.552405,-179.103065,205584.129820,61.004293,206342.032045,98.913057,657.902841,-21.235595,660.821873,-141.238375,663.422867,59.967600,0.003164,1,0
3.533000,-58.925578,206521.592782,-179.097233,207275.871493,60.921564,205451.474962,99.078813,653.901131,-20.773936,662.598722,-141.043497,659.857762,59.979997,-0.000792,1,0
3.567000,-58.889881,204624.101583,-179.085539,205434.947594,60.839427,204962.972073,99.379399,658.339500,-21.007350,659.365317,-140.990128,657.158193,59.978633,-0.008369,1,0
3.600000,-59.081919,205528.371868,-178.978008,204705.811187,61.156398,205705.564536,98.689753,658.518492,-20.830278,657.242145,-140.967869,657.478136,59.975267,-0.001064,1,0
3.633000,-58.967023,207378.861662,-179.128508,205348.684626,61.088068,203219.381655,99.293582,658.404724,-21.032792,656.665087,-140.837318,654.543200,59.982165,-0.004789,1,0
3.667000,-58.896486,205514.086152,-178.791445,204759.731799,61.198415,206022.865507,98.953169,661.451016,-20.594791,655.531621,-140.489409,660.591163,59.971626,-0.001430,1,0
3.700000,-58.695441,205840.132928,-178.953547,204224.414143,61.102841,205637.981129,98.967959,660.537186,-20.946053,660.247823,-140.875013,661.858992,59.976777,0.005132,1,0
3.733000,-59.127993,203563.727779,-178.940270,204235.412366,61.183488,206687.819431,98.942321,661.161606,-20.943657,659.774156,-140.714444,656.706139,59.975569,0.002258,1,0
3.767000,-59.023431,204113.404360,-179.025904,206490.249565,61.120966,203634.460863,98.720139,654.796109,-20.834528,659.227551,-140.749465,658.149797,59.977137,0.000438,1,0
3.800000,-58.856077,205046.037957,-178.935712,204938.095650,60.948489,204902.191571,98.680112,660.681406,-20.658672,661.983353,-140.963522,657.662595,59.977792,-0.009990,1,0
3.833000,-58.902944,205957.502057,-178.831609,205658.901310,61.115012,204837.046838,98.870779,654.751839,-21.004652,663.407494,-140.902344,657.773636,59.979654,-0.002902,1,0
3.867000,-58.821937,205015.784428,-179.026797,206896.056814,61.065959,204739.314053,99.014044,660.230697,-21.029426,652.404579,-140.782780,651.827344,59.969913,0.003721,1,0
3.900000,-58.867120,204326.036708,-179.105421,203760.479007,60.882006,203864.897788,99.347029,653.100032,-21.312955,656.705026,-141.332076,659.492517,59.971095,-0.005590,1,0
3.933000,-58.957949,203288.307104,-178.892317,203670.577741,61.101797,204204.344505,99.237334,657.766087,-20.783135,659.411527,-140.942126,652.016631,59.977310,-0.010108,1,0
3.967000,-58.824652,205459.467139,-179.123404,205344.698859,60.846072,205704.745758,99.215967,654.340687,-21.272262,655.436057,-141.218651,654.937880,59.976613,0.004335,1,0
4.000000,-58.748228,204452.765728,-178.966518,203415.827881,60.982911,202677.170180,98.765290,657.395014,-21.112898,656.290747,-141.062222,647.589075,59.973957,-0.000542,1,0
4.033000,-58.943486,203459.693273,-178.939188,205654.479165,60.958740,204474.006711,98.771475,652.637919,-20.994385,655.027409,-140.727765,661.980200,59.974209,-0.018145,1,0
4.067000,-59.189129,204057.194784,-178.830437,205017.750621,61.051095,205686.967582,99.137365,655.092548,-20.813315,652.726443,-140.794630,659.759437,59.976144,0.002531,1,0
4.100000,-58.910195,205467.556958,-178.849419,205923.738405,61.008718,203962.685687,99.205020,652.220755,-20.687203,651.413820,-141.288305,659.250329,59.974371,0.000013,1,0
4.133000,-58.872604,204251.656037,-178.893030,205499.113426,61.200654,205395.429356,99.232660,661.310608,-21.011129,661.733177,-140.549312,654.441836,59.971813,0.000727,1,0
4.167000,-58.896642,206246.698916,-179.042057,204684.917634,61.093954,204535.354672,99.124226,657.014592,-20.951163,656.974608,-140.856021,661.831111,59.971114,-0.000947,1,0
4.200000,-59.174625,204793.894672,-179.101256,204599.336462,60.927960,203900.760578,98.609627,653.219892,-21.164338,656.405831,-140.836402,662.584591,59.966120,-0.002749,1,0
4.233000,-58.871590,204287.723347,-179.088116,206618.475506,61.071142,205787.866153,99.263981,661.021428,-21.216764,669.363948,-140.728312,664.090930,59.969952,-0.008012,1,0
4.267000,-59.199735,203860.930152,-178.955402,206331.609535,61.124166,204294.696595,98.804560,659.863601,-20.976010,658.260882,-140.913930,660.655795,59.972291,-0.008585,1,0
4.300000,-58.973157,203593.316487,-178.909377,206090.553281,60.748888,203945.123603,98.912923,660.960635,-20.991095,662.346083,-141.171312,654.545739,59.971588,-0.004473,1,0
4.333000,-58.945208,204020.320995,-179.107116,203191.429016,60.857639,203929.727769,99.003655,651.376679,-21.352379,657.406995,-140.939725,659.698653,59.968262,-0.007733,1,0
4.367000,-59.071433,203559.720503,-178.965137,205944.258090,61.094496,204332.403109,98.993070,656.699265,-21.099788,668.559905,-141.026084,655.165383,59.964293,0.001153,1,0
4.400000,-58.877015,204027.023155,-179.046395,206148.758942,61.029684,203999.159079,99.165754,667.248359,-21.046572,654.631800,-141.069367,665.306066,59.967402,-0.008950,1,0
4.433000,-58.902117,203046.406884,-178.853688,205215.032156,61.143375,204327.619365,99.172983,652.173270,-20.831826,663.141653,-140.536774,659.564123,59.963247,-0.011559,1,0
4.467000,-58.921563,204263.088181,-179.103077,205823.349269,60.940849,203671.900456,98.772994,661.835465,-21.139500,663.365660,-141.069832,664.801870,59.957069,0.000762,1,0
4.500000,-58.739823,204770.894418,-178.908132,205069.815432,61.148045,204213.869057,99.466962,657.904994,-20.924068,659.655615,-140.793530,659.313949,59.967401,-0.006137,1,0
4.533000,-58.930781,205557.374639,-178.887847,206073.352483,61.057902,203424.177593,98.937292,663.301438,-20.971523,664.321444,-140.827415,662.768442,59.956559,0.002715,1,0
4.567000,-59.013351,205916.398400,-178.949467,203363.480021,61.116276,205735.722411,98.951000,662.717081,-21.233527,662.605507,-140.956979,656.015799,59.957977,-0.018320,1,0
4.600000,-58.920710,205502.902901,-178.835410,205371.785054,61.162623,205552.085476,98.866076,666.334647,-20.751554,666.357973,-140.781475,663.920523,59.954297,0.011148,1,0
4.633000,-58.915992,205033.039914,-178.984642,202933.941309,60.974771,203607.760544,99.042251,667.022254,-20.983403,662.020919,-140.958620,660.469107,59.953512,-0.005047,1,0
4.667000,-58.896232,203690.906852,-178.706209,204350.841488,61.167427,204742.465188,98.985235,663.257542,-20.577417,660.136459,-140.943057,657.629211,59.959868,-0.003165,1,0
4.700000,-58.673217,206183.262980,-178.583708,204585.834259,61.191399,204309.103038,99.468804,667.309905,-20.950325,666.481205,-140.989045,661.556867,59.963606,0.000211,1,0
4.733000,-58.787735,204837.064428,-178.829967,204877.939716,61.071526,205079.879478,98.945486,660.547996,-21.131388,667.780432,-140.891009,660.280857,59.961598,-0.010430,1,0
4.767000,-58.740035,205137.347336,-178.701253,204066.089430,61.329072,204599.251866,99.036587,663.622204,-20.622657,663.932643,-140.746227,669.179052,59.954812,0.002175,1,0
4.800000,-58.663490,205205.855397,-178.843642,204332.700816,61.286271,204010.177534,99.021067,663.462639,-20.963489,667.172202,-140.500491,670.392087,59.969140,-0.004130,1,0
4.833000,-58.580639,205234.816400,-178.759367,205485.927948,61.258306,205563.177868,99.622253,671.360535,-21.067601,663.784421,-140.705155,667.411675,59.961736,0.015462,1,0
4.867000,-58.795792,205223.071215,-178.775829,205174.345000,61.255465,206433.373688,98.951639,665.207642,-20.861531,669.093950,-140.605061,661.597080,59.960017,0.005077,1,0
4.900000,-58.700082,205413.643412,-178.636575,204391.883202,61.398433,206406.255399,99.413596,673.059721,-20.773071,664.563757,-140.867991,665.389578,59.966675,0.001091,1,0
4.933000,-58.887148,203864.710078,-178.773412,206569.277818,61.311599,205625.101740,99.239408,655.644419,-20.714718,663.280135,-140.698962,666.015888,59.965835,-0.008382,1,0
4.967000,-58.745444,205135.240424,-178.690083,204294.480845,61.262328,205982.846225,99.330043,664.504947,-20.616280,665.873224,-140.666313,663.365225,59.959977,0.007104,1,0
5.000000,-58.706781,204575.623164,-178.780677,207552.078492,61.266660,205932.621179,99.360859,665.021320,-20.808180,667.651476,-140.443333,660.683562,59.967824,0.010457,1,0
5.033000,-58.741769,203272.203506,-178.789437,206518.219801,61.257877,205324.924829,99.162061,665.539920,-20.768767,660.122806,-140.836676,664.287805,59.972096,0.000660,1,0
5.067000,-58.714299,204652.514650,-178.848001,206261.516792,61.131741,205675.529734,99.402819,665.824596,-20.953181,660.758284,-140.748005,665.356534,59.972504,0.000258,1,0
5.100000,-58.670730,204001.701414,-178.577453,204750.689141,61.430633,204401.503655,99.216765,669.348330,-20.476103,666.600052,-140.545547,666.732576,59.961500,-0.001051,1,0
5.133000,-58.479201,204687.136594,-178.619836,204513.580416,61.253757,203218.609019,99.486594,673.831798,-20.579677,666.975603,-140.604205,665.170772,59.969915,0.004385,1,0
5.167000,-58.677060,204436.552616,-178.676167,205368.582367,61.372416,205622.613915,99.699644,656.999609,-20.684671,662.317374,-140.675215,664.980114,59.967137,0.003127,1,0
5.200000,-58.777389,205338.760821,-178.941106,204865.934940,61.271204,204094.960781,99.104201,660.702714,-20.860344,669.211911,-140.679907,667.003228,59.970208,0.004011,1,0
5.233000,-58.746731,204862.525217,-178.673121,204428.013782,61.282099,204414.297630,99.186238,671.446841,-20.356121,663.940203,-140.776185,663.354849,59.968338,0.004845,1,0
5.267000,-58.650639,204501.559393,-178.629971,205656.760625,61.054544,205875.649823,99.078527,666.849711,-20.660888,662.674464,-140.971110,661.650366,59.960436,-0.008348,1,0
5.300000,-58.885484,206121.454612,-178.626637,205727.626665,61.343277,204521.950681,99.257960,662.348429,-20.624171,662.644526,-140.720556,661.974758,59.964960,-0.012779,1,0
5.333000,-58.852950,205454.446534,-178.863093,204051.646888,61.191972,204588.621116,99.075519,664.384927,-20.625709,663.982297,-140.746554,659.543964,59.968106,0.003320,1,0
5.367000,-58.851317,202035.617365,-178.685479,203178.925972,61.228083,204902.133141,99.289997,655.453664,-20.881012,662.267192,-140.955498,658.693159,59.969358,-0.001273,1,0
5.400000,-58.781290,203655.042134,-178.863501,205039.652190,61.175452,204179.705699,99.301935,661.442628,-21.279046,662.823445,-140.608194,660.903998,59.969521,0.000853,1,0
5.433000,-58.575533,205145.135260,-178.925036,204896.798625,61.257457,204431.019129,99.435994,660.115251,-20.913591,659.154462,-140.644873,667.963952,59.960194,-0.001191,1,0
5.467000,-59.039188,203536.288309,-178.934096,206221.197330,61.040784,204661.200820,99.135517,660.919900,-20.799553,655.436995,-141.154338,665.384059,59.971480,0.000622,1,0
5.500000,-58.836940,203226.934311,-178.964850,205208.779489,60.978530,203745.052043,99.084868,667.735792,-20.739016,669.174008,-141.002564,652.306341,59.964485,0.006525,1,0
5.533000,-58.945504,203996.047539,-178.922201,204367.559466,61.097267,205784.393337,98.958988,663.958094,-20.863687,669.644058,-140.843103,658.116102,59.963002,0.006145,1,0
5.567000,-58.942810,204889.800818,-179.045047,203127.121663,60.801384,203803.870059,98.998148,659.952437,-20.871567,662.807415,-141.288231,664.847310,59.967889,-0.010699,1,0
5.600000,-59.111293,203253.625690,-178.912235,204784.496329,61.032937,202608.166799,98.986825,660.151390,-20.620184,662.876678,-141.083169,662.572587,59.960412,0.004248,1,0
5.633000,-59.139333,202225.655102,-178.878782,204513.736525,61.023885,205610.554462,98.999043,660.839483,-21.284474,654.868904,-141.205067,656.718684,59.961969,-0.009181,1,0
5.667000,-59.134525,204207.252280,-179.060972,203160.286451,60.907868,205304.525772,98.842065,659.951489,-20.893818,663.604290,-141.215616,661.547363,59.975217,0.003311,1,0
5.700000,-58.927821,204733.590747,-179.113430,202172.780786,61.037387,204698.096413,99.159054,665.600035,-21.616457,659.821062,-141.083151,664.119165,59.958258,-0.010767,1,0
5.733000,-58.988388,204290.190939,-178.972175,205462.336842,60.766534,206340.019665,99.052588,662.619628,-21.417171,658.950473,-141.449512,657.070582,59.965498,0.008701,1,0
5.767000,-58.862434,203351.972822,-179.050438,203742.980392,61.107594,202799.379463,99.257817,665.252856,-21.010817,666.992035,-140.870047,663.559972,59.968859,0.003111,1,0
5.800000,-59.090719,203763.756524,-178.862076,204886.706543,61.048199,203695.741827,98.848046,658.964700,-21.081128,659.387621,-140.979505,662.719444,59.967140,-0.011785,1,0
5.833000,-59.151145,203335.772572,-179.004969,204805.830036,60.910874,204740.507639,98.739911,657.478062,-21.325937,655.107120,-140.838343,667.372698,59.965598,-0.011280,1,0
5.867000,-58.943886,205538.984849,-179.044361,206455.346367,61.054750,205405.505374,98.654403,658.277905,-20.852417,656.874500,-140.854917,660.253657,59.959760,-0.005763,1,0
5.900000,-59.110972,204528.797080,-179.003087,205571.005977,61.001955,204605.724511,98.861622,651.290562,-20.872659,653.730723,-140.907748,661.755895,59.969901,-0.010263,1,0
5.933000,-59.054411,203888.425016,-179.331886,203746.557764,61.058924,203008.660482,98.919137,663.799751,-21.296298,647.641454,-141.231320,656.141461,59.954237,-0.005619,1,0
5.967000,-58.822451,204995.913986,-179.118373,204243.304826,60.989433,202872.844007,99.301414,654.548354,-21.084339,651.489924,-141.268981,647.638419,59.961813,-0.013392,1,0
6.000000,-58.927756,206247.827769,-178.875486,205090.885253,61.106201,203775.624711,98.936872,654.195209,-20.872774,664.813220,-141.006655,658.542822,59.961700,0.000685,1,0
6.033000,-59.032208,205909.242144,-178.999589,203417.397216,60.910557,204118.575543,99.058328,656.307990,-21.391505,650.589853,-141.209170,656.575186,59.963366,-0.007082,1,0
6.067000,-58.823615,205066.209863,-179.119453,203904.763550,61.011797,203349.007486,99.025064,660.164764,-21.151831,659.565187,-141.274033,655.845948,59.973380,0.004205,1,0
6.100000,-58.855909,204494.758589,-178.652812,204181.691029,61.191484,204439.194334,99.106980,657.680295,-20.433672,661.060113,-140.892410,654.044860,59.959460,0.000905,1,0
6.133000,-58.963383,204161.200284,-179.041116,206110.386156,61.183288,204216.081137,99.184161,661.309806,-21.225705,660.495765,-141.099870,657.164723,59.972158,0.009256,1,0
6.167000,-58.903877,204001.530306,-178.917316,204792.364597,61.028045,202922.189559,98.891713,652.980142,-21.310264,654.965117,-141.013154,652.005709,59.959321,-0.002008,1,0
6.200000,-58.750545,205621.576560,-178.785566,205138.112545,61.134948,202811.403696,99.211554,657.818508,-20.795366,653.711829,-140.742395,652.014329,59.959573,0.009129,1,0
6.233000,-58.759398,203161.829207,-178.797218,206656.817122,61.242743,203654.604261,99.486709,661.007286,-20.729073,656.495696,-141.023706,659.771591,59.963747,0.000452,1,0
6.267000,-58.872298,204408.864093,-178.780706,204309.969664,61.090737,204505.697806,99.000938,653.622197,-20.756333,648.660787,-140.749437,661.462178,59.966605,0.002726,1,0
6.300000,-58.982204,205015.854011,-178.747078,203632.950546,61.126067,203095.437505,99.190331,655.901094,-20.740281,659.523642,-140.822870,657.585907,59.976131,0.010838,1,0
6.333000,-58.771835,203390.205052,-178.716257,204774.135737,61.140531,203509.702931,99.270879,653.489805,-20.825207,654.083424,-140.802278,657.280899,59.965035,-0.007386,1,0
6.367000,-58.921332,203446.148261,-178.898915,204719.275594,61.105909,204343.924746,99.081534,661.240735,-20.813594,654.803813,-140.729159,652.772419,59.971950,0.005224,1,0
6.400000,-58.839816,203671.311340,-179.007365,204682.146680,61.215659,204662.266415,99.152533,651.379603,-20.691845,654.030891,-140.484686,656.165998,59.964420,-0.004858,1,0
6.433000,-59.017520,206239.090114,-178.864591,204563.984017,61.230747,204874.068355,99.141670,657.926437,-20.855530,650.053921,-140.716220,651.281125,59.976645,-0.004825,1,0
6.467000,-58.859395,203913.360644,-178.900517,205172.079188,60.987176,204174.842296,99.082574,655.289370,-20.493552,655.158022,-141.005101,655.102987,59.970475,0.015225,1,0
6.500000,-58.890818,203603.691613,-178.770768,204733.048117,61.207366,203477.511048,99.168567,652.801803,-20.779559,653.505331,-140.700261,659.626423,59.963583,0.022264,1,0
6.533000,-58.818356,203802.703056,-178.951051,204485.360410,61.008402,202611.707731,99.190177,649.067197,-20.901598,652.719093,-140.985760,650.167810,59.970037,0.001770,1,0
6.567000,-58.670739,205617.637613,-178.967056,205012.357138,61.199213,203912.444920,99.509414,652.324893,-20.998552,653.326630,-140.938794,651.398247,59.963680,0.004754,1,0
6.600000,-59.079988,204352.741759,-178.928113,203991.897599,61.260765,203779.742897,98.893069,652.231430,-20.990153,647.868502,-140.366546,652.572619,59.982350,-0.009228,1,0
6.633000,-58.718514,202564.737947,-178.731158,203516.325404,61.147098,204253.555852,99.408205,652.728581,-20.452326,651.657388,-141.110935,650.582332,59.971273,0.005823,1,0
6.667000,-58.926662,203022.281399,-178.689873,204679.036173,61.053138,203599.487113,99.121355,649.722781,-20.903483,649.320978,-141.308573,652.339952,59.964853,-0.014569,1,0
6.700000,-58.861345,204031.441232,-178.744617,203367.325109,61.015566,205157.995251,99.006675,652.061219,-20.481033,652.206612,-140.752007,648.628826,59.968494,-0.000766,1,0
6.733000,-58.807231,205732.952285,-178.849492,204954.486342,61.206964,204834.107901,99.027255,651.672732,-21.011628,651.587530,-140.752926,644.352203,59.966792,-0.005150,1,0
6.767000,-58.889248,204464.822385,-178.727489,207085.453788,61.138441,203552.051249,98.738428,647.869437,-20.741096,651.812341,-140.524034,647.720294,59.962843,-0.004226,1,0
6.800000,-58.853488,202965.485812,-178.947944,204964.021647,61.199717,203889.994479,99.399812,651.571027,-20.764660,654.995413,-140.866901,656.379820,59.968502,-0.010879,1,0
6.833000,-58.815604,205212.837717,-178.882129,203934.482985,60.986776,202983.542334,99.050777,655.993267,-20.663206,653.792263,-141.121653,657.835992,59.967996,0.005212,1,0
6.867000,-58.786569,204767.677086,-178.767411,203843.668692,61.249951,204972.015121,99.062383,652.906959,-20.442854,649.490841,-140.725523,647.931879,59.965126,-0.002214,1,0
6.900000,-58.897271,203476.462336,-179.140612,203049.831630,61.070780,203243.854340,99.280175,658.832102,-21.240268,650.910776,-141.096027,654.268167,59.967020,-0.003519,1,0
6.933000,-59.053790,203937.192903,-178.920749,202817.337167,61.206809,203205.206616,98.842229,648.004841,-20.785523,648.892171,-140.893102,659.359239,59.971007,0.011402,1,0
6.967000,-58.907424,201548.787238,-178.957404,203494.568062,61.045389,204337.904734,99.053864,650.744629,-21.132303,650.736687,-141.176838,649.137248,59.968138,-0.002582,1,0
7.000000,-58.943246,206003.065123,-178.820208,205414.148443,60.905981,205055.242069,99.256260,654.458605,-20.586013,649.804638,-141.310112,656.346716,59.965691,-0.011667,1,0
7.033000,-58.916048,205186.612594,-178.936973,202984.284990,61.200108,204652.063526,99.020718,646.263542,-21.235647,654.112237,-140.908473,650.054940,59.967674,-0.012000,1,0
7.067000,-58.871651,203091.907122,-179.142312,203179.976632,61.163682,204495.931292,98.950780,653.680496,-20.922935,654.250464,-140.917467,658.239792,59.969834,-0.001742,1,0
7.100000,-59.091382,203233.449651,-178.906991,204968.776018,61.098838,203336.793645,98.850163,657.916070,-21.038050,654.503816,-140.531546,647.841001,59.964250,-0.000229,1,0
7.133000,-58.729513,202621.781629,-178.877410,205581.269385,61.029768,203400.880823,99.186369,653.227760,-20.994263,651.335571,-141.059416,662.134748,59.974171,0.008555,1,0
7.167000,-58.983025,204180.776607,-179.030292,205434.572388,61.099618,202926.530972,98.883966,653.602728,-20.912901,653.295529,-140.973280,653.256429,59.961280,-0.003961,1,0
7.200000,-58.692264,203173.435868,-178.905669,204265.074237,61.290930,203105.643703,99.851152,659.310649,-21.037511,651.348938,-140.413057,651.639143,59.965335,0.000605,1,0
7.233000,-58.917791,202314.867182,-178.760774,202607.882322,61.025192,203346.020485,98.823282,659.223312,-21.033967,652.409830,-140.911083,652.145424,59.966882,-0.004934,1,0
7.267000,-58.989241,202529.414565,-178.989890,202434.657373,61.256554,205117.518816,99.218472,657.692055,-20.899936,651.894423,-140.731038,640.444146,59.974153,0.007971,1,0
7.300000,-58.822353,202586.671063,-179.079404,204548.969032,61.063060,203314.699012,99.154985,659.276904,-21.084537,653.841610,-141.054818,648.715979,59.976888,0.002596,1,0
7.333000,-58.829851,202375.975188,-179.039644,202995.737476,61.068768,204346.899152,99.166996,651.308982,-21.118426,649.217209,-140.983293,654.572512,59.962494,-0.000920,1,0
7.367000,-58.959246,203251.254683,-178.857715,204542.441495,61.093825,201864.225268,99.377935,656.794875,-20.382828,645.166001,-140.970104,651.036827,59.966254,0.000360,1,0
7.400000,-58.748045,202541.296951,-178.903085,204525.490617,61.010897,203789.360812,99.085869,652.625115,-21.092618,656.125730,-140.870041,659.663425,59.966947,0.009879,1,0
7.433000,-58.857508,202682.090207,-178.858790,204352.800290,61.118313,203406.077215,98.975220,652.344355,-20.825519,652.634476,-140.781998,652.992722,59.964254,0.014600,1,0
7.467000,-58.981874,202951.249094,-179.129941,202922.629363,61.056106,202623.064768,99.074574,649.617762,-21.089678,655.556513,-141.195803,652.499630,59.966545,0.000206,1,0
7.500000,-58.996659,202736.236354,-178.899094,202235.496400,61.048608,202490.069923,98.756546,649.824747,-20.995712,653.730463,-141.129707,661.403741,59.965957,-0.011838,1,0
7.533000,-58.963429,205016.622599,-178.835718,200451.455888,61.131330,202647.989885,98.656894,655.804339,-20.788732,651.774288,-140.673889,652.229760,59.963392,-0.003362,1,0
7.567000,-58.719578,204188.994065,-179.079404,204488.129838,61.165693,202636.890548,98.962621,652.730607,-20.837999,654.937308,-141.102998,655.868112,59.965903,0.001154,1,0
7.600000,-58.750492,204644.489913,-178.960932,203315.666076,61.013558,203366.234054,99.109221,651.027925,-21.090530,650.753421,-140.644213,653.739926,59.973019,-0.011080,1,0
7.633000,-58.800348,201783.057489,-178.746879,203862.701846,61.043547,202362.513856,99.105561,644.047952,-20.882517,649.726514,-140.918682,648.233516,59.963790,0.002818,1,0
7.667000,-58.813187,202619.025724,-178.617124,202607.347353,61.095886,201937.850024,99.403120,647.483231,-20.847533,648.674776,-140.775273,648.011367,59.971703,0.006011,1,0
7.700000,-58.919759,202081.823167,-179.122984,201995.774910,61.093680,203257.434727,99.185176,647.748658,-21.168033,646.586173,-140.946245,647.267680,59.967230,-0.005033,1,0
7.733000,-58.742599,202188.876562,-178.788915,202701.141719,61.120102,202048.809987,99.420176,651.428601,-20.619456,645.341398,-141.362081,647.246426,59.965289,0.002409,1,0
7.767000,-58.735991,201136.884896,-178.723083,202647.828281,61.272870,201205.307245,99.376382,649.028120,-21.054221,645.989501,-140.512203,651.148071,59.970305,0.007553,1,0
7.800000,-58.657909,201762.948519,-178.795193,202988.342243,61.115170,202689.952741,99.287227,648.911099,-20.916659,652.436785,-140.886156,652.877158,59.968800,-0.003084,1,0
7.833000,-58.837227,203372.078992,-178.797060,200995.457547,61.330109,202354.274397,99.229650,650.836738,-21.086855,644.469624,-140.956667,655.302231,59.974126,-0.003871,1,0
7.867000,-58.750262,201862.371210,-178.795444,202715.675759,61.163515,202453.143754,99.445118,653.968469,-20.700018,644.703269,-140.639728,642.201813,59.959835,0.019083,1,0
7.900000,-58.625496,202450.248270,-178.858375,202381.374537,61.139692,201899.089435,99.299471,653.493811,-20.942942,649.194349,-141.061407,655.108148,59.964601,0.004540,1,0
7.933000,-58.852825,202073.758977,-178.752715,203031.430839,61.152732,201717.118032,98.971088,654.536627,-20.638150,651.124285,-140.805000,649.150977,59.974059,-0.010681,1,0
7.967000,-58.896347,204160.605629,-178.626410,204527.160317,61.259261,203369.268359,99.083474,646.300673,-20.411900,652.125808,-140.798057,649.519861,59.962427,0.002075,1,0
8.000000,-58.691057,202448.937523,-178.716942,203589.405563,61.303017,202603.479866,99.479506,646.098912,-20.777444,653.258569,-140.582259,651.805161,59.963014,0.012004,1,0
8.033000,-58.660216,204622.299903,-178.822800,203721.665367,61.261763,203256.780677,99.494707,658.868202,-20.996418,651.985777,-140.654815,652.227231,59.954653,0.007750,1,0
8.067000,-58.689895,204409.370970,-178.724371,202425.935813,61.177514,202134.851162,99.432763,650.972399,-20.830074,653.988054,-140.785959,655.455414,59.969562,0.006692,1,0
8.100000,-58.859013,203206.705903,-179.098178,204672.436216,61.098528,203244.720896,98.998419,652.535775,-21.160799,660.372891,-140.846479,657.073178,59.959831,0.005891,1,0
8.133000,-58.816284,203890.385744,-179.019685,201732.060771,61.138922,202798.160040,99.197406,654.715854,-20.949624,658.610279,-140.767872,653.427717,59.961390,0.012934,1,0
8.167000,-58.765398,202034.858823,-178.876533,202732.550508,61.199105,204167.436036,99.446157,658.350792,-20.916618,657.672096,-140.533119,650.259568,59.956479,-0.016653,1,0
8.200000,-58.777937,202585.293931,-178.739541,201759.803449,61.316873,201234.714536,99.296928,649.540964,-20.879110,655.195940,-140.661073,653.390468,59.959541,0.000590,1,0
8.233000,-58.688151,203868.198685,-178.702689,201249.473353,61.292755,201572.660769,99.519174,655.299996,-20.825247,649.319096,-140.825375,651.046898,59.964848,0.001865,1,0
8.267000,-58.911598,202358.123622,-178.737128,201875.905126,61.229457,201070.045140,99.099468,650.082354,-21.075631,652.405413,-141.041273,651.117543,59.966130,0.004901,1,0
8.300000,-58.685177,202280.469085,-178.816917,202057.513504,61.284430,202107.619592,99.723071,655.422005,-20.871298,658.324364,-140.827556,649.939469,59.967777,-0.007390,1,0
8.333000,-58.706409,204165.667910,-178.760873,201883.291134,60.996831,203133.709132,99.348265,653.613518,-20.729117,660.670093,-141.032266,655.084462,59.960192,-0.003161,1,0
8.367000,-59.112276,203016.125027,-179.019495,202977.045107,61.080043,202974.979084,98.948913,648.840521,-21.303576,657.509453,-140.965377,654.092000,59.952528,-0.004283,1,0
8.400000,-58.717025,203063.924826,-178.750369,203166.896199,60.891286,203415.258989,99.417213,647.033411,-20.774639,658.626694,-141.137572,657.731571,59.956573,-0.007241,1,0
8.433000,-58.829199,201511.445647,-178.809283,203296.147044,61.345968,202299.464365,99.218783,661.857901,-20.786656,652.911129,-140.603008,653.876086,59.966456,-0.007452,1,0
8.467000,-58.749716,203184.207430,-178.878400,203234.795081,61.041950,202366.738151,99.301511,659.230768,-20.789276,657.226450,-140.922780,650.661903,59.957591,-0.004081,1,0
8.500000,-58.881753,203272.298740,-178.911433,203960.740536,61.229796,201298.423938,99.253759,650.349565,-20.476821,649.979398,-141.159417,652.491167,59.955366,0.003581,1,0
8.533000,-58.755608,202667.154900,-178.904247,201793.963800,61.068871,203554.884718,99.158586,648.940284,-21.191083,646.656097,-141.011457,653.981392,59.959280,0.000851,1,0
8.567000,-58.676154,204099.163770,-178.958089,203929.702219,61.188862,203396.635485,99.059381,654.787150,-20.929842,651.045539,-140.987374,652.976757,59.947540,-0.011704,1,0
8.600000,-58.858908,202991.098193,-178.768918,202918.156250,61.159507,201745.188326,99.446060,649.524443,-21.328516,651.901097,-141.132229,653.139031,59.952567,-0.003856,1,0
8.633000,-59.033525,204826.244298,-179.022558,204206.625925,61.159568,203649.309281,98.917557,652.920499,-20.822415,644.810900,-140.920443,648.300244,59.951648,0.002095,1,0
8.667000,-59.164531,202909.666910,-178.879153,201773.877163,61.242942,204330.276599,98.916667,649.458992,-20.693047,650.234996,-140.780226,639.924009,59.959918,-0.002896,1,0
8.700000,-58.879192,202192.682078,-179.122385,203291.843685,61.150746,202442.566182,99.098887,649.122448,-21.024267,651.703325,-140.657647,644.557042,59.956628,0.007220,1,0
8.733000,-58.979281,201181.680539,-179.034458,203910.425484,61.152863,203799.274755,98.837793,651.102017,-20.782606,645.808609,-140.863529,653.139900,59.957798,-0.000991,1,0
8.767000,-58.938999,202351.389037,-179.104489,203157.262435,61.130005,203705.313059,99.181085,649.430334,-21.373352,655.487529,-140.832487,650.835146,59.951064,-0.001975,1,0
8.800000,-58.827947,203456.332304,-178.858510,203456.866750,61.238494,203768.684504,98.967594,654.195942,-20.815229,645.761433,-140.847215,646.502558,59.958820,-0.004017,1,0
8.833000,-58.872269,202400.409683,-178.912393,202035.162409,61.244122,203617.621905,99.067532,645.669088,-20.675554,645.397774,-140.736162,645.598751,59.961221,0.000568,1,0
8.867000,-58.843140,204517.198291,-178.755218,202652.194181,61.182091,200960.934201,99.312825,651.578753,-20.937659,646.846677,-140.834236,646.716452,59.959665,0.004590,1,0
8.900000,-58.719552,202837.751402,-178.727376,203389.650222,61.202861,201546.594875,99.469749,641.845665,-20.543867,648.359044,-140.745023,650.982647,59.957074,0.002282,1,0
8.933000,-58.850969,203449.444481,-178.906472,205009.329750,61.339365,201798.678427,98.956107,648.368608,-20.956165,650.474641,-140.764486,652.453655,59.952570,-0.001721,1,0
8.967000,-58.824299,202874.442704,-178.875783,203335.038423,61.203945,202586.634161,99.529960,646.533654,-20.916378,645.842657,-140.961334,649.385878,59.956364,0.001700,1,0
9.000000,-58.763541,203449.487165,-178.705663,202475.195268,61.042852,202733.809483,99.217049,648.347576,-20.783406,647.611112,-141.138322,651.348265,59.965850,0.001688,1,0
9.033000,-58.725199,204859.337221,-178.733167,204301.637295,61.072984,202621.954619,99.148431,644.671952,-20.705221,647.151451,-140.685248,649.050221,59.955263,0.002582,1,0
9.067000,-58.786320,202294.734314,-178.779689,204484.541764,61.166600,203575.878667,99.433246,644.529265,-20.754249,645.422171,-141.061026,644.659312,59.948660,0.004611,1,0
9.100000,-58.916452,204789.843844,-178.608930,203102.924825,61.024836,203640.703793,98.987661,640.374064,-20.566863,643.795615,-141.120507,638.652108,59.949341,0.001311,1,0
9.133000,-58.791695,203911.709581,-178.870692,203210.118115,61.349667,202762.347581,99.307576,649.261285,-20.941897,637.694076,-140.731505,645.548052,59.943283,-0.007934,1,0
9.167000,-59.021569,203707.534910,-178.812599,202628.623469,61.252055,202399.098652,99.070143,646.577301,-20.510151,645.245966,-141.120128,646.124673,59.957389,-0.011931,1,0
9.200000,-58.842260,204907.315085,-178.973993,202687.619504,61.212411,203752.640840,99.246161,647.045645,-20.671208,649.210638,-140.588809,646.716897,59.959139,-0.007044,1,0
9.233000,-58.855991,203135.222756,-178.711334,204391.898679,61.260704,203336.173080,99.168437,643.786436,-20.363256,644.462663,-140.752083,651.859059,59.951486,-0.015118,1,0
9.267000,-58.979724,203895.173088,-178.834716,203304.626232,61.062239,202494.760715,98.890923,655.696946,-20.762456,649.893159,-140.844774,645.140669,59.946937,-0.018353,1,0
9.300000,-58.870327,203671.273462,-178.804252,203164.028250,61.114295,203290.098323,99.154345,649.471840,-20.695146,651.282789,-141.084025,648.577733,59.952216,0.021217,1,0
9.333000,-58.898484,204348.051984,-178.747199,205038.743188,61.036911,204798.595318,98.802988,649.859740,-20.671747,645.307104,-140.902161,645.417245,59.951916,-0.003564,1,0
9.367000,-58.964223,202221.117550,-178.887327,202502.834589,60.997164,203048.506907,99.112405,649.640181,-20.658891,653.078376,-141.139275,648.511701,59.952246,-0.003594,1,0
9.400000,-58.738378,204160.001983,-178.855931,203053.223138,61.188057,204646.236401,99.152965,656.754168,-21.025569,647.268370,-141.289600,647.915133,59.966143,-0.002303,1,0
9.433000,-58.863681,202745.637727,-178.726009,202703.236946,60.996685,203384.390088,99.239592,654.502082,-20.851920,654.558502,-140.895655,655.485373,59.958474,0.004364,1,0
9.467000,-58.730177,203823.616783,-178.976700,204033.454483,61.140816,203188.690383,99.334626,654.234849,-20.946884,655.889770,-140.745272,655.595675,59.957195,0.004117,1,0
9.500000,-58.697697,204126.989235,-178.789271,204875.963176,61.129678,203462.697784,99.457554,650.394931,-20.508478,654.418650,-140.563419,653.716076,59.961565,-0.012976,1,0
9.533000,-58.937951,204782.078072,-178.794658,203476.772664,61.151453,205078.221138,98.847444,653.811911,-20.697048,654.199483,-140.811485,655.087291,59.957156,0.005179,1,0
9.567000,-58.714689,204183.428917,-178.752880,204162.950181,61.011626,203426.217639,99.515365,655.077034,-20.710272,656.679901,-140.965224,650.397484,59.958074,-0.001323,1,0
9.600000,-58.887977,203399.745205,-178.828888,204851.140535,61.171383,204445.249499,98.987260,653.158800,-20.785952,646.204209,-140.851163,655.807011,59.956567,-0.000091,1,0
9.633000,-58.876670,204570.541101,-178.803632,203192.224832,61.196229,204602.270780,99.205870,646.246171,-20.761155,649.002780,-140.533930,655.759244,59.955684,-0.006703,1,0
9.667000,-58.774579,203708.508417,-178.503582,204391.846162,61.289805,204145.259115,99.376444,651.925438,-20.432912,652.573054,-140.701784,660.162288,59.958161,-0.000360,1,0
9.700000,-58.687403,203526.027773,-178.712185,203102.664497,61.393369,204602.030552,99.666810,648.041855,-20.661003,648.457799,-140.798339,651.571234,59.951632,-0.009169,1,0
9.733000,-58.788240,203362.739274,-178.790883,204590.670404,61.271829,203976.988009,99.358521,650.431194,-20.474930,649.549332,-140.816843,648.388053,59.960870,-0.004922,1,0
9.767000,-58.812533,201206.679712,-178.815449,204798.048030,61.247273,203079.484858,99.412259,654.038576,-20.850707,653.352232,-140.850675,649.424440,59.962770,0.003664,1,0
9.800000,-58.714788,204746.650320,-178.734753,203540.438247,61.250738,203685.358863,99.185083,649.806257,-20.452659,655.715537,-140.528981,653.995634,59.957638,-0.011755,1,0
9.833000,-58.950172,204475.971168,-178.770738,204167.923182,61.243661,202908.141152,99.163844,657.491277,-20.868661,655.220562,-140.681993,660.253218,59.958844,-0.010018,1,0
9.867000,-58.809806,204109.050125,-178.904982,203879.437219,61.255300,203501.329311,99.008832,651.587841,-20.723142,658.130051,-140.966637,653.696468,59.953320,-0.010889,1,0
9.900000,-58.815613,205675.804993,-178.737559,203313.309981,61.142733,202972.287704,99.334631,652.739285,-20.579070,652.127858,-141.115726,649.904586,59.956423,-0.007482,1,0
9.933000,-58.847714,206210.718714,-178.548187,204290.147337,61.293635,204117.094684,99.282478,654.918255,-20.370469,653.850928,-140.567681,655.386994,59.952314,0.013303,1,0
9.967000,-58.798021,203638.484517,-178.793101,204880.563806,61.356837,204121.073318,99.631306,653.195826,-20.803961,649.069768,-140.694795,648.812541,59.947966,-0.006278,1,0
10.000000,-58.584351,203182.213118,-178.813495,205189.858441,61.277325,203160.326573,99.075760,653.242311,-20.772340,650.931844,-140.447425,645.997506,59.958096,0.007120,1,0
10.033000,-58.670228,203388.195356,-178.690101,204832.996982,61.346556,203506.148870,99.226116,657.081820,-20.576229,650.377598,-140.658133,656.432279,59.956648,0.000698,1,0
10.067000,-58.669507,203323.269627,-178.741486,203568.100447,61.169224,204534.037788,99.315534,654.208789,-20.877202,651.346833,-141.076533,653.947078,59.951493,-0.003221,1,0
10.100000,-58.734246,204263.546549,-178.645887,203692.230162,61.294658,203894.175940,99.186471,659.622200,-20.833224,656.473367,-140.877254,661.242592,59.966691,0.001650,1,0
10.133000,-58.764434,203343.825595,-178.728646,202975.240486,61.203501,202805.583899,99.151962,657.190354,-20.521166,655.015668,-140.967363,661.004089,59.957978,-0.009421,1,0
10.167000,-58.867061,203891.357932,-178.705415,202114.629295,61.278434,206194.570045,99.098780,658.996526,-20.641252,653.604668,-140.752164,651.007222,59.961094,-0.005272,1,0
10.200000,-58.715157,202833.574760,-178.636940,204756.979337,61.241436,203838.877561,99.571728,661.326051,-21.058734,660.151554,-140.626009,655.016649,59.954521,-0.004057,1,0
10.233000,-58.639775,203296.792227,-178.546599,204117.864363,61.112002,204030.339334,99.287875,658.422143,-20.841683,667.615409,-140.658382,661.235504,59.961878,-0.006551,1,0
10.267000,-58.678544,203262.980347,-178.724258,204570.880944,61.204312,202922.909835,99.421322,665.875824,-20.919885,651.436926,-140.458848,658.821514,59.964580,-0.011165,1,0
10.300000,-58.997428,203105.639302,-178.833927,202381.295873,61.253241,205057.683167,98.644008,655.026420,-20.616624,658.939721,-140.636730,659.051236,59.960884,-0.002118,1,0
10.333000,-58.687062,203604.401840,-178.698159,203762.437330,61.503114,204123.287815,99.126637,649.354892,-20.537614,657.456592,-140.315550,659.233514,59.957489,0.015040,1,0
10.367000,-58.494192,204662.854798,-178.694703,204559.053867,61.453596,203166.203520,99.306209,655.656626,-20.703265,655.686960,-140.373868,657.408008,59.958659,0.006529,1,0
10.400000,-58.688280,204013.511588,-178.693972,204110.677206,61.287500,204847.384438,99.134339,665.272642,-20.587267,657.829673,-140.772209,654.557389,59.960808,0.000949,1,0
10.433000,-58.895932,205399.190033,-178.832698,203236.831775,61.418551,202894.270772,99.027574,653.046865,-21.010573,657.783940,-140.564610,658.442499,59.964034,-0.008534,1,0
10.467000,-58.832268,201936.774944,-178.691041,204296.739346,61.396820,205218.373255,98.994099,653.829804,-20.717835,653.549368,-140.536350,660.057186,59.965227,0.001896,1,0
10.500000,-58.625704,202481.910484,-178.691196,203959.300881,61.291571,202582.165421,99.344508,654.292197,-20.588050,653.778956,-140.647928,657.745747,59.955937,0.000450,1,0
10.533000,-58.827717,203300.458485,-178.600143,203806.141226,61.491243,203507.526552,98.744312,653.432591,-20.780023,650.921878,-140.277126,651.233937,59.960431,-0.006734,1,0
10.567000,-58.779464,203002.764194,-178.667352,204312.605012,61.193453,203635.625085,99.358216,662.582508,-20.843273,647.797974,-141.063712,653.584829,59.969012,0.000864,1,0
10.600000,-58.709039,203942.252111,-178.604035,204035.924704,61.400609,203545.450413,99.384074,657.687268,-20.447069,657.949725,-140.857275,657.378418,59.968188,0.001405,1,0
10.633000,-58.752819,203894.814482,-178.784290,202388.948682,61.311792,202963.268808,99.226733,657.660789,-20.746052,651.726365,-140.695159,659.291579,59.957777,-0.008914,1,0
10.667000,-58.506478,204378.968838,-178.639024,203292.436598,61.429143,203515.966725,99.674504,660.565074,-20.667843,655.190628,-140.491063,653.983845,59.967310,-0.008761,1,0
10.700000,-58.661058,203001.585716,-178.679541,203548.242857,61.257507,203996.538523,99.602161,656.776868,-20.950070,658.545585,-140.595316,654.835256,59.955163,-0.003939,1,0
10.733000,-58.669179,202470.151704,-178.663387,203359.886070,61.064064,203840.294006,99.132228,659.559153,-20.689892,655.812826,-140.974835,656.800025,59.959495,0.017986,1,0
10.767000,-58.718507,202524.678607,-178.674221,201780.984183,61.256774,204110.272626,99.383995,657.679694,-20.704168,657.817481,-140.592673,658.166739,59.958851,-0.006334,1,0
10.800000,-58.659603,203868.636890,-178.865659,203242.294054,61.225149,202788.544126,99.465563,657.544298,-20.915077,656.734893,-140.821272,654.971181,59.963753,0.007325,1,0
10.833000,-58.751360,203726.874606,-178.705115,204845.659040,61.510469,202768.653792,99.340886,657.732394,-20.775768,665.625923,-140.494910,657.299654,59.962301,-0.000418,1,0
10.867000,-58.663929,201681.823134,-178.735834,203481.418024,61.436788,203735.159338,98.952041,655.426936,-20.674132,665.128125,-140.479398,665.844850,59.966874,0.007019,1,0
10.900000,-58.643958,203612.760199,-178.498158,202736.603032,61.351079,204259.439573,99.239873,658.955682,-20.483241,660.339441,-140.470328,654.912810,59.969244,0.007077,1,0
10.933000,-58.537114,203898.682193,-178.743895,201827.651024,61.483083,202780.611971,99.296721,663.148094,-20.695501,661.873674,-140.619535,657.941834,59.967767,-0.000593,1,0
10.967000,-58.629704,204453.682477,-178.642390,203720.986918,61.408727,201870.511686,99.189571,664.442598,-20.478260,657.770807,-140.527392,661.467721,59.963350,-0.002860,1,0
11.000000,-58.635410,203402.518322,-178.650697,203863.400820,61.436714,202990.156486,99.212479,659.688594,-20.471441,658.343709,-140.331902,663.012325,59.951787,0.002712,1,0
11.033000,-58.306002,202956.451609,-178.531021,203777.896022,61.441841,202537.555638,99.951725,661.433165,-20.435092,664.520714,-140.959624,654.682735,59.959749,0.002087,1,0
11.067000,-58.512822,203886.098941,-178.347551,202285.182035,61.553655,202830.667576,99.746824,657.690975,-20.470062,658.189047,-140.089580,659.555968,59.958204,0.002033,1,0
11.100000,-58.428458,203861.993208,-178.464969,204376.577003,61.508896,203306.301976,99.330847,660.629358,-20.749368,649.884644,-140.286482,657.915510,59.952136,0.001915,1,0
11.133000,-58.361838,204853.249919,-178.618377,203742.586194,61.557716,202571.124298,99.679227,656.829737,-20.906433,661.084956,-140.401317,654.374936,59.950172,-0.012138,1,0
11.167000,-58.588855,202554.479759,-178.551420,204718.637687,61.537170,201336.833963,99.410147,649.298563,-20.556163,654.903730,-140.463633,659.285469,59.958287,-0.008379,1,0
11.200000,-58.405933,204120.466162,-178.683105,202965.901733,61.354676,203855.285318,99.555194,660.236294,-20.844694,660.144988,-140.527835,655.684837,59.956566,-0.003173,1,0
11.233000,-58.567665,204784.029162,-178.632075,203309.665932,61.571147,203944.669805,99.043886,654.516102,-20.589098,650.877593,-140.680611,648.711200,59.963566,-0.010175,1,0
11.267000,-58.581201,204249.475155,-178.526065,202242.052598,61.424059,201908.301364,99.354982,660.411506,-20.362843,658.080091,-141.161744,653.451448,59.957781,-0.001983,1,0
11.300000,-58.489763,204557.270565,-178.515368,203546.336186,61.513970,203153.036875,99.511844,656.231804,-20.687267,663.226317,-140.537299,653.415400,59.950765,0.005865,1,0
11.333000,-58.463043,202490.684447,-178.509228,201910.173387,61.685174,203325.036991,99.463079,658.961680,-20.207325,656.535611,-140.270944,652.417425,59.962624,-0.002358,1,0
11.367000,-58.568503,203040.223629,-178.558111,204578.339097,61.598471,202490.114958,99.389991,656.642508,-20.570093,658.771039,-140.414083,660.537564,59.958748,0.006742,1,0
11.400000,-58.684494,202246.849835,-178.463423,201513.216719,61.546165,203949.580781,99.482997,657.077857,-20.254883,660.299764,-140.093693,664.045570,59.963038,0.005694,1,0
11.433000,-58.321412,204481.155908,-178.578693,204414.115564,61.612196,202113.612606,99.600759,658.085797,-20.386030,665.824234,-140.137166,662.588495,59.955120,-0.006039,1,0
11.467000,-58.639150,203058.421099,-178.490446,201830.461333,61.410032,202392.092939,99.091051,659.691865,-20.516092,659.570569,-140.418201,660.536885,59.953367,-0.006185,1,0
11.500000,-58.474334,202793.564799,-178.528114,203592.626163,61.605108,201930.257244,99.620663,663.564353,-20.362374,663.247108,-140.693939,662.863042,59.953103,-0.001110,1,0
11.533000,-58.474735,201363.234600,-178.495340,202920.155151,61.586892,202692.345901,99.404644,665.799069,-20.246502,665.893016,-140.271772,660.537976,59.949582,0.002282,1,0
11.567000,-58.575582,202664.373385,-178.479833,203380.746164,61.588451,202552.262469,99.324854,660.997062,-20.449908,665.008851,-140.633229,670.431753,59.959053,0.001848,1,0
11.600000,-58.564443,201604.108533,-178.712848,205154.944616,61.531812,203616.349545,99.200140,659.936863,-20.578385,664.557918,-140.439501,666.418180,59.948883,0.011905,1,0
11.633000,-58.539215,199854.709021,-178.530403,201792.648730,61.702508,203600.256286,99.523720,656.666591,-20.241261,669.292635,-140.281792,666.122960,59.957895,0.011951,1,0
11.667000,-58.526197,203133.951417,-178.517126,202861.107324,61.531104,201876.820276,99.674222,668.488578,-20.518094,663.728708,-140.571206,664.863899,59.957958,-0.005279,1,0
11.700000,-58.354050,204890.565093,-178.514281,201887.332011,61.574444,202336.132893,99.489617,667.859392,-20.757829,664.046275,-140.662749,668.229187,59.955296,0.005201,1,0
11.733000,-58.452907,201380.564865,-178.352706,202205.190671,61.615105,201876.670596,99.818513,673.561703,-20.186147,666.734837,-140.701603,667.538705,59.961529,-0.001492,1,0
11.767000,-58.514507,201658.521643,-178.779533,202130.393923,61.261816,202041.011802,99.730498,657.628558,-20.601757,656.975894,-140.726019,667.479921,59.958881,-0.001692,1,0
11.800000,-58.708298,202558.983167,-178.619141,202698.852097,61.272569,201740.735051,98.910609,662.258977,-20.405618,662.671350,-140.869338,664.743284,59.963202,-0.002613,1,0
11.833000,-58.710045,201657.286616,-178.513469,202558.451896,61.203545,203246.727626,98.899307,661.091411,-20.409796,671.582830,-140.639220,665.617620,59.957724,-0.009656,1,0
11.867000,-58.495769,202461.764956,-178.542435,202301.069132,61.499103,205021.382361,99.461697,668.377970,-20.201612,669.068691,-140.845986,664.904015,59.953614,0.007361,1,0
11.900000,-58.670194,203333.677128,-178.549364,203266.753310,61.376329,201339.927492,99.204632,660.109890,-20.714565,665.101037,-140.437021,669.854166,59.959160,-0.005926,1,0
11.933000,-58.628504,201647.976537,-178.610550,203110.867646,61.473279,202890.539624,99.434074,665.437299,-20.394781,667.710229,-140.596773,664.126158,59.958737,0.008239,1,0
11.967000,-58.734529,204397.327033,-178.529846,203119.808722,61.203917,202165.699430,99.385220,661.401343,-20.619130,666.182889,-140.710195,664.018673,59.950550,0.016342,1,0
12.000000,-58.462666,203549.284915,-178.730516,204529.375315,61.528854,203706.920801,99.356745,657.136540,-20.421254,662.697435,-140.161140,662.564350,59.952077,0.000907,1,0
12.033000,-58.656067,202096.389848,-178.540166,201506.182585,61.459513,203149.381031,99.532723,671.401499,-20.468652,665.045814,-140.540657,665.457244,59.950451,0.004666,1,0
12.067000,-58.502910,202574.624520,-178.522394,202373.840214,61.257140,202650.715183,99.362007,662.702495,-20.324260,657.844091,-141.000734,662.865124,59.955402,0.015152,1,0
12.100000,-58.640394,204033.891640,-178.643865,203324.423554,61.629027,202146.322770,99.266893,660.452967,-20.625659,662.739400,-140.489098,660.647158,59.956865,0.001234,1,0
12.133000,-58.657056,202227.720000,-178.529228,203194.080348,61.675209,203022.349757,99.374826,653.173628,-20.678815,657.338961,-140.594421,659.101057,59.958669,-0.003557,1,0
12.167000,-58.385426,201110.070809,-178.689667,202010.913705,61.361685,201791.956060,99.210485,658.776827,-20.741154,658.332969,-140.386418,659.514373,59.962212,-0.006212,1,0
12.200000,-58.566326,203459.295923,-178.430173,202579.849213,61.491374,203495.401313,99.417378,668.863785,-20.435735,668.686512,-140.170846,662.509763,59.960833,-0.004187,1,0
12.233000,-58.621713,203420.179990,-178.593931,201664.708771,61.444245,202018.857122,99.471691,655.073930,-20.771994,658.723363,-140.482903,665.497304,59.952658,-0.011385,1,0
12.267000,-58.663971,202506.151325,-178.408636,203310.356011,61.320198,201584.475433,99.234295,667.770111,-20.444616,663.544947,-140.648943,661.311565,59.952750,0.001709,1,0
12.300000,-58.643183,203678.554147,-178.553626,201986.163689,61.501165,203518.690268,99.410428,663.074992,-20.482607,662.113682,-140.268895,664.247960,59.949439,-0.004807,1,0
12.333000,-58.609252,204673.569954,-178.449926,202867.253709,61.475101,203536.681626,99.512515,661.590644,-20.617664,663.186458,-140.389661,667.513382,59.953457,0.005620,1,0
12.367000,-58.769909,202152.374835,-178.722656,201854.158258,61.426874,202254.204935,99.346745,662.736535,-21.127996,659.766239,-140.261878,660.511131,59.946836,-0.011351,1,0
12.400000,-58.556118,201359.747665,-178.663151,202871.014270,61.440408,201634.031840,99.310087,664.828963,-20.490401,662.344212,-140.613844,666.635584,59.944346,0.003965,1,0
12.433000,-58.530911,203251.910785,-178.390302,201788.041582,61.422270,202971.290604,99.490799,663.851254,-20.047759,665.632434,-140.420407,663.658218,59.954114,0.000935,1,0
12.467000,-58.683910,202955.421553,-178.594903,203873.918917,61.234685,202751.911823,99.613111,662.497196,-20.903198,660.833995,-141.150786,661.972722,59.947706,0.003703,1,0
12.500000,-58.523330,203571.602279,-178.787502,203797.330464,61.351009,203355.800018,99.617289,666.651465,-21.024923,662.039070,-140.929761,659.230129,59.950495,0.008664,1,0
12.533000,-58.697413,202432.383179,-178.654928,204505.352746,61.287762,205214.096222,99.353290,659.994586,-20.606731,662.199905,-140.521516,662.641588,59.942549,-0.014691,1,0
12.567000,-58.651800,202469.231778,-178.734371,202753.619336,61.250380,201844.300087,99.386754,664.578727,-20.601840,665.045458,-140.924971,664.311235,59.951362,0.008029,1,0
12.600000,-58.576206,203360.396171,-178.522116,202956.890138,61.417686,204013.998602,99.483209,665.121328,-20.787002,657.275257,-140.614205,665.404419,59.949294,0.013789,1,0
12.633000,-58.416863,202414.720494,-178.645600,203343.746461,61.400391,202196.000595,99.522697,663.983899,-20.761820,666.632300,-140.748035,665.130888,59.950597,-0.002004,1,0
12.667000,-58.572929,204102.715425,-178.648621,204482.266429,61.569921,205564.145477,99.583103,669.898543,-20.748447,664.062349,-140.477140,663.941017,59.950342,0.001389,1,0
12.700000,-58.576904,204450.795692,-178.557678,203409.209912,61.582539,203622.998274,99.410155,662.800726,-20.572054,662.068630,-140.582512,664.742282,59.960721,-0.001040,1,0
12.733000,-58.535525,204662.940461,-178.531613,203946.294274,61.675881,201963.089334,99.369101,670.097790,-20.671377,666.425486,-140.297865,667.930144,59.951213,-0.002895,1,0
12.767000,-58.603775,203919.432134,-178.528893,203042.268540,61.458289,203103.911490,99.621007,674.419019,-20.530706,670.649922,-140.758926,672.113605,59.945263,0.002949,1,0
12.800000,-58.359569,204600.398169,-178.488029,203329.173662,61.502291,203935.214698,99.998234,663.043568,-20.394470,664.229499,-140.766668,669.261344,59.947140,-0.001589,1,0
12.833000,-58.429386,204629.920840,-178.565537,203882.453507,61.503524,202127.468182,99.401175,668.522138,-20.289290,663.229666,-140.423074,657.564115,59.944834,0.006360,1,0
12.867000,-58.531859,203325.629949,-178.645861,204357.075229,61.428486,203923.290103,99.792273,661.659603,-20.291985,661.940428,-140.643048,669.145865,59.945433,0.000218,1,0
12.900000,-58.572198,203693.624485,-178.773879,204585.171970,61.419242,204427.898270,99.173234,663.583624,-20.891894,665.144229,-140.666672,667.912371,59.950886,0.001578,1,0
12.933000,-58.525981,202108.774538,-178.616076,204593.577600,61.407448,203777.652297,99.071208,665.240668,-20.538034,662.258726,-140.552254,665.024932,59.941313,-0.008340,1,0
12.967000,-58.263072,202655.816395,-178.582055,202493.889152,61.387071,203371.952088,100.142814,666.648955,-20.551621,661.548533,-140.480850,658.877596,59.946686,0.007974,1,0
13.000000,-58.645137,204420.837049,-178.504513,203519.462390,61.517343,203529.305002,98.987053,666.991321,-20.468221,665.049491,-140.517846,661.564906,59.954998,0.008747,1,0
13.033000,-58.652962,202229.945923,-178.632846,204042.754647,61.635634,204009.710409,99.224459,666.557829,-20.726267,664.814907,-140.347986,667.210867,59.941665,-0.009482,1,0
13.067000,-58.529916,203374.740533,-178.546522,204836.464503,61.460911,202711.382851,99.321389,667.118100,-20.339613,669.728915,-140.358265,672.839442,59.948088,0.013144,1,0
13.100000,-58.673521,203665.241509,-178.484671,203629.391573,61.634677,203518.933086,99.627521,669.364525,-20.457596,665.889959,-140.404421,665.762722,59.948489,-0.012302,1,0
13.133000,-58.578211,203019.541599,-178.511784,202709.860173,61.532395,203612.727935,99.604685,665.419422,-20.311265,663.962563,-140.657157,669.108117,59.952922,0.000751,1,0
13.167000,-58.480151,202578.616870,-178.648897,203600.828511,61.640802,203428.380649,99.396111,668.725706,-20.304135,665.512973,-140.375776,676.463486,59.945985,-0.004320,1,0
13.200000,-58.758010,203721.972415,-178.618465,203720.341990,61.393137,202510.864980,99.345375,671.627210,-20.581393,672.255478,-140.370617,667.885397,59.952558,-0.004634,1,0
13.233000,-58.496975,203057.343347,-178.641623,203682.762528,61.543223,203581.135684,99.195168,665.891367,-20.504832,678.472230,-140.278769,665.790074,59.940864,-0.012830,1,0
13.267000,-58.456771,204090.269972,-178.450206,203227.986284,61.463362,203154.910335,99.713082,665.072149,-20.399380,666.286760,-140.713575,662.595291,59.946900,0.006336,1,0
13.300000,-58.670303,201983.155455,-178.695724,203607.858137,61.508385,203013.440031,99.280115,673.463620,-21.041060,665.843955,-140.345368,665.012819,59.953965,0.005475,1,0
13.333000,-58.524281,201815.087284,-178.514548,204632.963235,61.553696,203819.739769,99.240397,668.066031,-20.491673,662.303853,-140.548658,668.957338,59.947675,-0.011381,1,0
13.367000,-58.275325,203146.140418,-178.628815,203055.917502,61.415924,205378.309219,99.634114,670.383696,-20.684586,671.775059,-140.705041,661.330512,59.944131,-0.000584,1,0
13.400000,-58.422452,203523.794539,-178.487474,201249.960753,61.473029,203686.440087,99.501915,662.861975,-20.661414,672.145697,-140.267639,666.086580,59.951447,0.003653,1,0
13.433000,-58.463191,203487.687236,-178.723377,203986.501052,61.446607,203485.957827,99.276442,666.597541,-20.646768,659.265835,-140.714361,668.089340,59.937186,0.000259,1,0
13.467000,-58.394666,204424.971819,-178.488896,204908.711118,61.535564,203991.464141,99.448464,664.794469,-20.221993,663.368333,-140.448773,669.100613,59.950715,0.008289,1,0
13.500000,-58.530677,203035.107548,-178.493954,202213.777109,61.625706,203445.639873,99.554018,665.668570,-20.474742,669.679364,-140.356196,668.154323,59.948707,0.010423,1,0
13.533000,-58.516223,203642.148213,-178.693093,204257.969377,61.511537,203341.904877,99.241595,669.364923,-20.650191,673.486988,-140.676569,671.804660,59.949437,0.004909,1,0
13.567000,-58.514018,204177.617769,-178.511368,203678.572568,61.499571,203336.756299,99.364707,660.653297,-20.708917,668.146270,-140.641956,669.262568,59.942626,0.000878,1,0
13.600000,-58.597062,202469.449344,-178.573738,203621.992765,61.499224,202613.707637,99.074291,668.448764,-20.728950,662.115888,-140.682609,671.625971,59.948711,-0.013946,1,0
13.633000,-58.386537,203830.770096,-178.464042,205813.528907,61.355927,201637.820738,99.463165,661.102339,-20.407051,660.271356,-140.627331,665.257161,59.952766,0.004901,1,0
13.667000,-58.590468,203685.530794,-178.560799,203775.969322,61.462477,204316.783638,99.377872,665.218769,-20.417051,664.660061,-140.468759,663.452000,59.950645,-0.006144,1,0
13.700000,-58.536603,204093.532365,-178.533538,203842.114433,61.443368,203896.476412,99.604283,665.396213,-20.526289,668.148416,-140.619418,660.360420,59.945515,-0.010983,1,0
13.733000,-58.469150,204010.457963,-178.534061,202945.816021,61.426155,203433.866697,99.565883,667.669026,-20.800443,664.789501,-140.338178,662.823769,59.958616,0.000330,1,0
13.767000,-58.435745,203577.584348,-178.443267,202874.172345,61.526840,203846.683678,99.649521,657.333442,-20.226815,666.350202,-139.868985,657.268210,59.949609,-0.004840,1,0
13.800000,-58.239452,203538.725928,-178.592127,201977.257080,61.612510,203148.502773,99.970762,659.387169,-20.407572,655.368873,-140.284155,668.349380,59.950150,-0.005786,1,0
13.833000,-58.510259,204000.182032,-178.489364,203445.688919,61.566421,203036.766524,99.312896,665.627038,-20.362256,662.299399,-140.430955,665.131729,59.955188,0.005817,1,0
13.867000,-58.458945,203584.217495,-178.572967,203261.217237,61.636771,205505.925244,99.645171,666.480426,-20.396641,664.208858,-140.632370,667.941195,59.946560,-0.007525,1,0
13.900000,-58.524929,202575.113628,-178.375820,203834.473044,61.715806,203484.650022,99.473318,671.585057,-20.288758,669.106573,-140.088081,669.015422,59.950926,0.001159,1,0
13.933000,-58.445810,203754.417817,-178.595527,202793.957703,61.536266,203982.821255,99.465899,663.642299,-20.413388,666.542461,-140.284623,659.868895,59.952552,0.014762,1,0
13.967000,-58.519465,204856.662384,-178.487556,203314.673849,61.500178,203967.359652,99.386350,669.596446,-20.379720,662.111409,-140.243105,665.183825,59.947859,0.003342,1,0
14.000000,-58.473646,202477.037232,-178.411384,202899.043753,61.564429,204152.718994,99.324158,669.380542,-20.472972,667.239855,-140.319657,662.862367,59.948002,-0.000091,1,0
14.033000,-58.479776,201642.571892,-178.688708,202714.418120,61.623028,200186.530293,99.676440,663.923738,-20.844500,667.037900,-140.326272,665.733762,59.954010,-0.003894,1,0
14.067000,-58.289180,203064.209718,-178.494548,203415.445524,61.591552,202314.288730,99.713231,667.538255,-20.374712,671.129894,-140.312122,665.613727,59.956394,-0.002140,1,0
14.100000,-58.266470,202265.886655,-178.342041,202117.096870,61.578790,203801.448085,99.865686,670.643429,-20.283550,671.741770,-140.530144,669.300595,59.944842,0.011086,1,0
14.133000,-58.518347,201653.719516,-178.290936,203024.600878,61.636331,200799.237900,99.500639,669.599380,-20.412225,670.516295,-140.037412,670.046102,59.951892,0.011694,1,0
14.167000,-58.517040,204100.096936,-178.359298,201589.758866,61.603290,204135.607756,99.426643,663.951111,-20.178308,674.231984,-140.166567,668.324610,59.950327,-0.006053,1,0
14.200000,-58.523523,203816.062301,-178.281573,201288.666712,61.706513,202142.663874,99.395451,667.068642,-19.819681,665.882266,-140.175750,668.497653,59.947843,0.008414,1,0
14.233000,-58.206033,203977.578309,-178.260964,204128.647333,61.561996,203559.055642,99.771659,666.612023,-20.545882,673.076702,-140.196695,667.456471,59.947941,-0.004429,1,0
14.267000,-58.344686,203670.357268,-178.457316,203470.038467,61.454818,204606.717766,99.743251,673.110502,-20.590321,678.055496,-140.893588,672.898198,59.950898,0.000732,1,0
14.300000,-58.356437,203570.422718,-178.510131,204448.972841,61.515021,203256.057225,99.615542,670.909089,-20.723912,669.925908,-141.010080,678.403393,59.948940,0.001241,1,0
14.333000,-58.276836,200933.887924,-178.241307,202246.560817,61.618696,202593.516955,99.606870,676.198156,-20.114267,668.680752,-140.361945,674.929506,59.942424,0.008661,1,0
14.367000,-58.464855,202067.123180,-178.392221,202535.602580,61.678059,202846.092832,99.413673,669.469905,-20.599527,673.302870,-140.032051,672.380078,59.949150,-0.001291,1,0
14.400000,-58.627078,203838.086130,-178.488801,202903.006127,61.651477,202323.938738,99.520207,671.440963,-20.024664,675.019196,-140.032778,670.370310,59.943978,-0.006861,1,0
14.433000,-58.303496,201635.803853,-178.623710,203595.896236,61.489117,202792.344389,99.729112,677.023506,-20.514674,673.828656,-140.435437,677.092724,59.939013,0.000108,1,0
14.467000,-58.594951,202799.697763,-178.489687,203110.134512,61.655065,202658.785781,99.165778,671.174409,-20.671404,673.342262,-140.030741,671.490825,59.944138,0.012241,1,0
14.500000,-58.536471,204042.648521,-178.568221,202037.469508,61.655178,203703.659064,99.299790,676.194061,-20.594603,673.263923,-140.584419,680.130626,59.948512,0.004074,1,0
14.533000,-58.571179,203605.432206,-178.346494,203078.445424,61.440462,203672.385293,99.261408,670.373174,-20.483466,672.785541,-140.142699,667.437487,59.945879,0.010473,1,0
14.567000,-58.361705,204490.239890,-178.377180,204009.680804,61.596591,203530.928257,99.617606,664.423869,-20.665522,672.736904,-140.461502,670.251935,59.950794,-0.005837,1,0
14.600000,-58.488039,204324.655131,-178.419588,204244.829455,61.445180,201889.464000,99.528074,667.395057,-20.255513,665.543039,-140.819689,675.610487,59.938747,0.003870,1,0
14.633000,-58.391229,201504.592093,-178.500812,202434.171737,61.525138,202349.659591,99.782269,670.222135,-20.613924,674.288965,-140.293366,669.065005,59.941380,-0.002101,1,0
14.667000,-58.499359,203717.745854,-178.436860,203452.067727,61.540791,203204.139834,99.497206,672.256522,-20.218830,672.011102,-140.838473,673.217446,59.944355,0.002453,1,0
14.700000,-58.356507,204481.078127,-178.593718,203084.135345,61.513716,203253.580357,99.988019,679.406064,-20.647115,679.182799,-140.213485,675.554701,59.948864,0.007546,1,0
14.733000,-58.606238,203222.622822,-178.502916,202292.464368,61.516694,202274.886752,99.177460,672.916696,-20.583513,671.508855,-140.372163,669.874788,59.948398,0.003355,1,0
14.767000,-58.412892,205093.598090,-178.635019,203857.629587,61.525285,202869.316941,99.656550,665.840781,-20.926514,666.015349,-140.643609,672.526448,59.944523,0.007127,1,0
14.800000,-58.709604,201670.853166,-178.480451,201827.669875,61.352541,202564.348132,99.271164,668.990543,-20.356931,668.666239,-140.689615,670.217574,59.948722,0.000580,1,0
14.833000,-58.673946,201556.904196,-178.567121,204926.295198,61.417805,203904.005802,99.244344,662.957790,-20.695137,674.365998,-140.599972,674.752885,59.947216,-0.010215,1,0
14.867000,-58.489248,203149.238161,-178.667159,204136.018838,61.338851,203964.937171,99.345413,670.178538,-20.756037,671.065118,-140.463015,670.431584,59.959252,-0.004743,1,0
14.900000,-58.408416,203924.364815,-178.595025,204268.567155,61.442922,202285.375937,99.453063,667.038381,-20.600403,669.765598,-140.554027,676.875300,59.948312,0.002253,1,0
14.933000,-58.580155,203284.560559,-178.829093,202726.464618,61.389824,200957.787400,99.392592,671.207315,-20.747383,669.810387,-140.599196,667.259537,59.955547,-0.002465,1,0
14.967000,-58.691199,203666.664045,-178.701854,202632.507352,61.366838,202099.344407,99.323938,671.745400,-20.790229,677.699575,-140.827263,675.372454,59.950050,0.014094,1,0
15.000000,-58.771531,203671.012535,-178.622447,205805.170881,61.103302,203345.770151,99.143229,675.363127,-20.696315,675.263083,-141.190686,667.316335,59.953011,-0.004753,1,0
15.033000,-58.680150,204725.273575,-178.659431,202675.154762,61.239445,205004.133794,99.427044,669.624154,-20.484711,683.223101,-140.556760,679.692054,59.949526,-0.000352,1,0
15.067000,-58.557669,202481.739963,-178.706406,202417.216952,61.413891,203483.213316,99.266368,673.334691,-20.577427,676.972406,-140.617758,672.239527,59.954085,-0.000623,1,0
15.100000,-58.705910,203886.527393,-178.751100,202654.317961,61.267799,203295.260204,99.233617,677.093150,-20.642784,668.323524,-140.564957,672.576639,59.947853,0.008564,1,0
15.133000,-58.729626,202595.479958,-178.747475,204461.228256,61.400377,202098.543154,99.396816,673.765427,-20.694550,676.509229,-140.678909,668.844151,59.949353,0.003264,1,0
15.167000,-58.637382,204427.033138,-178.709409,204021.580992,61.300169,203924.096265,99.229546,673.231093,-20.561728,671.290947,-140.650354,662.035099,59.949992,0.005300,1,0
15.200000,-58.645954,204876.534129,-178.705689,201741.954478,61.177397,203027.302652,99.091670,670.477079,-20.479184,672.016634,-140.890969,674.701323,59.956136,-0.004794,1,0
15.233000,-58.609015,204300.761570,-178.609115,203183.345121,61.201026,203877.568995,99.317273,670.239503,-20.667301,673.138203,-140.902800,671.656158,59.953422,0.010254,1,0
15.267000,-58.615807,203182.145371,-178.488190,203468.784736,61.343721,201781.379472,99.479250,673.613843,-20.143994,667.603634,-141.064514,674.135952,59.951761,0.008956,1,0
15.300000,-58.741170,201826.201179,-178.769965,203147.820430,61.261710,203090.570758,99.141836,669.852238,-20.986871,667.911559,-140.942956,670.602562,59.950611,-0.001165,1,0
15.333000,-58.682213,203299.258685,-178.813385,202653.688907,61.227217,203689.101366,99.344724,669.870239,-21.099044,673.329796,-140.783936,664.918024,59.947059,0.011908,1,0
15.367000,-58.987847,202623.814780,-178.711815,203406.898838,61.254084,202467.980973,98.819901,671.300349,-20.784778,674.592036,-140.347013,668.589351,59.952095,-0.004607,1,0
15.400000,-58.822156,204109.486975,-178.646258,201403.746213,61.203893,202015.005841,99.297701,679.270698,-20.551878,670.447944,-140.404169,674.852168,59.940582,-0.011534,1,0
15.433000,-58.799819,201533.986278,-178.725481,203059.824426,61.044849,202421.146578,99.370957,667.229309,-20.621333,665.363728,-140.853268,674.040937,59.947300,-0.002712,1,0
15.467000,-58.595709,199976.933381,-178.707710,202309.255490,61.200707,202521.245079,99.488345,674.923360,-20.746643,664.739880,-140.968369,668.830061,59.951904,-0.003929,1,0
15.500000,-58.824704,204105.321786,-178.901977,203722.844638,61.077612,202849.976237,99.324077,660.101030,-20.753849,664.469514,-141.330021,666.310475,59.948139,0.002595,1,0
15.533000,-58.984133,201739.788295,-178.816286,204642.261613,61.248455,202813.300966,99.335699,665.467153,-20.683756,673.904462,-140.499462,675.691475,59.953343,-0.009131,1,0
15.567000,-58.710163,203523.397002,-178.674959,203035.234262,61.152079,201422.178665,99.404830,672.150957,-20.375970,676.330404,-140.877938,669.521616,59.948122,0.001000,1,0
15.600000,-58.718731,202863.069626,-178.565139,202199.559205,61.170205,203544.239228,99.257089,668.954988,-20.358953,672.305638,-140.639705,670.730982,59.947132,-0.007075,1,0
15.633000,-58.569031,202952.398256,-178.817711,204020.129269,61.260866,203224.871650,99.366361,671.418427,-20.738011,672.189842,-140.928185,668.875522,59.952647,0.016669,1,0
15.667000,-58.821478,201803.670794,-178.747336,202704.035422,61.470513,202950.440198,99.408578,676.929498,-20.640579,665.068209,-140.671038,673.342413,59.951510,0.003462,1,0
15.700000,-58.670438,202092.805648,-178.883961,202696.383905,61.260786,202738.133737,99.041231,670.918844,-20.915533,673.906858,-140.631970,676.633358,59.947269,0.008216,1,0
15.733000,-58.800399,203271.169156,-178.656459,202557.498213,61.152326,202070.228278,99.499946,665.601753,-20.543576,676.457486,-141.088405,670.254760,59.937692,0.001535,1,0
15.767000,-59.059999,202986.123302,-178.935442,202494.413207,61.325898,202839.382391,98.694339,669.555455,-21.150755,669.785890,-140.730141,672.583813,59.942041,-0.014576,1,0
15.800000,-58.738815,204088.219638,-178.998758,200900.253412,61.207226,202012.171023,98.791896,671.416255,-21.162244,664.259628,-140.537402,668.940856,59.940892,0.003708,1,0
15.833000,-58.972005,202354.786237,-179.030330,201450.729707,61.205881,203017.363469,99.045734,673.578082,-21.119210,674.002147,-140.505508,671.514309,59.951570,-0.001838,1,0
15.867000,-58.740978,203233.932458,-178.741227,203896.604832,61.356984,203333.802113,99.105727,669.467221,-20.657126,671.458483,-140.267272,668.954488,59.944968,-0.006777,1,0
15.900000,-58.802194,203258.946480,-178.870890,203430.798937,61.186155,202130.303119,99.158376,674.422214,-20.835868,665.050769,-140.647827,670.902885,59.947508,0.000628,1,0
15.933000,-58.828589,203012.967655,-178.797131,202906.290508,60.996308,201139.722863,99.089996,670.632192,-20.798580,678.720312,-140.882544,666.173430,59.939380,-0.002317,1,0
15.967000,-58.688057,202949.103782,-178.813050,201599.730029,61.092561,203179.835574,99.565865,675.698048,-20.777960,669.494715,-140.876369,670.384942,59.944457,0.004953,1,0
16.000000,-58.850841,202347.242049,-178.907938,203443.944380,61.060265,202078.028962,99.472925,671.996083,-20.857206,667.195509,-141.101469,672.400989,59.949488,0.001127,1,0
16.033000,-58.833889,204122.481126,-178.906265,202638.227218,61.166991,204121.231449,99.317023,671.352871,-20.999824,669.818477,-141.031124,670.390096,59.948975,-0.009144,1,0
16.067000,-58.856432,203031.311372,-178.743580,203450.554631,61.272147,200997.636751,98.971442,665.666265,-20.884048,664.523000,-140.797071,672.073378,59.951014,0.000825,1,0
16.100000,-58.963922,201656.144031,-178.715812,203336.208389,61.110716,202548.363253,99.094945,674.177093,-20.685380,670.995457,-140.926921,670.987309,59.954839,0.000887,1,0
16.133000,-58.794429,202102.934532,-178.806820,201511.554968,61.132790,202715.096854,99.310593,669.217944,-20.707870,668.834289,-141.094903,674.800938,59.944881,-0.005602,1,0
16.167000,-58.674538,200998.698529,-179.007174,202448.616028,61.155730,200799.413192,99.643193,677.498512,-20.844332,667.815066,-140.751699,670.221272,59.948472,0.004958,1,0
16.200000,-58.971827,201914.336016,-178.796703,203909.459184,61.192682,203592.585991,99.225600,673.249563,-20.934605,668.220844,-141.051892,668.456540,59.946466,-0.002082,1,0
16.233000,-58.766943,201881.088939,-178.803157,202368.823546,61.292669,202503.334461,99.311638,666.031363,-20.740714,668.061134,-141.011182,672.903160,59.955732,0.007297,1,0
16.267000,-58.759225,201019.173685,-178.648259,203751.833727,61.216552,200988.170325,99.540046,669.438798,-20.571063,666.947990,-140.935072,671.363436,59.946749,0.011954,1,0
16.300000,-58.849817,203232.015914,-178.735586,201856.320131,61.353014,201917.150760,98.989568,667.973646,-20.513380,669.563729,-140.867181,662.595767,59.945232,-0.001216,1,0
16.333000,-58.901220,203515.967592,-178.771785,203314.290864,60.946505,204078.911908,98.709477,667.471009,-20.886973,672.949259,-141.035181,666.843577,59.953969,0.001292,1,0
16.367000,-58.811346,202790.079660,-178.934301,202177.341203,61.203114,201289.216837,98.915942,671.622424,-20.914252,666.856057,-140.791475,669.143717,59.949216,-0.002730,1,0
16.400000,-58.942144,202125.455673,-178.797095,203932.980044,61.060052,201329.679585,99.101155,673.481248,-20.761770,669.257394,-140.785258,665.126540,59.953775,-0.011620,1,0
16.433000,-58.853106,203023.958559,-178.774946,201723.293168,61.108943,201704.168271,98.940752,666.614676,-20.843199,665.125042,-140.802663,674.360644,59.957058,0.000938,1,0
16.467000,-59.032648,201966.449819,-178.880305,202888.726102,61.143155,201744.262807,99.091912,668.637476,-20.910610,665.115892,-140.733842,674.705103,59.957199,-0.003459,1,0
16.500000,-58.920633,203168.442220,-178.926315,201523.521707,61.006788,201615.283001,98.915520,668.150343,-20.920870,670.124327,-141.047756,667.507905,59.947790,-0.005551,1,0
16.533000,-58.778179,203294.846012,-178.809955,202753.427179,61.158054,201336.180382,99.264090,667.129124,-20.700263,670.002587,-140.830512,668.195421,59.950324,-0.000550,1,0
16.567000,-58.820208,202505.347824,-178.865326,203078.878625,61.193135,201815.210534,99.362378,669.410057,-21.059996,672.233020,-140.392719,670.588854,59.950099,0.005589,1,0
16.600000,-58.906320,201161.946152,-178.882107,203825.892487,60.869446,202465.140873,99.244658,673.565236,-20.739492,673.894737,-141.075462,675.980143,59.950125,-0.010095,1,0
16.633000,-58.822056,201374.190083,-178.758514,202688.235951,61.103505,202021.182167,99.175501,682.007268,-20.607898,666.361250,-141.063260,677.219850,59.958620,-0.002762,1,0
16.667000,-58.798920,201621.923106,-178.807140,202682.854630,61.105624,203452.996049,99.267697,670.358847,-20.764164,671.724681,-141.009783,673.719193,59.953160,0.003463,1,0
16.700000,-58.712904,201599.199710,-179.002823,200965.357433,61.174780,204900.036532,99.082904,670.859532,-20.726046,675.338559,-140.704838,667.618581,59.954925,-0.005617,1,0
16.733000,-58.858138,204092.643116,-178.720338,204050.205491,61.131603,203782.115065,99.400688,668.902380,-20.692798,671.699114,-140.836890,674.984759,59.952349,-0.003820,1,0
16.767000,-58.679794,203818.267052,-178.854357,202870.989599,61.027039,203335.190777,99.290476,669.897773,-20.541072,663.280413,-140.993659,674.822693,59.953471,-0.006760,1,0
16.800000,-58.851701,205016.890674,-178.921125,203561.251407,61.100651,204446.368099,99.015703,669.895120,-21.044877,676.792424,-140.842374,669.718811,59.953365,0.023894,1,0
16.833000,-59.072085,202652.434795,-178.768313,203474.279949,61.388875,203128.891238,98.643524,664.058334,-20.603393,668.528525,-140.943922,671.099506,59.955347,0.000849,1,0
16.867000,-58.831816,202946.832137,-178.855350,200552.490076,60.825100,203255.024121,99.492123,672.821156,-20.779846,670.574314,-141.261484,671.322405,59.950353,-0.005776,1,0
16.900000,-58.856622,203731.154378,-178.848341,203624.087270,61.120754,202562.350572,99.020677,667.477870,-20.713743,667.831485,-140.653629,671.724974,59.952321,0.003836,1,0
16.933000,-58.772488,202818.461097,-178.943616,201473.083871,61.240715,202697.474514,99.457210,669.514598,-20.884950,673.929363,-141.011209,662.310680,59.953122,0.003108,1,0
16.967000,-58.928316,204516.893586,-178.867435,203762.816319,61.237795,204270.083847,99.206165,668.361727,-21.230278,674.911534,-140.729673,671.387160,59.953093,0.004065,1,0
17.000000,-58.919722,205380.614149,-179.013983,202483.201036,61.138985,201897.885857,99.403742,663.795391,-21.486243,672.751657,-141.113806,668.466489,59.953149,0.008631,1,0
17.033000,-58.920159,203381.684573,-178.919229,203313.915108,61.115324,202687.518633,99.041710,666.968047,-20.895283,664.790859,-140.871534,661.900108,59.949365,0.004340,1,0
17.067000,-58.817512,205531.168541,-179.101991,204993.076024,61.003723,203873.417341,98.700079,670.104121,-21.143694,664.640828,-140.932101,669.744843,59.947022,0.009485,1,0
17.100000,-59.098481,201998.912793,-178.962995,203199.161026,60.925903,204271.776641,98.972811,671.076794,-21.438968,660.764744,-141.000836,671.627512,59.952672,0.000545,1,0
17.133000,-58.978482,203345.210490,-178.929963,205024.409988,61.187765,202467.643794,99.254946,665.284602,-20.986490,660.557262,-140.769790,659.545942,59.950850,-0.001282,1,0
17.167000,-58.888934,205150.552388,-178.977415,202970.559065,61.116792,204038.666911,99.077336,660.355834,-20.892563,660.581114,-140.910794,664.074348,59.950322,0.006477,1,0
17.200000,-58.982137,203311.278440,-178.976014,204324.375305,61.067870,204815.670388,99.092305,658.360130,-20.829158,663.076552,-140.939997,662.894763,59.952671,-0.002261,1,0
17.233000,-59.094836,202491.232631,-179.007321,205587.268818,60.947904,202142.031600,99.225861,658.916054,-21.231724,654.781785,-141.146291,655.191091,59.957004,0.006351,1,0
17.267000,-58.848119,203116.336143,-179.013415,202988.149317,61.248910,203482.092296,98.940253,658.860839,-20.847396,657.379451,-140.667964,659.140153,59.957313,-0.000049,1,0
17.300000,-58.891343,204116.349497,-179.045670,202305.506209,61.031989,201875.112434,99.088099,663.118448,-20.830971,658.263854,-141.094879,656.911717,59.962994,-0.007330,1,0
17.333000,-58.747475,203047.689351,-178.831586,203100.602263,60.998939,204281.896826,99.195078,656.294326,-20.686349,657.306550,-140.836430,660.621232,59.955612,0.003517,1,0
17.367000,-58.831533,204405.167531,-178.856860,202637.748775,61.084038,204340.489654,99.071260,657.603625,-20.740152,660.867245,-141.050191,660.018000,59.956094,-0.015913,1,0
17.400000,-58.790278,202432.738296,-179.108932,202170.504753,61.057300,201295.229420,99.409149,658.672625,-21.313515,658.671257,-140.711915,659.221129,59.952373,0.017405,1,0
17.433000,-58.661162,203753.531285,-178.802161,204819.494573,61.126746,203169.626463,99.063821,662.590218,-20.861246,662.510846,-140.894311,666.598323,59.949480,0.002624,1,0
17.467000,-58.766402,205008.871751,-178.661525,203491.290330,61.225066,203235.788277,99.173214,664.702152,-20.707874,666.351609,-140.701192,660.052861,59.946834,0.005654,1,0
17.500000,-59.035932,204968.288513,-178.719111,203765.072274,61.195769,203080.019721,99.379966,663.721588,-20.709007,665.109820,-140.964297,658.551315,59.948654,0.001613,1,0
17.533000,-58.779574,203472.801014,-178.926308,204330.439584,61.275941,203311.879572,99.150594,661.338232,-20.883016,659.425632,-140.796250,656.466102,59.955171,0.000607,1,0
17.567000,-58.834876,203359.418869,-178.799127,203961.775295,61.263787,204969.378066,99.050000,651.230205,-21.028834,662.547343,-140.392486,660.291279,59.953559,0.005034,1,0
17.600000,-58.894898,204562.698355,-178.801942,204137.147465,61.293927,202544.309888,99.044187,652.676029,-20.725810,661.632792,-140.508147,665.868865,59.951402,0.002891,1,0
17.633000,-58.823306,204253.310238,-178.790922,204795.953461,61.061795,203090.740726,99.229287,660.409647,-20.604536,655.865779,-140.855735,660.869157,59.955618,-0.003653,1,0
17.667000,-58.832479,203002.645261,-178.899929,202812.682456,61.282591,202961.153666,98.860750,661.341619,-20.906796,663.786617,-140.518076,665.834875,59.952734,-0.001792,1,0
17.700000,-58.896843,205709.117531,-178.696869,203746.660274,61.262390,203568.983503,99.066999,665.771967,-20.643057,658.152014,-140.963531,658.743819,59.953137,0.004596,1,0
17.733000,-58.925901,203699.748972,-178.795266,203003.874197,61.189144,204263.529451,99.253434,663.921842,-20.941558,654.052729,-140.899484,666.740461,59.944706,-0.003924,1,0
17.767000,-58.774084,202543.850899,-178.724449,205407.432546,61.249420,203330.375834,99.398409,663.155014,-20.542013,666.816741,-140.610925,661.409135,59.949816,0.004797,1,0
17.800000,-58.708243,203922.987006,-178.773929,204000.013601,61.231614,203006.909598,99.309359,666.338133,-20.583231,669.589391,-140.823660,665.300212,59.958579,0.003253,1,0
17.833000,-58.812819,204676.735862,-178.767922,203319.291941,61.362019,203118.049983,99.435371,668.103880,-20.604159,669.288328,-140.795785,665.803323,59.957763,0.006508,1,0
17.867000,-58.748037,203645.949933,-178.772566,202892.110787,61.318135,204940.062851,99.483354,666.558211,-20.611206,665.961987,-140.790721,663.537321,59.961215,0.007497,1,0
17.900000,-58.638186,204944.297819,-178.859053,203201.940836,61.062228,201896.329409,99.256013,670.628422,-20.611609,666.321926,-140.833107,671.326997,59.943351,0.015343,1,0
17.933000,-59.000212,203504.568958,-178.946169,203384.897779,61.259480,202955.533543,99.060540,667.342373,-20.912635,669.225598,-140.790718,668.225138,59.944577,0.005426,1,0
17.967000,-58.845169,205749.608132,-178.982766,203102.067792,61.156721,204862.237573,99.239431,667.812056,-20.796925,668.791071,-141.070703,669.320226,59.947354,-0.012241,1,0
18.000000,-58.747218,203995.720012,-178.977622,203276.869651,61.213115,202652.037619,99.131777,670.231953,-21.065688,667.742523,-140.793116,663.035231,59.943909,-0.008455,1,0
18.033000,-58.847667,204267.708287,-178.810651,204000.367460,61.244393,202544.920127,99.103792,671.114837,-20.981618,664.621530,-140.988565,663.893493,59.954961,0.007349,1,0
18.067000,-58.963115,202413.340982,-179.031364,202480.082151,61.123899,203926.132877,99.068759,660.784363,-20.892875,670.029502,-140.823358,664.058648,59.945498,-0.007536,1,0
18.100000,-59.101182,203553.536731,-178.903611,205277.411418,61.129931,202610.647995,99.077105,658.397238,-21.011356,666.005504,-140.732318,667.295960,59.945700,0.001605,1,0
18.133000,-58.971501,203151.024714,-178.691999,203234.912448,61.030010,203803.351946,98.965820,668.647513,-20.415723,663.749631,-140.980258,662.009823,59.938840,0.000587,1,0
18.167000,-58.834766,203260.466546,-178.862295,204577.256328,61.221298,202981.616508,98.934855,666.655065,-20.921225,670.557267,-140.843467,663.037625,59.949431,-0.006263,1,0
18.200000,-58.948983,203300.277123,-178.841364,203516.022932,61.130763,202828.010287,98.830047,662.320041,-20.906284,668.032386,-140.796211,668.643901,59.945223,-0.009981,1,0
18.233000,-58.996411,202411.010514,-179.073731,204491.141824,61.157353,203648.041360,98.814407,665.113489,-21.061650,674.231193,-140.639511,669.451482,59.945419,-0.003234,1,0
18.267000,-58.851381,204279.997383,-178.826276,202726.103460,61.113218,202962.615412,99.009215,664.657655,-20.789559,659.569482,-140.818917,663.250806,59.936218,0.001666,1,0
18.300000,-58.993108,202219.892020,-178.885413,201903.628152,60.957850,203021.003303,98.994528,659.363095,-20.777332,661.134587,-141.002989,665.972607,59.941090,-0.002850,1,0
18.333000,-58.961938,202260.922253,-179.059656,202836.205649,61.000887,203258.808334,99.131331,668.674740,-20.998520,658.777715,-141.104084,663.698288,59.944348,0.003835,1,0
18.367000,-59.013143,204351.398551,-178.967392,204712.266277,60.976406,203845.489657,98.973250,668.982735,-20.524347,666.150561,-141.214549,662.980225,59.939020,0.002978,1,0
18.400000,-58.976463,204482.995661,-178.911815,203665.822472,60.943842,204632.770629,98.970402,663.442222,-20.727224,664.547118,-141.149336,660.634897,59.939485,-0.008629,1,0
18.433000,-59.004909,202988.785113,-178.875322,202593.989248,61.275836,202554.219323,98.850756,659.250799,-20.740869,660.766103,-140.773362,667.976396,59.939816,0.007530,1,0
18.467000,-58.986032,203377.791895,-178.887965,204247.327059,60.981694,203653.384572,99.204573,665.871929,-21.096850,654.417637,-141.091390,666.439621,59.944204,0.001482,1,0
18.500000,-59.020554,202484.811830,-179.062467,204124.821018,60.943697,203091.566041,99.059529,654.720884,-20.951689,667.251819,-140.761527,661.722005,59.935345,-0.002201,1,0
18.533000,-59.002503,203890.993260,-178.885902,203524.448062,60.984754,203995.463469,98.980252,663.072288,-20.752274,662.395160,-140.636156,657.606878,59.937137,0.006448,1,0
18.567000,-58.933886,202252.510234,-178.923238,204423.895854,61.137973,203212.968231,99.394217,668.621605,-20.755938,667.628431,-141.216954,663.058359,59.932711,0.002192,1,0
18.600000,-58.757857,204550.704423,-178.963163,203550.594430,61.127137,203401.506802,99.120729,666.070825,-20.680816,667.939986,-141.070258,667.287265,59.935588,-0.010194,1,0
18.633000,-59.021495,202666.111413,-178.964265,202312.752793,61.166906,201906.886988,98.753454,662.909449,-20.720541,664.972379,-141.201433,673.212369,59.945681,0.003448,1,0
18.667000,-58.798609,203082.069386,-178.987502,202089.886475,61.110012,202601.207968,99.258936,664.619660,-20.809642,664.735213,-140.708100,666.540154,59.939057,-0.001147,1,0
18.700000,-58.871926,202384.748067,-178.875921,200870.230687,61.081274,203838.985406,98.973206,665.475651,-20.887517,670.018129,-140.766208,661.743777,59.940835,-0.007546,1,0
18.733000,-59.017337,204596.836448,-178.879521,202822.135666,61.248805,202936.997578,99.052162,665.591761,-21.341676,659.421263,-140.649585,671.908391,59.941604,0.000883,1,0
18.767000,-58.975212,202922.171253,-178.823887,202841.236239,61.009596,203364.907348,99.321140,663.662723,-21.102704,663.631646,-141.136498,663.180175,59.945180,0.006778,1,0
18.800000,-58.778284,203382.858226,-178.967827,203028.173683,61.063063,201576.012047,99.092805,673.327334,-20.764252,669.160814,-140.829072,669.440194,59.940402,0.007867,1,0
18.833000,-58.917054,203730.900145,-178.838635,204587.311105,61.073052,203679.569747,98.954446,670.788647,-20.719184,668.175545,-140.701155,667.010636,59.939698,-0.004610,1,0
18.867000,-58.934698,202878.362175,-178.872570,202055.249384,61.123961,202884.052292,98.836097,663.111756,-20.919501,673.735775,-140.677137,670.868577,59.944093,0.002880,1,0
18.900000,-58.802792,204690.724651,-178.939561,203887.517872,61.078203,203929.384821,99.680868,665.479256,-20.893382,665.500291,-141.052918,664.280861,59.942619,0.000879,1,0
18.933000,-58.973745,204982.435748,-178.788465,203223.313065,61.101254,204082.230801,98.996552,668.462595,-20.633946,671.298102,-140.744620,670.369168,59.945383,-0.015265,1,0
18.967000,-58.776358,202899.087932,-178.833627,204826.770959,61.174936,203269.837117,99.518086,664.904154,-20.737382,662.594357,-140.850849,676.515620,59.942425,-0.009367,1,0
19.000000,-58.955510,203411.808454,-178.897333,202359.654716,61.175874,202020.603330,98.929837,668.128127,-20.813833,665.516218,-140.696393,668.978957,59.943228,0.001339,1,0
19.033000,-58.882973,205064.491864,-178.907002,202944.101997,61.136452,202721.676647,99.033336,668.488460,-20.634238,673.144187,-140.677643,675.416827,59.941305,0.000795,1,0
19.067000,-58.847628,203475.636651,-178.696361,204690.975413,61.224834,202626.521602,99.026706,664.705196,-20.388052,665.644625,-140.620157,670.010186,59.942077,0.000378,1,0
19.100000,-58.947865,203298.411042,-178.762569,204574.254989,61.119164,203640.182248,99.225874,666.485520,-20.705030,672.644028,-141.165778,673.728343,59.953260,-0.001337,1,0
19.133000,-58.707732,203761.568221,-178.894446,204171.809495,61.127431,204158.762305,99.082432,675.555564,-21.296883,670.523374,-141.111347,670.863984,59.946508,0.002964,1,0
19.167000,-58.941274,205164.800048,-178.832289,202994.614537,61.110039,203703.313035,98.586464,675.098577,-20.910894,671.480373,-140.623924,677.077291,59.940625,0.007457,1,0
19.200000,-58.931197,205165.074664,-178.865711,203620.880321,61.226822,201843.615547,99.276138,674.339226,-20.524180,678.008138,-140.982686,673.063731,59.936132,-0.002608,1,0
19.233000,-58.751426,203530.178847,-178.755965,203076.003370,61.086066,202865.814055,99.153661,678.956906,-20.786916,671.449219,-140.809552,674.684921,59.941371,-0.003935,1,0
19.267000,-58.809507,201142.171401,-179.127986,203582.349864,61.124945,200931.935502,99.205352,677.747967,-21.161173,682.449510,-140.771367,676.448533,59.940739,-0.003682,1,0
19.300000,-58.790907,203566.564385,-178.880351,204699.278079,61.217974,203667.878297,99.222305,679.162830,-20.579429,680.131133,-141.008828,676.852076,59.943757,-0.000602,1,0
19.333000,-58.871052,205035.496495,-178.773551,203355.662214,60.966168,204364.897238,99.135989,675.576156,-20.876901,679.351650,-141.032316,671.931215,59.932790,-0.001204,1,0
19.367000,-58.846214,205113.740415,-178.893471,204440.148482,61.101274,205182.786706,98.940568,676.189307,-21.059477,679.747092,-140.787799,680.867689,59.940643,-0.004777,1,0
19.400000,-58.796835,204866.289148,-179.012996,201622.944473,61.132110,204034.366835,99.042407,671.600425,-21.249479,676.996463,-140.694206,680.605718,59.930470,0.008806,1,0
19.433000,-58.849085,203270.425003,-178.901193,205306.938984,61.094669,203278.640741,99.211562,682.298840,-21.123108,684.308868,-141.269451,675.829912,59.933331,-0.015428,1,0
19.467000,-58.832435,203781.785291,-178.758752,205330.507825,61.227959,203073.132691,99.180416,677.491709,-20.594311,675.795312,-140.741996,682.622620,59.934296,0.006647,1,0
19.500000,-59.012831,204978.596430,-179.011299,205239.792522,61.302728,202192.389838,98.666974,686.055877,-21.232452,677.492844,-140.731087,681.087115,59.936884,-0.002609,1,0
19.533000,-58.787958,201498.416476,-178.857802,201816.494409,61.017933,202836.869115,99.066518,678.745368,-20.972878,676.415612,-140.848186,677.870837,59.936888,0.011742,1,0
19.567000,-58.918083,203578.464900,-178.924355,203720.529029,61.197548,203409.156095,99.053211,678.558197,-20.406714,676.845161,-140.777481,673.767720,59.937005,0.002991,1,0
19.600000,-58.959813,204493.092801,-178.795209,203478.746116,61.142451,204060.487986,99.017906,674.849562,-21.112558,674.582727,-140.620485,669.527002,59.938158,0.006666,1,0
19.633000,-58.842306,204225.871791,-178.970447,204633.878607,61.078770,203999.182256,98.861620,682.852454,-20.779693,675.748803,-141.190135,681.817154,59.932142,-0.000294,1,0
19.667000,-58.903492,204288.495739,-178.920883,204765.436966,61.067128,204230.031792,98.945214,684.154400,-21.233783,682.020539,-140.800328,680.470822,59.931237,0.010284,1,0
19.700000,-59.005360,205756.200927,-179.036330,202614.743129,61.077639,203391.709373,98.878892,680.673438,-21.126937,679.103561,-141.040220,689.127091,59.932767,-0.000746,1,0
19.733000,-58.929149,202547.992198,-178.891650,202735.640191,61.126626,205263.088693,99.182499,682.206803,-20.505353,680.388289,-140.659790,680.655708,59.930695,0.004073,1,0
19.767000,-58.939962,204140.201067,-178.950773,202589.383532,61.101727,202433.172561,99.473025,677.824516,-21.029969,670.315563,-141.024415,676.585798,59.930878,-0.000112,1,0
19.800000,-58.968650,203531.501556,-179.042033,203527.967928,61.229742,201983.815301,98.921854,674.618713,-20.904680,679.493990,-141.030486,680.708645,59.926121,-0.008773,1,0
19.833000,-59.101412,203781.404260,-178.856715,202661.341563,61.020704,202923.385801,98.696979,676.006313,-20.840651,681.044966,-141.295508,676.950662,59.942163,0.002914,1,0
19.867000,-59.053226,204154.152019,-178.979141,204055.142450,61.150840,204110.725058,99.062436,674.630642,-21.149804,682.407817,-140.846364,677.177200,59.931935,-0.005216,1,0
19.900000,-59.019785,202399.875324,-179.046154,203146.343838,60.963116,203065.245140,99.308801,678.162359,-21.139861,677.580843,-140.961500,683.260481,59.938410,0.005989,1,0
19.933000,-58.886588,203476.249079,-178.931855,204152.408578,61.091910,202377.754300,99.159504,686.544586,-21.049095,674.328331,-140.759931,675.538711,59.940299,0.003124,1,0
19.967000,-58.936460,202601.229299,-179.008752,203292.422647,61.218399,203701.585124,99.101086,675.718997,-20.871444,678.546603,-140.863196,682.843346,59.946247,0.009844,1,0
20.000000,-58.805326,202559.460491,-178.870605,204336.380203,61.175901,202723.945397,99.390645,680.648508,-20.795376,678.439403,-140.768590,676.010098,59.934437,0.000915,1,0
20.033000,-58.865319,201779.971325,-178.991370,203086.597469,60.911771,203268.076943,99.344383,680.148929,-20.695683,674.550117,-140.989589,684.093143,59.933919,-0.007578,1,0
20.067000,-58.726798,203483.597434,-178.892249,203098.346649,61.231983,202601.913844,98.899305,673.768739,-20.728180,673.026173,-140.641081,682.673407,59.937908,0.006889,1,0
20.100000,-58.898513,201195.472554,-178.839489,203033.609377,61.221945,204838.478570,98.911068,679.196794,-21.157127,675.619254,-141.000962,677.959667,59.938379,-0.001723,1,0
20.133000,-58.762399,203789.795266,-178.605535,203004.929191,61.401182,204721.775755,99.113777,669.926390,-20.960694,676.641512,-140.340901,680.418232,59.932222,-0.001679,1,0
20.167000,-58.791927,204537.203103,-178.829268,202949.867481,61.226507,202420.661595,99.017199,677.568582,-20.737405,677.140825,-140.850243,674.013367,59.941394,0.000131,1,0
20.200000,-58.847422,204825.127658,-178.658104,202142.585832,61.040918,203925.242637,98.864140,676.693874,-20.998707,672.428356,-140.820516,678.964504,59.936599,-0.001054,1,0
20.233000,-58.633760,202485.431835,-178.542411,203452.759116,61.179253,201883.593843,99.296066,672.927184,-20.656041,670.856701,-140.768993,677.121187,59.934961,-0.002825,1,0
20.267000,-58.937098,203057.084250,-178.569532,203854.064553,61.359514,203650.947654,99.167539,668.975218,-20.488029,672.709162,-140.763076,672.877863,59.945757,-0.004391,1,0
20.300000,-58.718067,202832.326838,-178.741643,202754.088544,61.198823,203831.438917,99.461782,670.221548,-20.945009,678.059935,-140.630981,676.838096,59.938635,-0.005093,1,0
20.333000,-58.922808,203264.710554,-178.866728,202895.857382,61.295744,203221.694287,98.940752,670.408042,-20.763257,676.667463,-140.549149,673.627186,59.934933,-0.006000,1,0
20.367000,-58.930468,204846.270168,-178.910546,201678.272620,61.165749,201476.026007,99.095153,674.674430,-21.075547,676.513684,-140.779079,682.582262,59.936425,0.004798,1,0
20.400000,-58.806326,202966.483443,-179.031000,202797.427134,61.238434,203232.638497,99.021902,672.905033,-20.845260,675.505445,-140.723349,681.753235,59.925020,0.011173,1,0
20.433000,-58.745557,203902.869743,-178.845707,202690.869486,61.159126,201385.868890,99.118220,673.449970,-21.034969,676.391336,-140.669997,678.337237,59.929975,0.016904,1,0
20.467000,-58.809304,201057.283510,-178.917135,206042.866475,61.177860,202815.940963,99.161746,674.189508,-20.819566,671.677283,-140.659947,678.000408,59.938200,-0.003371,1,0
20.500000,-58.845310,203709.793921,-178.806753,204124.038508,61.118632,202422.564700,99.161474,676.611691,-21.129094,676.552022,-141.124653,673.383395,59.929758,0.001088,1,0
20.533000,-58.857826,203240.148842,-178.814984,204476.630848,61.210781,203453.587322,98.927825,679.477396,-20.727477,672.928531,-140.892011,674.051612,59.927506,0.001733,1,0
20.567000,-58.634663,202008.109266,-178.807593,203886.882308,61.176364,203240.571681,99.270481,673.959837,-20.988161,675.289132,-140.725947,677.017412,59.939264,-0.004777,1,0
20.600000,-58.872065,202140.652962,-178.748196,204746.349917,61.193598,202243.470292,99.132391,669.453621,-20.828306,678.554175,-141.015215,677.282300,59.938939,-0.007405,1,0
20.633000,-58.821699,201919.665690,-178.876137,202923.095810,61.129199,202946.736447,99.144832,673.554159,-20.881945,674.859187,-140.902214,676.935488,59.929952,-0.005720,1,0
20.667000,-58.830911,204922.218844,-178.869509,204606.668515,61.200195,204874.679696,99.169307,683.272167,-20.264027,675.562569,-140.889738,676.538233,59.930650,-0.011729,1,0
20.700000,-58.880196,200755.038368,-178.879274,202876.890432,61.269437,201630.311359,99.243335,676.146384,-20.908097,677.510280,-140.691261,671.135274,59.938420,-0.004412,1,0
20.733000,-58.810024,203217.328879,-178.703047,201855.268070,61.312882,203483.682581,98.849926,675.712055,-20.906493,674.844788,-140.644387,676.861701,59.934285,0.010637,1,0
20.767000,-58.859490,201743.737443,-178.743607,202057.808917,61.170239,204252.082079,99.105000,670.451067,-20.774687,669.583863,-140.846680,670.518242,59.944296,-0.001964,1,0
20.800000,-58.722119,202034.545167,-178.826993,202763.356922,61.170045,203821.861304,99.261826,679.194066,-20.695361,674.628636,-140.704321,673.241650,59.931880,-0.002275,1,0
20.833000,-58.844287,202884.728333,-178.839673,202785.295705,61.219669,201122.026442,99.100197,669.248352,-20.775128,674.396695,-140.701458,672.927325,59.932883,-0.003808,1,0
20.867000,-58.742358,201600.923217,-178.708097,202243.913533,61.300658,203617.797584,99.245341,674.800687,-20.356326,669.269957,-140.914931,665.810049,59.938166,-0.006165,1,0
20.900000,-58.628031,203124.812878,-178.827286,202858.017129,61.178035,202789.443167,99.325571,671.321694,-20.972571,672.717935,-140.916295,675.982961,59.932413,0.003207,1,0
20.933000,-58.683556,204116.374521,-178.562411,203098.340391,61.470494,203722.411690,99.439204,674.142330,-20.754161,671.965752,-140.378392,679.171478,59.938064,-0.001994,1,0
20.967000,-58.638196,203317.380628,-178.688096,202773.745543,61.269205,202501.629548,99.437708,674.847403,-20.954762,672.919531,-140.573212,678.332842,59.930531,-0.005556,1,0
21.000000,-58.626691,202977.023063,-178.583088,202325.583672,61.197226,202273.335948,98.977726,672.987586,-20.655687,669.379039,-140.640975,676.127510,59.935447,-0.006596,1,0
21.033000,-58.676917,201737.526074,-178.803624,203640.957501,61.342109,204186.100712,99.261683,674.543771,-20.597185,673.610148,-140.702663,670.963825,59.935719,0.001231,1,0
21.067000,-58.724524,203229.379083,-178.584730,203398.782594,61.241467,203153.293790,99.100378,671.719701,-20.476869,671.416030,-140.832427,668.557374,59.935694,0.005394,1,0
21.100000,-58.710943,202928.372469,-178.787705,201774.134096,61.287738,203983.265508,99.406908,666.180033,-20.628329,675.732026,-140.845440,673.129215,59.931772,0.014800,1,0
21.133000,-58.422398,203801.820431,-178.591497,202688.985825,61.337721,202387.062976,99.374585,672.218093,-20.596200,666.545773,-140.488999,669.580167,59.940667,-0.005026,1,0
21.167000,-58.546739,203578.937532,-178.619880,203279.912269,61.418265,204350.025917,99.639231,675.380033,-20.460113,667.694726,-140.746226,661.618740,59.929959,-0.003658,1,0
21.200000,-58.817592,202132.988693,-178.570540,204224.406650,61.393021,204360.381362,99.318450,676.495698,-20.797705,671.932371,-140.713451,670.404624,59.933698,0.016649,1,0
21.233000,-58.910680,202461.471424,-178.644771,203112.817789,61.392518,204104.849480,99.073373,675.548004,-20.534380,679.341995,-140.729030,673.439690,59.935481,0.004277,1,0
21.267000,-58.792123,202676.314963,-178.620837,202250.397290,61.229473,202435.896207,99.250260,679.344045,-20.721559,676.719118,-140.520406,679.052269,59.938539,-0.003111,1,0
21.300000,-58.533035,204630.175490,-178.742315,204126.298005,61.352108,202774.541577,99.701379,675.871941,-20.719562,680.776810,-140.663419,667.875533,59.940629,-0.000714,1,0
21.333000,-58.670576,201251.891822,-178.704226,202609.970372,61.310558,202126.454540,99.559355,673.887670,-20.764580,670.479507,-140.567182,678.187871,59.933618,-0.007750,1,0
21.367000,-58.750698,205147.350194,-178.741588,203847.015792,61.432531,203782.873733,99.298073,670.391418,-20.362461,672.548952,-140.354089,679.236445,59.941957,0.001667,1,0
21.400000,-58.694654,204868.103090,-178.683711,204001.748411,61.382317,202674.772980,99.036807,668.437140,-20.673595,668.526410,-140.508216,670.557670,59.940702,-0.008712,1,0
21.433000,-58.743691,204945.112836,-178.679114,202395.703670,61.132826,204349.403868,99.320306,676.123028,-20.740570,677.116750,-141.091227,676.126736,59.939022,-0.001925,1,0
21.467000,-58.813009,202459.427072,-178.730997,204157.777975,60.893263,203476.023535,99.409353,674.371014,-20.764369,670.499133,-141.360978,669.291177,59.937585,-0.003525,1,0
21.500000,-58.758285,202127.613627,-178.762594,202782.280142,61.272217,202362.890296,99.272465,670.122055,-20.936833,670.587119,-140.772176,675.947848,59.943355,0.001197,1,0
21.533000,-58.582272,205507.876720,-178.787343,203640.920992,61.216351,201992.223857,99.245312,672.935850,-20.675325,672.227860,-140.655147,669.291037,59.951970,-0.000864,1,0
21.567000,-58.759031,203136.193218,-178.895736,205100.802330,61.192985,202749.078366,99.320848,671.905452,-20.772232,676.869514,-140.767173,670.171650,59.933202,0.003441,1,0
21.600000,-58.744797,203910.449963,-178.960862,204290.323799,61.311298,204816.182659,99.261933,668.639770,-20.891368,673.658584,-140.773490,665.001474,59.946676,-0.009561,1,0
21.633000,-58.777475,204307.791728,-178.712904,204849.710534,61.182375,202900.621497,99.303912,678.175741,-20.534739,666.757341,-140.630907,676.380622,59.943368,-0.000766,1,0
21.667000,-58.611702,204028.925983,-178.579037,203044.752879,61.251843,204622.741469,99.103997,685.576681,-20.741850,677.060859,-140.764455,673.559971,59.940563,-0.010093,1,0
21.700000,-58.702101,202385.093927,-178.594565,203624.214962,61.369078,204050.496659,99.250639,671.271585,-20.698637,673.856991,-140.448557,678.900334,59.941955,-0.007673,1,0
21.733000,-58.772738,202102.469861,-178.833520,203392.783214,61.382164,201222.718005,99.378414,676.000654,-20.840825,668.114307,-140.449701,680.418056,59.935975,0.011112,1,0
21.767000,-58.781911,201995.188030,-178.604613,202751.262811,61.297324,202355.083379,99.447976,678.736722,-20.689204,678.209684,-140.728907,675.228649,59.942582,-0.005507,1,0
21.800000,-58.637904,202040.481382,-178.602055,204434.836437,61.322565,203528.393510,99.271136,673.568352,-20.737127,677.560864,-140.615612,676.674179,59.940283,0.003636,1,0
21.833000,-58.772072,202141.980984,-178.395833,202706.613906,61.388979,203446.957977,99.015335,682.152681,-20.136989,678.763149,-140.691815,672.655240,59.942673,-0.001610,1,0
21.867000,-58.740955,203815.974342,-178.664167,203179.207717,61.379876,202054.277732,99.037914,677.901919,-20.589089,678.491769,-140.767399,683.123240,59.949274,0.004838,1,0
21.900000,-58.656360,202688.741013,-178.699604,203176.510659,61.182786,201764.679700,99.418965,678.593184,-20.491500,681.735524,-140.810679,681.007974,59.943539,-0.001143,1,0
21.933000,-58.601221,202232.357800,-178.567189,201437.679149,61.375059,202646.999439,99.856156,675.440620,-20.810076,682.561194,-140.353906,683.940824,59.948756,-0.005702,1,0
21.967000,-58.816851,204520.819849,-178.762368,203823.757305,61.183707,201833.774990,99.137799,679.868309,-20.602701,679.091142,-140.707090,686.141920,59.937775,0.004075,1,0
22.000000,-58.715776,202865.093754,-178.841446,203973.687609,61.257780,202203.080702,99.307938,674.462338,-20.931835,684.930104,-140.827647,684.536337,59.947701,0.008939,1,0
22.033000,-58.812518,202779.373329,-178.714469,202903.764058,61.204442,202242.820620,99.211493,682.115211,-20.917632,672.441619,-140.564099,682.286134,59.941651,-0.013777,1,0
22.067000,-58.648378,204367.234091,-178.654681,204455.231431,61.309089,203714.765465,99.473152,679.583210,-20.282436,681.897502,-140.538090,686.626902,59.940610,0.010396,1,0
22.100000,-58.397202,202833.868205,-178.839880,203366.250805,61.206374,202760.356222,99.496636,682.018883,-20.777835,691.583744,-140.676478,684.991322,59.948964,-0.011668,1,0
22.133000,-58.632021,203909.201698,-178.732651,203099.142543,61.283275,202805.169397,99.116213,684.025995,-20.594614,688.517801,-140.788502,686.723128,59.932719,-0.000933,1,0
22.167000,-58.706488,203465.769652,-178.916145,204724.905253,61.242405,203059.627744,99.437681,683.010241,-21.053239,689.562977,-140.952971,693.495344,59.954415,-0.004156,1,0
22.200000,-58.799860,203362.868732,-178.710900,203189.548138,61.188875,203058.975212,98.996107,685.712572,-21.222990,680.943092,-140.649192,680.632045,59.940916,0.005142,1,0
22.233000,-58.882070,203910.938598,-178.750577,203288.798624,61.094141,202234.083469,99.129689,688.377431,-20.893280,683.551455,-140.776862,683.106395,59.942783,0.005503,1,0
22.267000,-58.810247,202731.667335,-178.831719,202332.618807,61.166324,203213.194444,99.252076,683.565418,-20.811604,679.272706,-140.707881,683.107339,59.943123,0.005535,1,0
22.300000,-58.829232,203142.792192,-178.799256,202203.386730,61.304495,205510.823030,99.142103,686.550489,-20.966801,684.402273,-140.641942,678.560996,59.940839,-0.009723,1,0
22.333000,-58.787339,202162.384727,-178.840933,203681.352114,60.969824,202690.144239,99.152209,684.081655,-20.675137,679.548826,-140.691568,682.796803,59.941117,-0.005824,1,0
22.367000,-58.815443,202445.516046,-178.749725,203065.444194,61.055795,203120.773571,99.119420,687.485839,-20.868191,680.236864,-140.821124,691.125252,59.937012,-0.004645,1,0
22.400000,-58.757432,203560.298853,-178.753082,200995.533402,61.280451,201927.525450,99.319416,686.085440,-20.725165,680.669787,-140.589511,682.143485,59.935863,0.006288,1,0
22.433000,-58.875486,203217.398305,-178.831485,203081.993618,61.118330,202901.706015,99.350801,681.981365,-20.612980,683.127660,-140.841335,677.881338,59.934960,0.001245,1,0
22.467000,-58.579256,203057.177212,-178.789135,202594.074228,61.166761,203496.127014,99.291901,677.457975,-20.873062,675.695358,-140.925090,675.336033,59.935719,-0.002167,1,0
22.500000,-58.648581,204801.118054,-178.912786,203644.139833,61.039544,202908.529739,99.434630,678.312298,-20.810281,677.725678,-141.073203,679.110546,59.929434,0.006761,1,0
22.533000,-58.988260,202921.916182,-178.798814,205714.820796,61.139960,201386.903348,98.887585,678.817573,-20.611055,676.031857,-141.162222,681.051696,59.934889,-0.004709,1,0
22.567000,-58.859892,203197.886133,-179.006275,202640.834453,60.856268,202104.940482,99.530042,672.396848,-20.992715,677.191645,-141.142468,676.156192,59.935008,-0.002855,1,0
22.600000,-58.984643,204503.759925,-178.894529,203971.216812,61.264437,203476.994832,98.836264,677.126703,-20.855304,685.112562,-140.604752,679.336147,59.933646,0.003805,1,0
22.633000,-59.050303,206303.572531,-178.846940,202245.489403,61.273129,204160.148007,98.676601,680.052417,-20.821859,674.762190,-141.072794,677.911672,59.933359,-0.001187,1,0
22.667000,-58.789359,202830.229169,-178.859363,203695.576549,61.152600,204106.785174,99.437674,676.540996,-21.084991,678.284458,-140.789364,682.977524,59.936492,-0.009138,1,0
22.700000,-58.857304,203063.938854,-178.833701,202388.984685,61.059040,204415.436012,99.182679,674.440786,-20.804506,672.079461,-140.789858,676.213239,59.933068,0.012454,1,0
22.733000,-58.924758,203421.772077,-178.931703,202822.187955,61.072104,201167.292906,99.021041,679.796861,-20.633829,678.331759,-141.087715,675.949384,59.937336,-0.012751,1,0
22.767000,-58.901334,202249.398618,-178.775346,204115.044297,61.226274,203095.883665,99.029791,682.176168,-20.653105,685.025595,-140.591916,677.123558,59.934805,0.007996,1,0
22.800000,-58.995372,203687.920593,-179.177351,202842.410465,60.991882,201700.201695,99.328950,679.733798,-21.149943,678.932546,-140.967639,675.249850,59.931105,-0.008706,1,0
22.833000,-58.981725,205302.645895,-178.819503,202443.943194,61.236851,202748.357532,99.014497,674.295773,-20.675304,674.580833,-140.846107,673.093618,59.940123,-0.002637,1,0
22.867000,-58.675038,203391.941070,-178.914907,203979.777333,61.001956,202408.169324,99.036527,675.313819,-21.168073,676.283123,-141.272373,679.305609,59.931480,-0.002539,1,0
22.900000,-58.722865,202417.878887,-179.085384,202931.980731,61.085802,203437.738527,99.137725,669.462218,-21.025877,676.986806,-140.794268,675.346807,59.935947,-0.001101,1,0
22.933000,-58.817004,204296.323890,-178.862533,202760.217564,61.079359,203923.311447,99.017020,677.352931,-20.792967,687.168870,-140.649905,677.556086,59.930668,0.007248,1,0
22.967000,-58.932694,203525.974208,-178.825571,203589.767716,61.098536,204348.017176,98.917473,669.439263,-20.914563,669.373961,-140.713382,667.158934,59.934323,0.002436,1,0
23.000000,-58.989075,203372.435558,-178.930411,205340.455694,60.993788,203799.667010,98.896988,671.953709,-21.137393,673.102885,-141.018093,672.129065,59.928701,0.002534,1,0
23.033000,-58.952944,204005.652771,-178.827441,203992.522391,61.014554,204117.245132,98.854830,674.983216,-21.161050,677.882437,-141.196354,674.446198,59.940935,-0.008410,1,0
23.067000,-58.754879,202848.387212,-178.863993,203067.692103,61.010253,203265.562982,99.171313,674.322448,-20.918692,675.806660,-140.924564,674.661671,59.940600,-0.003366,1,0
23.100000,-59.096338,202883.737816,-178.931196,203112.616531,60.978580,203489.696086,98.908704,669.173891,-20.961661,672.166737,-140.977063,675.963546,59.936945,-0.003228,1,0
23.133000,-58.926464,204892.934170,-178.765347,204200.773412,61.100375,204532.222530,99.126340,682.281570,-20.695003,671.020095,-140.796979,665.686950,59.938422,0.004360,1,0
23.167000,-58.942414,202488.537347,-178.993006,202525.952890,61.153141,204817.232460,99.025944,683.365542,-21.440007,678.115667,-141.107948,680.100044,59.937628,-0.000961,1,0
23.200000,-58.942130,203236.077337,-178.870411,203014.864691,61.110056,204079.588315,99.059777,678.023860,-20.980257,674.361942,-141.228791,676.473703,59.937146,-0.005394,1,0
23.233000,-58.963018,202157.762682,-178.820631,203083.918399,61.129979,203342.963426,99.038487,675.593589,-20.690005,676.703257,-141.044863,672.680085,59.932836,0.008341,1,0
23.267000,-58.927314,202270.063742,-178.935794,203143.532365,61.136613,203980.893507,99.139119,665.927674,-21.203160,676.722833,-140.967555,673.476451,59.935981,-0.001446,1,0
23.300000,-58.872172,201971.735218,-178.987903,202684.189823,60.936228,202576.035501,98.888922,679.051086,-21.032633,672.558174,-140.759281,676.492474,59.934367,0.001347,1,0
23.333000,-58.994014,202283.435167,-178.786238,202183.032899,61.129934,201624.390524,99.088242,674.929370,-20.246802,679.106148,-140.754204,675.258816,59.939859,0.005571,1,0
23.367000,-58.917165,202635.795973,-178.869815,204166.603294,61.296462,202947.261123,98.837588,676.195757,-21.148415,671.908289,-140.579378,677.323124,59.933052,-0.004958,1,0
23.400000,-58.955618,203193.669338,-178.859867,203816.068726,61.268942,204919.998783,99.164979,667.900541,-20.620687,670.416523,-140.770137,673.609336,59.937955,0.006895,1,0
23.433000,-58.958652,204718.329775,-178.803121,204615.398862,61.022838,203837.431320,99.096461,669.893211,-21.345475,679.368172,-140.734532,669.947464,59.939095,-0.005409,1,0
23.467000,-59.000830,204031.845303,-178.789288,204250.400368,61.333483,202351.853637,99.123402,672.087529,-20.769200,679.338609,-140.668529,671.194233,59.941574,-0.006750,1,0
23.500000,-58.822965,202377.559924,-178.796331,202559.159096,61.243454,202220.199792,99.156651,676.174141,-21.011945,676.478069,-140.825549,672.600466,59.939067,-0.010672,1,0
23.533000,-58.750527,202589.757615,-178.903983,203319.588059,61.134730,203865.308582,99.490494,673.286013,-20.638102,667.816100,-140.861487,664.585463,59.940555,-0.001935,1,0
23.567000,-58.803445,201278.077788,-178.636216,202579.197702,61.332512,204736.681353,98.988369,674.183484,-20.610982,676.929994,-140.744464,669.073568,59.946817,0.007378,1,0
23.600000,-58.930023,202532.815788,-178.761203,201600.404437,61.244263,201550.576717,99.012800,681.057572,-20.741116,670.379740,-140.731481,666.397332,59.947081,-0.001498,1,0
23.633000,-58.732906,203921.539578,-178.617647,201950.882548,61.063900,202702.381052,99.293180,673.841409,-20.583872,670.588202,-140.448881,673.301958,59.946593,-0.010392,1,0
23.667000,-58.894193,205437.495302,-178.688978,203827.416686,61.234113,202546.424513,98.989518,670.421847,-20.740316,677.474302,-141.048543,667.651356,59.949818,0.001743,1,0
23.700000,-58.959693,204010.024986,-178.868770,204547.902231,61.254097,203849.516754,99.181861,672.195909,-20.643416,671.196675,-140.745276,671.969651,59.949623,0.009089,1,0
23.733000,-58.754011,203950.896458,-178.746907,202210.162877,61.167346,202000.850563,99.278003,675.734245,-20.661582,673.648549,-140.751859,678.958022,59.949079,-0.009936,1,0
23.767000,-58.816152,202456.657902,-179.019358,203709.698324,61.120416,202747.988328,99.033947,677.794628,-21.048304,673.452177,-140.739336,676.123178,59.949510,0.011848,1,0
23.800000,-58.810224,202586.056486,-178.758509,203265.189870,61.226774,204532.200608,99.156234,670.255509,-20.451883,671.653481,-140.719036,682.679325,59.947321,-0.002508,1,0
23.833000,-58.693418,203050.536544,-178.766696,203469.858257,61.103209,202182.756162,99.128650,677.189576,-20.412667,665.380060,-140.889486,670.556629,59.944595,-0.003088,1,0
23.867000,-58.828820,202885.115805,-178.718789,202308.791517,61.216609,203721.417827,99.196219,680.662196,-20.435495,680.888583,-140.915966,675.653328,59.949966,-0.004713,1,0
23.900000,-58.897806,202209.211015,-178.486405,203683.784147,61.064956,202025.132103,98.997351,679.730905,-20.551864,674.961577,-140.814086,676.584009,59.950129,-0.002804,1,0
23.933000,-58.785476,202788.827740,-178.759901,204139.000635,61.370788,201951.300424,99.110186,674.526386,-20.989939,672.363983,-140.732418,677.690700,59.949427,0.005384,1,0
23.967000,-58.875904,203792.778698,-178.768270,204504.918255,61.213488,201163.159684,99.146881,676.742670,-20.649351,675.645925,-140.785725,669.484153,59.957528,0.002625,1,0
24.000000,-58.580691,202308.828598,-178.871864,203159.822165,61.283967,201644.441300,99.452254,675.902690,-20.997582,666.196211,-140.924830,673.489615,59.951382,-0.016885,1,0
24.033000,-58.921983,200742.845026,-178.848925,202599.697710,61.214383,202773.159794,99.073469,665.373293,-20.902184,672.212560,-140.750952,674.381606,59.957184,0.008714,1,0
24.067000,-58.873514,200658.579305,-178.713063,204383.382831,61.340982,202272.363093,98.979918,670.014405,-20.997518,677.782052,-140.913023,672.623006,59.955124,-0.002479,1,0
24.100000,-58.882179,204103.936220,-178.858703,203799.582523,61.344142,199920.362087,99.198003,674.116817,-20.474458,673.856138,-140.469780,674.872018,59.959508,0.009913,1,0
24.133000,-58.829347,203052.466029,-178.979483,203482.976150,61.186285,202738.324991,98.916645,668.498112,-21.239354,671.761705,-140.908366,678.292160,59.956074,0.005009,1,0
24.167000,-58.672853,203754.299693,-178.796746,202843.633301,61.358785,203687.897410,99.314789,669.517825,-20.883464,668.734117,-140.535335,671.278900,59.947582,0.006387,1,0
24.200000,-58.791100,201377.919098,-178.676329,203025.706757,61.319288,203489.119708,98.666420,675.228625,-20.858666,672.555418,-140.782100,675.204990,59.952326,0.004588,1,0
24.233000,-58.755967,203813.378646,-178.829577,202185.058422,61.200878,201399.342302,99.009126,676.893804,-20.855994,675.015783,-140.867675,672.685060,59.944882,0.006593,1,0
24.267000,-59.028753,202931.262299,-179.013098,203720.277914,61.264308,203456.779818,99.030393,675.072202,-21.089342,682.127424,-141.013762,668.289348,59.938936,-0.012485,1,0
24.300000,-58.561603,204144.470426,-178.668508,201268.420489,61.366773,202878.339493,99.361902,674.931357,-20.745778,666.004395,-140.996339,665.542181,59.948736,0.005707,1,0
24.333000,-58.843301,203162.309356,-178.741756,202031.074861,61.119401,203541.843503,99.290848,671.017532,-20.673374,675.750833,-140.744522,671.735795,59.948318,0.002583,1,0
24.367000,-58.838791,203109.416352,-178.745278,204199.777298,61.116484,201905.576969,99.415681,670.765311,-20.602246,677.660133,-140.776877,670.625800,59.940383,0.013323,1,0
24.400000,-58.776895,202008.868801,-178.654548,203775.797135,61.118082,204544.171869,98.892896,672.400686,-20.578227,675.492204,-141.142304,674.301644,59.947244,-0.000389,1,0
24.433000,-58.769365,203729.184988,-178.819096,201553.386064,61.198335,202379.884237,99.116081,675.432924,-20.689333,676.603200,-140.669750,669.037081,59.945582,-0.002802,1,0
24.467000,-58.732921,201075.957260,-178.951588,202290.755143,61.174390,202664.362808,99.150082,671.566494,-20.889798,677.910499,-140.982193,674.901925,59.932728,0.010818,1,0
24.500000,-58.798934,201985.770184,-178.866818,201911.855938,61.228861,201562.902355,98.990552,672.950684,-20.950000,668.350936,-140.485563,669.922260,59.940496,0.007254,1,0
24.533000,-58.811633,203672.958200,-178.716949,202689.796645,61.380521,201876.504767,98.911893,674.355904,-20.786012,670.323654,-140.884609,673.733405,59.948145,-0.001398,1,0
24.567000,-58.860543,201960.928817,-178.773202,202411.927000,61.061449,203008.976730,99.047624,675.387876,-20.519329,673.938551,-140.971968,668.525717,59.948096,-0.003567,1,0
24.600000,-58.771964,201034.274280,-178.681396,203538.301266,61.287154,202604.657297,99.103952,682.314635,-20.958144,675.660011,-140.562700,673.462578,59.939501,0.008157,1,0
24.633000,-58.619545,202645.220572,-178.842950,202585.555429,61.207440,202907.082944,99.478974,667.840555,-20.575820,679.145239,-140.753491,672.580030,59.939067,-0.002562,1,0
24.667000,-59.027493,202603.692428,-179.054817,202184.909451,61.163207,200757.177557,99.036056,668.001830,-21.077457,671.694447,-140.975091,667.594150,59.937771,0.002969,1,0
24.700000,-58.847980,202835.361714,-179.035862,204263.024315,60.966962,203293.388069,99.079071,662.367758,-20.773336,669.839475,-141.113823,673.289359,59.948250,0.012577,1,0
24.733000,-58.723804,202814.453311,-178.680555,202253.927694,60.959487,201889.285621,99.083083,678.139506,-20.881596,670.841712,-141.250347,673.724097,59.931880,0.016962,1,0
24.767000,-58.919278,202725.693487,-178.760317,202383.626431,61.141904,200508.640208,99.063883,670.803157,-20.488670,670.465428,-140.664942,667.356150,59.931185,-0.013647,1,0
24.800000,-59.093796,202778.583940,-178.800622,200363.630787,61.171003,202037.778002,98.982261,665.763135,-20.786211,677.556768,-140.675905,667.752977,59.933462,-0.006065,1,0
24.833000,-58.797297,202909.695273,-178.860344,201345.362654,61.095779,202065.484553,99.140559,674.941965,-20.890892,669.139779,-141.021235,671.338926,59.936419,0.004965,1,0
24.867000,-58.929959,202382.776691,-178.876436,202344.297101,61.064114,203202.856122,98.921124,671.236384,-20.969681,668.424016,-141.034651,665.940186,59.940525,-0.007111,1,0
24.900000,-58.989784,204447.193710,-179.008991,202623.049744,61.107122,203414.947550,99.147016,671.317503,-21.055078,669.902958,-140.868830,664.612003,59.942792,0.006848,1,0
24.933000,-59.019230,201368.512436,-178.866676,204509.431009,61.119430,203283.693041,99.139169,679.650679,-21.005315,668.250457,-140.818403,671.492731,59.936826,-0.006067,1,0
24.967000,-58.758458,204816.484021,-178.712649,202549.849837,61.026144,202282.622261,99.091631,667.782084,-20.898632,673.918571,-141.081268,671.487874,59.939836,0.008021,1,0
25.000000,-58.853136,201816.222500,-178.839370,201525.026724,61.041104,201877.790025,99.204862,672.931670,-21.013377,666.944923,-140.939688,673.118501,59.942683,-0.009776,1,0
25.033000,-58.740100,202703.238150,-179.064380,202553.698460,61.060786,202675.525525,99.714099,676.684685,-21.123899,676.063850,-140.815453,676.824488,59.941149,0.000238,1,0
25.067000,-58.811988,201094.810998,-178.861616,202921.358389,60.982185,201283.518909,99.118608,674.108955,-20.688361,672.692894,-140.829705,667.463488,59.950828,-0.006288,1,0
25.100000,-58.933414,202557.898024,-178.837764,202873.362602,60.949778,202086.184191,98.860240,668.925532,-20.621569,674.885173,-141.210390,671.009856,59.951612,0.006020,1,0
25.133000,-58.945724,200159.923941,-178.912736,202920.461149,61.111652,202487.006121,98.745032,674.159091,-20.999061,673.266077,-140.838934,670.875130,59.950869,-0.018528,1,0
25.167000,-58.741216,201974.907843,-179.101641,202654.951891,61.112711,204172.964067,99.043383,680.494394,-21.180702,676.143268,-140.926717,667.895128,59.945437,0.007857,1,0
25.200000,-58.991191,201904.360169,-178.839805,203248.457348,61.134526,201801.750628,98.774990,675.304849,-20.458334,674.333568,-140.817300,669.028950,59.940429,0.002930,1,0
25.233000,-58.870888,201584.341562,-178.962011,201612.731737,61.195937,200994.435112,98.968152,672.822034,-21.085764,671.917094,-140.768974,677.834589,59.939731,0.006832,1,0
25.267000,-58.839326,203401.933980,-178.911762,203554.108558,61.072048,202953.787975,99.362281,669.934448,-21.048873,670.467813,-140.840134,669.609907,59.944988,0.016438,1,0
25.300000,-58.939015,203710.367960,-179.045760,202804.461763,61.117457,202649.557233,98.965084,662.453095,-21.064795,674.026851,-140.797432,673.390480,59.946821,-0.001695,1,0
25.333000,-58.886190,202615.685991,-178.897795,204292.771869,61.115983,202418.717277,99.162196,666.197389,-20.886466,674.329074,-140.813976,677.771547,59.944986,0.003133,1,0
25.367000,-58.568426,203834.878121,-178.950739,203397.884834,61.195655,202864.922163,99.312462,669.295106,-21.163923,672.987451,-140.814540,671.463525,59.949300,0.000840,1,0
25.400000,-59.002799,201397.972642,-179.047598,202845.367836,61.034286,203622.355051,98.942789,679.427325,-20.839840,669.969795,-140.902756,674.166036,59.944386,0.005860,1,0
25.433000,-58.986902,202482.833096,-178.934635,201280.316084,61.079983,202693.247244,98.765512,669.396090,-20.856396,666.284601,-140.872751,668.394199,59.949552,-0.001866,1,0
25.467000,-58.855608,202591.409836,-178.827230,201133.072864,61.249047,202382.326335,99.112230,671.050508,-20.853726,674.078607,-140.749879,675.882290,59.948773,-0.007076,1,0
25.500000,-58.861020,202203.992236,-178.766966,201855.720904,61.136933,202444.481127,99.260603,671.689402,-20.785760,671.258618,-140.839755,671.828646,59.954266,-0.001786,1,0
25.533000,-58.774708,201660.707824,-178.840331,201382.174335,60.930768,201382.624265,99.292299,674.963478,-20.791021,677.105260,-141.292607,669.497468,59.947445,-0.000366,1,0
25.567000,-59.018672,202928.044687,-178.983582,201472.616301,61.091219,201868.814350,98.846761,672.330464,-21.043970,674.277753,-140.788820,679.942420,59.951947,0.011498,1,0
25.600000,-58.985158,202693.999984,-178.950197,201541.633621,61.091581,201805.418522,98.823652,661.781124,-21.087036,671.319018,-140.908248,666.890656,59.955956,0.011280,1,0
25.633000,-58.816453,203055.254251,-178.929039,201065.379777,61.180801,202324.224604,99.178507,663.407689,-20.724424,670.816833,-140.919392,669.625104,59.961991,0.016934,1,0
25.667000,-58.885267,202421.337960,-178.857961,200042.516918,60.951913,201471.225390,99.018157,669.856863,-20.760930,663.567628,-140.998240,667.861248,59.955660,0.007227,1,0
25.700000,-58.941899,202266.391143,-178.952999,201915.303993,61.103547,202964.447229,99.346126,671.170208,-20.906400,672.808932,-140.975999,675.392157,59.954929,0.003469,1,0
25.733000,-58.951391,203668.691167,-178.854648,202743.057695,61.047097,202060.313709,99.258707,668.921386,-20.677999,673.593079,-141.092632,665.957126,59.955904,-0.005801,1,0
25.767000,-59.047131,201020.841140,-179.015105,202758.816393,61.238641,201889.005728,98.896226,666.754150,-20.924878,668.924128,-140.888001,670.495525,59.955372,0.000220,1,0
25.800000,-58.955521,202099.630312,-178.858360,202539.953112,61.170696,203649.395958,99.121506,673.738923,-20.667982,669.843014,-140.938008,672.594082,59.954875,0.009475,1,0
25.833000,-58.913993,201074.659722,-179.003036,202997.506522,60.916508,204779.573293,99.035093,666.617353,-21.003597,670.534676,-140.958084,670.650103,59.958284,0.002821,1,0
25.867000,-58.827580,202736.224542,-178.898741,202548.122701,60.885400,201512.778314,99.342198,666.480165,-20.805622,668.666363,-141.157480,671.604157,59.960679,-0.000959,1,0
25.900000,-59.068566,201234.884139,-178.973039,202315.934111,60.808468,202791.219851,98.993838,660.349780,-21.049533,664.135717,-141.181736,666.587210,59.961214,0.005163,1,0
25.933000,-58.906017,201848.837374,-178.680848,203027.021086,61.084425,202749.345258,98.984939,665.519176,-20.672495,671.658727,-140.980603,666.108640,59.952670,-0.008789,1,0
25.967000,-58.882887,202839.173358,-178.861947,202787.865478,61.063110,202303.873044,99.061436,662.992388,-20.940679,663.022842,-140.816323,662.343108,59.967698,0.003890,1,0
26.000000,-58.832600,200781.767069,-178.972238,203007.046841,61.041721,203615.086899,99.202920,668.052670,-21.085868,666.213675,-140.989498,667.811705,59.957613,0.003958,1,0
26.033000,-58.911055,202569.414064,-178.818626,201563.876188,61.044696,201970.834384,99.319719,671.364086,-20.820765,672.435353,-141.154341,672.207476,59.961806,0.007593,1,0
26.067000,-59.062773,203498.380960,-178.912985,205311.824881,60.906268,203251.698798,98.932870,666.223610,-20.583029,667.821823,-141.304704,665.906918,59.959847,-0.008397,1,0
26.100000,-58.697728,202964.277547,-178.998615,203268.643291,61.073085,202618.247108,99.021958,658.103350,-20.899827,665.541492,-140.887154,668.958826,59.952591,-0.013569,1,0
26.133000,-58.940067,201625.273581,-178.852238,202246.312412,61.160062,203256.311771,98.933066,674.816393,-21.068251,664.876059,-141.117078,667.559493,59.955705,0.012670,1,0
26.167000,-58.926810,203180.916837,-178.938655,202548.540284,61.072548,204103.083629,98.987182,667.867151,-21.076825,668.535434,-140.922902,665.712983,59.955451,-0.008024,1,0
26.200000,-58.838456,201505.715060,-178.785518,204068.248827,61.012920,203598.481492,99.006225,665.946133,-20.418288,667.126686,-140.861716,673.313223,59.955385,0.001558,1,0
26.233000,-59.013638,204211.911789,-178.962511,204153.099211,61.144466,202774.017243,98.926136,663.019942,-21.068638,665.252930,-140.497177,667.683026,59.950558,0.007259,1,0
26.267000,-58.775242,201041.300158,-178.868679,201795.784899,61.079022,203203.552302,98.887322,667.166540,-20.788772,674.570137,-140.920252,663.134814,59.949373,0.007754,1,0
26.300000,-59.002875,202970.162386,-178.849611,202515.110192,61.237776,202575.657714,98.936959,672.533412,-20.871550,667.978268,-140.472645,674.288572,59.955628,-0.006249,1,0
26.333000,-58.858102,201548.979273,-178.794834,202864.113408,60.963899,202147.523959,98.844679,670.333187,-20.912280,675.497040,-140.963466,668.558895,59.952660,-0.005981,1,0
26.367000,-58.952597,202802.432952,-178.953451,203316.113574,61.065057,203153.655108,98.891286,668.675100,-21.064444,672.331115,-140.754222,665.107999,59.956651,0.009157,1,0
26.400000,-58.982136,202076.867585,-178.954819,203609.047510,61.084668,202949.519225,99.053433,669.515967,-20.766312,669.723153,-140.747972,666.050138,59.952459,-0.010432,1,0
26.433000,-58.797688,202968.081101,-178.760007,201967.267153,61.073034,203379.617084,99.388438,666.632592,-20.887490,668.494297,-141.064781,663.609328,59.952642,0.002216,1,0
26.467000,-58.968716,203428.248543,-178.997700,202905.982395,61.150075,202540.848979,99.005993,670.013273,-21.188995,672.632965,-140.980253,669.628391,59.946811,0.014886,1,0
26.500000,-58.853164,204324.192889,-179.019541,202668.596999,61.023900,201726.156233,99.202315,662.178654,-21.079223,665.347788,-141.173985,671.939450,59.939671,0.007873,1,0
26.533000,-58.968455,201516.597284,-178.849212,202765.253028,61.228362,202806.317021,98.864900,672.936075,-20.610527,665.744156,-140.919848,666.688881,59.942657,0.000667,1,0
26.567000,-58.940894,200902.775946,-178.892330,203632.743286,61.157823,202486.911838,98.944780,664.783663,-20.659737,668.082821,-140.810806,672.944071,59.942706,-0.002654,1,0
26.600000,-58.940099,201066.192674,-179.023664,202968.927986,60.991292,203860.887083,99.192702,668.147702,-20.887126,668.078960,-140.719854,665.486857,59.943422,0.002838,1,0
26.633000,-58.853904,202433.114510,-178.657768,201481.055538,61.014166,201495.022087,99.192983,665.779438,-20.621738,672.970848,-141.212594,668.705654,59.951591,-0.005536,1,0
26.667000,-58.879908,202266.239657,-178.929756,203023.849414,61.168814,203188.143886,98.941050,668.544378,-20.968146,665.288959,-141.064755,671.047116,59.941267,-0.008024,1,0
26.700000,-59.084674,202306.655164,-178.879360,202701.841359,61.071994,201260.699720,98.695664,668.511351,-20.892009,669.817756,-141.084228,672.167840,59.945731,-0.011361,1,0
26.733000,-58.859907,202308.946181,-179.117938,201114.105412,61.126647,201475.586252,99.170696,666.798777,-21.097270,671.914319,-140.791956,670.550626,59.946510,0.003901,1,0
26.767000,-58.982369,203665.795865,-179.091029,200846.521473,61.104824,202502.570909,98.925948,664.144344,-21.128528,667.167480,-141.120955,662.079373,59.945998,-0.001166,1,0
26.800000,-59.094504,203420.858592,-178.935657,202244.772937,61.041751,202014.942280,99.123636,664.967522,-20.987933,661.048456,-140.737139,666.411015,59.949572,-0.000708,1,0
26.833000,-58.889295,203564.304920,-179.066428,201088.987617,61.097316,200680.887285,99.076692,658.019321,-20.997123,662.144722,-140.983890,663.335865,59.948361,0.002840,1,0
26.867000,-58.810762,203505.879566,-178.859228,202783.481064,61.153458,204783.146081,99.637589,659.515846,-20.684606,663.106708,-140.617096,664.141235,59.940547,-0.001492,1,0
26.900000,-58.870341,201997.024639,-178.715562,203294.083731,61.083877,201803.555196,99.352639,663.079486,-20.826166,661.177838,-140.979229,659.730833,59.943137,0.004254,1,0
26.933000,-58.951020,202657.555217,-179.010377,203277.380914,60.949606,202063.479261,98.856445,666.619588,-21.130524,659.516351,-141.333453,660.928199,59.947193,0.012247,1,0
26.967000,-58.894589,202114.629304,-178.941802,202792.803360,60.987362,203073.620055,99.106372,660.341314,-20.885543,665.932315,-141.149452,662.724469,59.941455,0.003915,1,0
27.000000,-59.124787,203125.371604,-178.853734,201153.674163,61.234690,201487.962011,98.856080,653.403815,-20.626684,665.998139,-140.931675,666.961833,59.951100,0.004985,1,0
27.033000,-58.900247,202523.212155,-178.968506,201626.819969,61.142272,201271.251834,99.121391,658.428077,-20.805560,658.730875,-140.576738,659.466970,59.946123,-0.000909,1,0
27.067000,-58.930226,202149.480701,-178.780775,202210.282995,61.039669,201459.633151,98.888543,658.300498,-20.686160,660.145572,-141.150494,658.574967,59.940484,0.002728,1,0
27.100000,-58.915900,204001.712700,-179.114402,204393.454187,60.960147,201795.936212,99.024879,668.111087,-21.112496,662.748246,-141.041541,665.363528,59.942099,-0.005121,1,0
27.133000,-59.039742,201768.298943,-179.017426,203169.155051,61.005475,200736.884383,98.948006,663.104525,-21.167379,661.167410,-141.051349,662.303099,59.935296,0.003017,1,0
27.167000,-59.096069,202086.531790,-178.794867,204234.306668,61.212444,204245.597658,99.055260,672.537428,-20.603870,667.564455,-141.007198,664.932106,59.944470,-0.001604,1,0
27.200000,-58.986056,203562.918523,-179.061656,203159.850557,61.130961,204674.449329,98.910560,665.330562,-21.344990,663.131893,-141.210110,665.692298,59.929562,-0.000911,1,0
27.233000,-58.878496,202757.698218,-178.833184,203874.527212,61.027294,202891.959877,98.955077,666.706683,-20.440380,663.266725,-141.011586,664.441933,59.923003,0.011044,1,0
27.267000,-58.831267,202436.784768,-178.830378,202656.461409,61.195288,203321.898536,99.100584,660.652513,-21.126321,665.302947,-140.987437,667.029551,59.934299,0.007770,1,0
27.300000,-58.965292,202224.642012,-178.916699,201210.273154,61.070971,202703.445829,99.066337,669.108290,-20.865062,665.315332,-141.013862,666.032636,59.927148,0.011001,1,0
27.333000,-58.886703,204331.925968,-179.087110,203681.264809,60.943766,202852.038564,99.099262,665.285934,-21.161436,664.963593,-141.281108,671.989611,59.931624,-0.002937,1,0
27.367000,-58.984279,203511.198173,-178.858506,202018.632296,60.861999,201922.886958,99.283396,663.930751,-20.820741,656.620662,-141.115281,665.036964,59.942684,0.010792,1,0
27.400000,-58.935422,204223.583185,-179.031073,205145.302574,60.900253,202357.138770,99.211185,670.172683,-20.762066,667.853477,-141.186741,669.638281,59.939109,0.010031,1,0
27.433000,-58.850152,204065.351706,-178.999964,203928.525574,61.063779,203079.107240,99.206803,659.644267,-21.121886,669.914683,-140.959091,662.238715,59.941936,0.001543,1,0
27.467000,-59.054152,202829.614951,-178.801235,202105.699083,61.103436,201738.965066,99.022904,664.985422,-20.981892,665.076804,-140.732072,662.358724,59.935681,0.002169,1,0
27.500000,-58.927257,203395.328159,-179.295733,202081.755263,61.137251,202566.734633,99.217093,657.765257,-21.387860,661.599438,-140.543481,664.626815,59.944996,-0.003250,1,0
27.533000,-58.923540,202405.943878,-179.098813,201160.906752,61.219621,201880.665995,99.262626,659.360219,-21.000548,667.857805,-140.640214,659.935531,59.941305,0.015639,1,0
27.567000,-59.119107,203268.997588,-179.132578,202734.311051,61.188107,202329.486051,98.892887,659.399649,-20.992086,659.694035,-140.738843,653.843846,59.947320,-0.008596,1,0
27.600000,-58.763857,202788.370664,-178.868511,201201.097570,60.884173,202951.135501,99.193868,660.892029,-20.791522,655.828070,-141.465356,661.219919,59.941922,-0.007156,1,0
27.633000,-58.962517,202423.186174,-179.036092,201043.979279,60.960297,201711.065038,98.983822,653.618882,-20.856749,656.703475,-141.069511,659.117754,59.950313,0.003478,1,0
27.667000,-59.146620,203079.928638,-179.107975,201871.272029,60.916324,203249.006440,98.997764,666.336967,-21.068375,655.127698,-141.343672,662.370798,59.947596,0.002091,1,0
27.700000,-58.894223,201567.260167,-178.963628,202526.440605,60.955298,202568.645611,98.968951,658.146638,-21.222050,669.931014,-140.903395,656.225379,59.945599,0.021585,1,0
27.733000,-58.878741,202623.674860,-178.956398,201040.590063,61.062512,202903.989375,99.333391,665.727320,-20.866397,656.290021,-140.818439,657.516531,59.948778,-0.004718,1,0
27.767000,-58.892751,201751.577301,-178.747569,202613.953993,61.015646,201588.142509,99.115671,661.340371,-20.814207,665.939463,-140.975989,661.431138,59.945509,-0.001691,1,0
27.800000,-58.944162,201337.829238,-178.807261,201763.879313,61.137675,200596.928111,99.220803,663.201785,-20.876581,665.510691,-141.191405,664.620661,59.953894,-0.005768,1,0
27.833000,-58.915483,202929.753652,-179.035395,203343.861907,61.212673,201015.379653,99.074480,661.038140,-21.487175,661.622268,-140.455319,660.524551,59.954487,0.000133,1,0
27.867000,-59.118574,202385.361971,-178.787731,202803.743023,61.214056,202408.151428,98.796095,661.161048,-20.504814,665.321837,-140.434843,661.964917,59.942866,-0.000475,1,0
27.900000,-58.779536,200272.432293,-178.803362,202633.873902,61.161369,202482.143086,99.204296,667.673056,-20.740738,662.712727,-140.693157,654.644859,59.946814,-0.004980,1,0
27.933000,-59.019770,202937.458034,-178.953006,202139.450089,61.087400,202071.300262,98.969270,661.696048,-21.120247,657.293116,-140.995455,661.517895,59.947284,-0.000316,1,0
27.967000,-58.927493,202471.587873,-178.946089,201558.393230,61.079590,203398.508503,98.910632,663.840175,-20.838946,662.979475,-140.814182,656.040072,59.943986,-0.002109,1,0
28.000000,-58.841210,200597.262162,-178.800022,201157.256283,61.004082,202615.976801,98.856522,659.590875,-20.611859,663.305677,-141.187442,657.256447,59.942613,0.003656,1,0
28.033000,-58.821348,201258.191116,-179.027479,202830.396877,61.131740,202281.775939,99.324083,661.884266,-20.789955,663.720852,-140.663069,665.917875,59.944365,-0.003259,1,0
28.067000,-59.023790,201306.770383,-178.971076,203441.299513,61.023283,203174.593291,98.826343,662.916677,-21.059240,670.741101,-140.752342,668.399895,59.945086,0.002458,1,0
28.100000,-59.006874,202159.637287,-178.898136,203622.784712,60.826265,201704.396682,99.140981,664.211308,-21.074050,664.614761,-141.025011,665.724382,59.931882,0.004156,1,0
28.133000,-59.069843,201719.336681,-178.898424,202998.059653,61.150628,202932.774028,98.611038,659.775807,-20.922003,659.201200,-140.737282,656.807209,59.940981,0.000048,1,0
28.167000,-59.046253,203733.103665,-178.888643,203515.150835,61.117157,201940.111706,98.972051,662.515546,-21.215936,660.038012,-140.992864,665.081923,59.933509,-0.008789,1,0
28.200000,-58.873493,202790.477250,-178.928777,203365.183068,61.119710,202548.308560,99.030965,659.857575,-20.292765,655.342562,-141.048370,667.259240,59.936367,-0.002715,1,0
28.233000,-58.995164,203244.005587,-178.965684,201796.738542,61.157982,203331.185910,98.843994,663.082523,-21.087048,658.344908,-140.642898,659.287470,59.941424,-0.005130,1,0
28.267000,-58.906213,202251.598076,-179.022835,203358.843141,61.006819,201787.884464,98.936905,655.508079,-20.933722,660.616468,-140.670255,665.803625,59.928951,-0.002186,1,0
28.300000,-58.978911,201229.334394,-178.853628,202782.830267,61.025171,200235.735003,98.909792,658.466455,-21.192819,658.671635,-141.071486,666.415016,59.945957,-0.008975,1,0
28.333000,-58.795483,200153.809229,-179.114904,202021.768333,61.220716,202656.980920,98.911760,654.516332,-21.375994,651.611728,-140.791258,664.092080,59.940699,-0.004537,1,0
28.367000,-58.863826,201658.066473,-178.972400,203196.647932,60.933733,201253.303074,99.263274,657.111231,-20.956434,654.558049,-141.307338,657.996147,59.939651,0.000275,1,0
28.400000,-59.001927,203218.839525,-178.724799,202657.837711,61.036653,202510.922787,99.124271,654.765928,-21.119713,655.636282,-140.947097,655.717824,59.941029,-0.003272,1,0
28.433000,-58.900376,204167.199381,-178.961863,203353.733686,61.172052,202734.847238,99.010022,658.906409,-21.187607,653.079208,-140.685712,652.134824,59.939934,0.011251,1,0
28.467000,-58.785475,201155.633166,-178.790795,202984.694160,61.177090,203701.257513,99.077602,655.801417,-20.761594,659.693091,-141.070024,655.721096,59.948643,0.005301,1,0
28.500000,-59.019424,202924.842860,-178.953050,201546.689270,61.181915,201956.024117,98.702917,663.498424,-20.603416,658.865658,-140.911579,651.599691,59.934995,0.007567,1,0
28.533000,-58.905027,202934.833231,-178.770873,202065.370131,61.093336,204148.985851,98.659169,653.749815,-20.836554,656.978821,-140.950877,653.562060,59.935480,0.015039,1,0
28.567000,-58.873594,201497.162244,-178.741693,202856.970517,61.184812,202699.911256,99.349572,653.375975,-21.138140,661.019786,-140.707984,659.728131,59.935274,-0.007155,1,0
28.600000,-58.951044,202978.194827,-178.977032,202502.383011,61.119228,203273.764094,99.289351,660.943560,-21.070712,656.739884,-140.347488,658.714031,59.937630,-0.002085,1,0
28.633000,-58.874375,201670.273852,-178.749168,202253.676995,61.040953,201037.851908,98.993561,653.533240,-20.782777,655.490409,-141.006274,657.521069,59.935855,-0.004982,1,0
28.667000,-58.943428,203016.596801,-178.837763,202754.513699,61.134906,202888.947880,98.900801,652.475406,-20.662181,658.330860,-140.900392,654.416013,59.939647,-0.016871,1,0
28.700000,-59.044682,202026.626052,-178.981232,202596.422021,61.042266,202617.003313,98.979465,661.749830,-21.003959,661.370406,-140.958260,667.156266,59.937380,0.007535,1,0
28.733000,-58.939862,202236.483988,-178.711898,202725.368070,61.092194,201499.908351,98.901399,659.494077,-20.746507,656.549490,-140.920522,663.648438,59.935809,-0.015505,1,0
28.767000,-59.027627,201044.336414,-178.775580,203271.570295,61.188079,204230.709413,98.861536,659.610706,-20.729232,660.679809,-140.835580,664.187748,59.943566,0.008740,1,0
28.800000,-59.097385,202499.816794,-178.962395,200859.813974,60.999799,202308.664239,98.850920,658.389331,-21.051607,666.159202,-140.796660,661.932773,59.933019,-0.003764,1,0
28.833000,-59.096431,203361.322502,-178.916438,201561.749201,61.109416,199770.272762,99.179300,661.559531,-20.637783,659.471581,-141.196285,663.078021,59.939529,-0.012800,1,0
28.867000,-59.009743,201542.319519,-178.735955,202264.037965,60.999997,202848.257227,99.044777,660.587391,-20.996476,662.634237,-141.284866,664.198153,59.930738,-0.003283,1,0
28.900000,-58.770547,202837.173539,-178.785484,200876.808070,61.177243,200858.456037,99.168651,662.671739,-20.805086,662.481880,-140.714591,666.978380,59.936664,-0.001092,1,0
28.933000,-59.122928,201447.086653,-178.811152,202337.937476,61.373023,202117.693089,98.731515,662.155238,-20.662330,662.106238,-141.156128,664.166861,59.944856,-0.002462,1,0
28.967000,-58.753619,201371.948529,-178.919098,201396.469805,61.089885,200873.952232,99.193062,664.273240,-20.839596,663.749469,-140.932104,662.924526,59.931144,-0.003274,1,0
29.000000,-58.807946,202729.824927,-178.861402,200725.654711,61.258792,200971.661429,99.051485,655.392028,-20.984985,663.182415,-140.944081,667.570286,59.928326,-0.006830,1,0
29.033000,-58.891381,202213.940183,-178.862121,201498.473789,61.188488,200565.219734,99.308912,661.244831,-20.664065,661.675593,-140.804151,659.475260,59.943229,0.000210,1,0
29.067000,-58.876364,201526.363029,-178.852699,201472.154658,61.218549,202039.062652,98.960568,661.994788,-20.579491,662.622023,-141.045920,660.252698,59.937732,-0.005847,1,0
29.100000,-58.943389,201910.758538,-178.913518,200320.642358,61.130670,201360.986773,99.305850,659.181060,-20.871449,663.363649,-140.760146,668.472094,59.941313,0.002862,1,0
29.133000,-58.814556,201164.023419,-178.879524,203029.239871,61.266686,201798.391679,99.419981,660.360836,-20.931943,658.605890,-140.774368,664.272873,59.930732,-0.001678,1,0
29.167000,-58.689275,201032.349267,-178.746071,202742.657867,61.228205,200027.265672,99.428038,661.432420,-20.564393,666.687322,-140.811109,663.187599,59.936051,-0.004236,1,0
29.200000,-58.753821,201783.319638,-178.857265,200926.555494,61.323560,200512.477723,99.526760,666.594433,-20.691640,662.064571,-140.755528,665.933925,59.929185,0.010836,1,0
29.233000,-58.905045,200835.764040,-178.892435,201394.292971,61.230411,201808.665281,99.000330,669.839761,-20.646767,656.002169,-140.953762,658.487444,59.943408,0.010743,1,0
29.267000,-58.907758,202084.058556,-179.003883,201224.641126,61.210924,201802.335331,99.055250,658.528111,-20.828531,659.671092,-140.979399,658.082645,59.941139,0.002309,1,0
29.300000,-59.070220,200827.641655,-178.859558,203470.638398,61.126247,201820.445479,98.971350,669.529633,-20.882995,662.647826,-140.810195,659.541645,59.941717,0.006986,1,0
29.333000,-58.899893,200931.190534,-178.750379,202682.577735,60.964415,201122.096606,98.975602,668.262212,-20.815837,665.303782,-140.682091,658.219904,59.934084,-0.004842,1,0
29.367000,-58.760413,200518.862102,-178.955303,202939.904709,61.122562,202225.777912,99.578613,668.510284,-20.828952,663.485102,-140.687250,660.953730,59.929523,0.004809,1,0
29.400000,-58.944246,201154.063639,-178.842437,202145.364733,60.930538,200721.279143,98.986817,658.962299,-20.931101,666.727845,-141.235261,663.786601,59.935992,-0.010982,1,0
29.433000,-58.829112,200971.500874,-178.823576,202908.033285,61.051389,202540.640415,99.301940,658.107748,-20.981704,664.774120,-140.845462,659.345362,59.942482,-0.003857,1,0
29.467000,-58.881123,200769.324312,-178.996523,202218.774426,61.068873,202621.678936,99.159304,668.643142,-20.802953,660.853351,-140.891692,662.550906,59.944051,-0.004405,1,0
29.500000,-58.785055,201680.736836,-178.809354,199979.573086,61.269865,199891.136873,98.990390,664.009861,-20.652024,665.912823,-140.699495,663.467632,59.937968,-0.004457,1,0
29.533000,-58.877922,200970.305157,-178.819453,201668.660734,61.165155,200975.430787,98.975043,665.785261,-20.673240,657.375498,-140.818123,659.678754,59.928497,0.000430,1,0
29.567000,-58.944660,200917.406465,-178.834672,203770.531630,60.846538,201454.132983,99.220421,661.362536,-20.766044,654.433161,-141.011683,659.870152,59.929269,-0.000788,1,0
29.600000,-58.768364,201847.384302,-178.705855,202148.144703,61.041331,200638.556947,99.289568,664.220656,-20.584476,662.170532,-141.082468,662.282302,59.935137,0.004948,1,0
29.633000,-58.883229,201983.063971,-178.953137,201533.765368,61.212850,202571.084310,99.069348,656.479566,-20.948251,658.571757,-140.929862,659.303023,59.932489,-0.016659,1,0
29.667000,-58.973153,201285.182771,-178.901265,201645.471972,61.324711,202587.435782,99.131351,661.838705,-20.754134,659.975110,-140.647120,664.066507,59.942257,-0.001387,1,0
29.700000,-58.796595,201930.987767,-178.920314,202098.247102,61.145836,202612.940053,99.159270,661.999213,-21.266764,657.524983,-141.132363,659.676962,59.934779,-0.003390,1,0
29.733000,-58.940185,200028.038963,-178.738624,200632.095298,61.388388,201347.045912,99.419939,657.070240,-20.977746,657.918095,-140.242358,662.824000,59.931687,-0.004773,1,0
29.767000,-58.939510,202413.646034,-178.946053,201527.271989,61.062075,200969.636310,99.008919,654.855507,-20.707951,656.753199,-140.858559,655.989374,59.932695,0.001417,1,0
29.800000,-58.704370,201482.669008,-178.754080,201574.830040,61.084480,200913.029648,99.029500,654.134872,-20.895698,657.689062,-140.786858,657.532405,59.932310,-0.000228,1,0
29.833000,-59.026916,201927.128292,-178.866771,200359.471779,60.947299,201497.529376,99.050736,655.021972,-21.103033,659.812805,-140.919094,658.416125,59.934984,0.001462,1,0
29.867000,-58.941496,202913.393112,-178.853660,202085.474037,61.148736,200431.875995,99.081251,654.292497,-21.064238,655.290749,-140.965148,659.255295,59.935532,0.011939,1,0
29.900000,-58.717183,201968.770771,-178.776962,201680.490317,61.057181,201722.401738,99.066383,657.723273,-20.607487,653.159418,-140.867244,649.799134,59.936234,0.003644,1,0
29.933000,-58.790603,203880.845561,-178.900935,203671.627563,61.079375,202429.488543,99.426502,654.341130,-20.858338,651.783523,-140.727490,659.738562,59.932899,-0.000930,1,0
29.967000,-59.071450,200825.553150,-178.828940,201004.953061,61.040922,201712.142157,98.750821,652.732600,-21.025243,654.747110,-141.035296,648.206998,59.928534,-0.004330,1,0
30.000000,-58.793339,201868.244455,-178.934494,200063.355306,61.229071,201292.170391,99.001342,653.571952,-20.943749,660.469808,-140.522214,656.504284,59.933532,0.005553,1,0
