TIMESTAMP,BUS23_VA_ANG,BUS23_VA_MAG,BUS23_VB_ANG,BUS23_VB_MAG,BUS23_VC_ANG,BUS23_VC_MAG,BUS23_IA_ANG,BUS23_IA_MAG,BUS23_IB_ANG,BUS23_IB_MAG,BUS23_IC_ANG,BUS23_IC_MAG,BUS23_Freq,BUS23_ROCOF,DATA_PRESENT,Event
0.000000,-62.036986,205665.401596,177.701611,205673.977804,57.781011,205599.485415,95.983000,668.971153,-23.965241,663.952873,-144.406941,666.956466,59.974972,-0.003497,1,0
0.033000,-62.256115,205395.186534,177.706577,205865.390431,57.911245,207148.295438,95.749635,669.309422,-24.151000,669.180187,-144.134897,670.605828,59.973994,-0.004766,1,0
0.067000,-62.153236,207344.584291,177.881037,203367.702077,57.881760,205471.740188,95.522928,663.371706,-24.337457,666.700411,-144.119163,664.889776,59.966277,0.008564,1,0
0.100000,-62.463459,204348.471582,177.691006,206111.342011,57.814310,205635.267845,95.468126,667.720847,-24.422379,674.179660,-144.028642,666.043077,59.973294,-0.005194,1,0
0.133000,-62.356816,205241.722010,177.717392,206467.618136,57.844167,206437.319026,95.721451,675.482226,-24.096969,677.483022,-144.033591,668.843491,59.970952,-0.013753,1,0
0.167000,-62.107327,205553.635855,177.679856,205653.081698,57.879462,207248.522037,96.056083,666.512963,-24.536518,666.353804,-144.249865,667.758358,59.978999,-0.005016,1,0
0.200000,-62.230492,205540.405623,177.830109,203877.387534,57.682265,206201.366040,95.409305,669.249746,-24.107029,669.297642,-144.084226,669.479198,59.980233,-0.011555,1,0
0.233000,-62.192670,208060.713049,177.870838,207411.212172,57.628425,205856.716726,95.474591,669.561830,-24.303869,675.733342,-143.968922,668.443320,59.970756,-0.002059,1,0
0.267000,-62.163979,204762.403170,177.869678,206519.491347,57.739288,204884.508709,95.940482,669.279145,-24.161959,670.100861,-144.214639,665.308376,59.961088,-0.007472,1,0
0.300000,-62.288597,206075.699853,177.813265,207581.623477,57.894158,205899.755258,95.559260,666.842739,-24.107524,666.711798,-143.897444,670.996020,59.963105,0.006761,1,0
0.333000,-62.296794,204637.765534,177.854648,205009.394193,57.958809,207238.627954,95.780208,666.043871,-24.107099,663.251064,-144.426630,666.612223,59.962876,0.004788,1,0
0.367000,-62.243528,204716.202538,177.723446,204954.867199,57.763716,205891.939145,95.976004,672.567241,-24.289007,669.308841,-143.994891,666.210695,59.971150,-0.015825,1,0
0.400000,-62.398071,206430.784823,177.721142,204990.878443,57.628578,206028.035356,95.475749,667.983421,-24.638016,663.043181,-144.304025,661.238699,59.970912,0.006229,1,0
0.433000,-62.186524,207097.843165,178.003923,205777.576652,57.813879,205585.824121,96.022519,666.906621,-24.144727,675.856247,-144.408703,664.141162,59.966621,0.003965,1,0
0.467000,-62.363063,205861.307069,177.833103,205068.150232,57.924377,206007.099633,95.729920,663.759832,-23.993565,663.501365,-143.919970,669.802043,59.972134,-0.002333,1,0
0.500000,-62.177077,205657.950544,177.985595,207039.644686,57.826086,207154.091576,95.778940,667.281178,-24.359265,662.632497,-144.120470,670.158079,59.975589,0.005546,1,0
0.533000,-62.191949,206160.551716,177.824209,204803.502888,57.922908,205509.078193,95.872099,667.502756,-24.303055,665.291585,-144.216110,669.944469,59.967613,0.001718,1,0
0.567000,-62.269063,205747.047570,177.655783,205740.036084,57.822233,204080.464248,95.824540,673.906767,-24.264908,664.048854,-144.167754,664.291419,59.969798,-0.000317,1,0
0.600000,-62.186321,205797.242805,177.823635,204843.865370,57.790700,204067.068330,95.747920,666.322217,-24.068854,661.334169,-144.156075,667.596352,59.967925,0.004703,1,0
0.633000,-62.125821,204836.623240,177.737615,206918.204954,57.926884,205683.354356,95.736568,661.523380,-24.240680,661.414539,-143.734615,667.792894,59.973815,0.001585,1,0
0.667000,-62.115451,205078.707702,178.001779,205223.974149,57.847023,206405.602029,95.814690,661.697150,-23.875583,661.756824,-143.854254,662.792818,59.963928,0.004865,1,0
0.700000,-62.184014,205664.333509,177.833110,205769.391851,57.701295,204645.677087,95.767138,666.994063,-23.767414,659.848161,-144.227700,666.233596,59.969029,0.005666,1,0
0.733000,-62.244032,206952.677388,177.678251,204551.539745,57.855632,206318.082463,95.739873,667.275837,-24.349059,670.091074,-144.005282,667.161212,59.969586,0.001659,1,0
0.767000,-62.123309,205184.812068,177.849596,206444.035182,57.932985,205149.221233,95.721721,661.293239,-23.987793,667.318488,-144.087498,664.301227,59.969556,-0.021075,1,0
0.800000,-62.182309,204688.310385,177.842356,205152.130679,57.822942,207130.707089,95.806522,667.670783,-24.378582,664.777537,-144.189723,663.121547,59.972204,-0.017014,1,0
0.833000,-62.336690,205807.428531,177.659984,206384.519075,57.906170,206703.004608,95.918988,665.980156,-24.356663,668.978859,-144.375659,665.475736,59.972377,0.004537,1,0
0.867000,-62.151806,205048.202178,177.815478,206387.620335,57.816411,206308.254007,95.642593,660.997738,-24.118048,663.538573,-143.978665,660.304982,59.969299,-0.000178,1,0
0.900000,-62.294415,204312.646248,177.747702,204505.931415,57.864932,204142.029059,95.499665,665.680584,-24.545117,661.863978,-144.209130,664.081348,59.969137,0.006624,1,0
0.933000,-62.142858,206694.137359,177.818080,205756.151170,57.848832,206036.502392,96.206297,664.108859,-24.390759,666.046912,-144.453652,663.172989,59.968728,0.004749,1,0
0.967000,-62.251287,205342.353790,177.875061,205391.663562,57.849284,205176.853469,95.709060,668.698619,-24.158077,661.512705,-144.100675,665.360660,59.973719,0.013511,1,0
1.000000,-62.198637,205236.196030,177.733732,204543.273219,57.713193,205081.056479,95.850080,655.717624,-24.345036,651.666927,-144.100134,663.098394,59.979695,-0.002964,1,0
1.033000,-62.214085,205580.495381,177.924838,205203.102513,57.787032,205207.414574,95.825595,667.023199,-24.195172,665.029851,-144.420198,661.628449,59.972694,-0.004576,1,0
1.067000,-62.338372,205193.558904,177.779807,207418.156285,57.816119,205264.016786,95.422510,665.956298,-24.244485,661.997975,-143.925528,667.762936,59.969270,0.001353,1,0
1.100000,-62.160765,205438.089322,177.668509,204731.818980,57.730804,205385.102823,96.073215,672.608193,-24.370089,660.495154,-144.204714,663.403696,59.970634,0.004873,1,0
1.133000,-62.168975,206507.900502,177.805539,205813.777119,57.790391,205582.951278,95.934142,663.136569,-24.334239,665.821580,-144.152066,662.401245,59.974975,0.004670,1,0
1.167000,-62.379437,207395.284411,177.876305,206978.458707,57.913500,203163.517857,95.567426,665.888149,-24.071751,663.959976,-143.779405,662.813484,59.983416,0.001409,1,0
1.200000,-62.192136,206245.440627,177.659364,204755.036851,57.720271,205077.635505,95.652675,670.267818,-24.436543,667.532020,-144.345103,668.446873,59.958067,-0.000429,1,0
1.233000,-62.183206,206057.615535,177.478933,204069.720313,57.756100,205331.710692,95.949176,667.706722,-24.585805,665.837955,-144.400411,665.086458,59.976500,0.006713,1,0
1.267000,-62.220626,205526.954929,177.900698,206868.148894,57.595340,204387.272779,95.414346,670.330751,-23.961079,667.129251,-144.468640,663.998042,59.974355,0.005040,1,0
1.300000,-62.367221,204276.146615,177.819974,205057.086236,57.876110,206470.311331,95.542041,665.071850,-24.201983,668.191415,-144.382731,662.345615,59.970201,-0.003726,1,0
1.333000,-62.229633,204632.273467,177.738284,205193.713620,57.798284,205786.951254,96.061618,660.879335,-24.324760,666.036140,-144.372137,670.126189,59.973662,-0.000547,1,0
1.367000,-62.411896,205600.955084,177.721513,204764.739970,57.663697,205490.408550,95.553625,659.669220,-24.123650,660.782687,-144.382735,662.745692,59.956824,-0.012026,1,0
1.400000,-62.003304,206678.345373,177.750610,203610.552892,57.827814,204203.138984,96.301147,654.267267,-24.246938,657.561193,-144.181846,661.791612,59.965541,-0.008035,1,0
1.433000,-62.434101,207367.271121,177.498447,205993.331488,57.651670,205008.048720,95.387537,661.065007,-24.530276,665.348991,-144.414899,659.731276,59.969414,0.003140,1,0
1.467000,-62.109920,204559.553891,177.861057,203361.493779,57.585910,204886.970356,96.059236,664.028109,-24.411333,662.140612,-144.729541,664.106137,59.969509,0.007498,1,0
1.500000,-62.234954,205961.114897,177.574199,205657.811985,57.703109,206362.323887,95.492542,664.298380,-24.830001,658.415121,-144.592340,660.923331,59.974702,-0.010291,1,0
1.533000,-62.380097,201655.550593,177.788261,205548.999257,57.686172,206170.604490,95.818749,655.724431,-24.368537,664.782987,-144.308358,660.878297,59.973353,-0.003741,1,0
1.567000,-62.350186,204333.286932,177.759525,206681.456072,57.703508,204948.262103,95.525085,664.305939,-23.885394,665.379955,-144.350933,661.600435,59.979192,-0.003573,1,0
1.600000,-62.330846,203274.693992,177.673265,204499.852107,57.863217,205245.808590,95.566341,665.163256,-24.563548,669.645851,-144.149061,663.370456,59.973121,-0.003644,1,0
1.633000,-62.445427,204209.386302,177.755451,205918.486689,57.675076,205579.116443,95.801675,666.473236,-24.121752,666.840569,-144.573327,666.194826,59.968999,0.005994,1,0
1.667000,-62.270007,206436.331583,177.743910,203647.009499,57.803412,206112.702508,95.525988,660.133884,-24.045322,659.775606,-144.124836,660.233626,59.978667,-0.003929,1,0
1.700000,-62.359797,205081.927852,177.760331,205164.271611,57.828772,205646.045881,95.780529,665.409542,-24.289411,668.472449,-144.049612,666.386522,59.969992,-0.005437,1,0
1.733000,-62.435095,205672.201828,177.850003,206541.577422,57.963885,205520.943517,95.604117,662.303812,-24.468880,666.788910,-143.774305,664.849095,59.972047,-0.001353,1,0
1.767000,-62.452300,205582.088066,177.478311,205093.455183,57.788182,207336.199605,95.393226,663.473538,-24.697066,655.881191,-144.290649,660.995437,59.971313,0.000526,1,0
1.800000,-62.148601,206933.581297,177.776899,205294.523546,57.818708,206584.267062,95.744154,663.041872,-23.961830,664.684952,-143.881827,665.792417,59.969265,0.000708,1,0
1.833000,-62.253771,205322.165920,177.903559,206485.262562,57.861186,206826.654492,96.071688,661.631601,-23.840229,661.967902,-143.868437,669.302920,59.970441,0.011171,1,0
1.867000,-62.146332,206740.130050,177.904995,203932.250754,57.832399,207273.385309,95.994630,659.887500,-24.092488,664.722094,-144.251413,663.419757,59.972044,-0.010984,1,0
1.900000,-62.196921,206361.758044,178.028553,205386.190566,57.874137,204527.805653,95.588038,662.387313,-24.171571,663.307385,-143.894638,659.963044,59.981514,0.004834,1,0
1.933000,-62.250862,205779.208949,177.831763,205768.453729,57.855154,206109.229124,95.748541,654.443487,-24.470965,660.119487,-144.207516,663.693513,59.980825,0.003215,1,0
1.967000,-61.991753,206418.483730,177.745256,205478.948602,57.721618,206590.510528,95.928175,663.018488,-24.214363,656.344014,-144.198278,661.850742,59.977276,-0.002892,1,0
2.000000,-62.119241,205626.181296,177.924847,206730.921885,57.668997,209223.813926,95.946808,657.260515,-23.938311,658.828710,-144.623413,656.806550,59.984954,-0.005569,1,0
2.033000,-62.087219,205518.506618,177.615637,204779.591341,57.867841,205368.154193,95.825753,655.832944,-24.335405,658.945615,-144.183368,654.969836,59.981282,0.003908,1,0
2.067000,-61.946104,205754.111944,177.989386,205624.923077,57.801257,207632.660479,95.964335,650.440927,-23.437204,649.281433,-144.223385,652.315835,59.983940,-0.003790,1,0
2.100000,-62.136127,207369.144645,178.078836,207601.889908,57.999289,207855.396393,95.885780,653.197099,-23.547707,656.142301,-144.180477,657.953532,59.978590,-0.001477,1,0
2.133000,-62.140392,205425.986258,178.003405,205044.805033,58.118093,206019.523203,95.975976,653.499838,-23.749797,652.705788,-144.386169,655.390928,59.977833,0.001000,1,0
2.167000,-61.994041,207411.384722,177.900106,205286.261622,57.914098,206458.775506,96.165625,654.308028,-24.209309,659.066552,-143.990273,654.515321,59.975888,-0.003448,1,0
2.200000,-62.194761,205868.324810,177.963092,205203.765128,57.696787,205383.951984,95.663518,652.841391,-24.406668,658.296137,-143.979303,652.141412,59.979610,-0.003918,1,0
2.233000,-61.981601,205100.852129,177.841019,205757.456808,57.943889,207946.926789,95.863029,655.650426,-23.937531,659.297113,-143.862892,654.036037,59.985012,-0.007250,1,0
2.267000,-61.925351,207399.284568,177.924578,207194.158896,58.109800,205821.327569,95.865832,652.342076,-24.029010,657.425636,-143.615773,658.718381,59.970675,0.004232,1,0
2.300000,-62.026700,208178.190876,177.859188,204852.517402,57.913490,207177.714920,95.861181,660.592946,-24.092336,657.337058,-144.345618,657.807285,59.974689,-0.003868,1,0
2.333000,-62.022659,206097.213201,177.794248,207310.649370,57.937404,205442.577634,96.033327,662.104815,-24.258299,655.901119,-144.018128,657.106353,59.972876,0.001352,1,0
2.367000,-62.162285,206984.136685,177.647056,206708.180703,57.943033,205115.582473,95.918058,652.950782,-24.155938,648.750241,-143.930032,652.366246,59.976047,-0.008885,1,0
2.400000,-62.044753,206249.952907,177.862360,204588.870430,57.813855,207212.645386,95.781554,655.162827,-24.396728,655.887992,-144.059549,659.447979,59.981864,-0.000376,1,0
2.433000,-62.075139,206035.307245,178.158090,206534.698166,57.805469,205615.056839,95.806047,655.651881,-23.734264,653.384382,-144.207855,652.427373,59.969237,0.009690,1,0
2.467000,-61.983454,205925.199365,177.938113,206454.785576,57.798261,205582.881824,96.056891,658.759340,-24.177624,655.878174,-144.419199,657.105969,59.977912,-0.002154,1,0
2.500000,-62.082921,206533.001497,177.801065,206230.795942,58.224440,206375.570091,95.794435,658.610217,-24.130196,656.087837,-143.622237,652.067453,59.974625,-0.016033,1,0
2.533000,-62.073202,206304.789157,177.980596,204391.996184,58.084123,206733.842174,96.169210,648.791715,-23.829031,652.359188,-143.663919,655.780756,59.976609,0.008498,1,0
2.567000,-61.954680,206047.901165,178.070515,207969.838608,57.954602,205361.487135,95.962797,656.062723,-24.204203,647.027518,-143.689736,655.538146,59.973845,-0.002956,1,0
2.600000,-62.109564,205799.136760,177.887865,205148.846377,58.009441,207255.397392,95.964881,654.339075,-24.119899,650.977780,-144.050593,656.038496,59.975759,-0.012167,1,0
2.633000,-61.917039,207972.771674,177.968538,205609.885408,58.227524,206584.390253,96.206457,656.332414,-24.043023,653.839684,-143.864784,653.061058,59.981112,-0.004601,1,0
2.667000,-61.946773,205830.802282,177.905874,206483.585400,57.848425,206376.738104,96.154109,660.840522,-24.087167,653.805887,-144.098028,654.449903,59.982936,0.004175,1,0
2.700000,-62.244634,207520.750500,177.933146,206646.638826,57.917122,206910.054617,95.606375,656.594576,-24.112431,663.819033,-144.347850,658.350487,59.987218,-0.007992,1,0
2.733000,-62.046412,207103.541798,177.668308,207015.686101,58.000188,204142.905290,95.591620,651.601141,-24.577413,661.300773,-143.746376,661.360307,59.978596,0.007851,1,0
2.767000,-62.250345,204931.117295,178.060521,207310.022642,57.882677,206250.128107,95.767971,659.379428,-24.054335,651.104652,-143.811147,656.958994,59.982360,0.011321,1,0
2.800000,-62.026619,205279.412980,177.891665,204794.940631,57.964855,206242.905670,95.982823,657.527466,-24.051786,662.169790,-144.006545,659.008048,59.986050,0.008106,1,0
2.833000,-62.117220,205760.818168,177.855365,206813.847112,57.935155,204945.387612,95.782760,656.064720,-23.998519,655.115660,-144.000610,654.094357,59.987642,-0.002944,1,0
2.867000,-62.087279,206905.820466,177.953188,205857.352232,57.918991,205468.411809,96.109037,661.150413,-24.207434,664.521036,-143.986468,661.028642,59.988652,0.010258,1,0
2.900000,-61.996915,206186.389890,177.877826,205389.030010,57.919185,204769.232604,95.794373,665.262198,-24.121066,653.712584,-144.163337,660.125112,59.979404,-0.015713,1,0
2.933000,-61.907860,205622.282194,177.876171,206438.024525,58.122923,206034.973747,96.225375,667.743786,-24.093826,667.570816,-143.794167,663.634670,59.980973,-0.004218,1,0
2.967000,-62.164806,206036.866340,178.012189,207109.852630,58.057661,204371.812733,95.906398,665.852347,-24.133960,663.484814,-144.060463,658.205152,59.980658,0.002306,1,0
3.000000,-61.908259,203426.090291,177.900957,205887.150579,57.948876,206043.962310,96.004791,658.679122,-24.053049,660.895949,-144.631131,664.508828,59.984877,0.000823,1,0
3.033000,-61.899418,204551.702118,177.997954,205665.661478,57.951030,205523.124627,96.204273,659.507596,-24.177876,660.017200,-144.474131,661.403568,59.986784,0.002004,1,0
3.067000,-62.054920,206163.046667,178.066825,205312.797149,57.975051,205551.880810,96.182474,659.900881,-24.059505,662.488788,-144.100572,659.056167,59.983991,-0.005591,1,0
3.100000,-62.167884,205210.394085,178.025304,205628.394667,58.076045,208309.845430,95.615235,653.259453,-23.898909,652.089978,-144.212737,659.279780,59.983212,-0.008459,1,0
3.133000,-61.894814,205404.420838,178.057404,205697.054486,58.120861,206667.232432,95.968041,663.935843,-23.917135,662.286627,-143.678265,657.358915,59.978968,0.004977,1,0
3.167000,-61.965649,206062.862594,177.988512,206492.779367,57.956621,205085.566493,96.099842,662.912154,-23.911277,665.310380,-143.906436,658.855143,59.977942,0.003046,1,0
3.200000,-62.042267,205630.734949,178.031514,205660.684365,57.997261,204703.845099,96.241176,665.082151,-23.932114,662.703570,-144.026653,663.109458,59.972991,0.008087,1,0
3.233000,-61.996465,204108.610509,178.082461,205816.961272,57.985207,205634.224014,95.948733,663.653190,-23.808737,656.045716,-144.229190,662.225142,59.978842,0.001755,1,0
3.267000,-61.780791,204200.403489,177.988103,203201.338494,57.977805,205806.243734,96.041454,659.931594,-23.838102,663.539934,-144.085256,665.287173,59.977444,0.004673,1,0
3.300000,-62.066221,203633.004391,178.145532,204569.776625,57.910197,204891.262247,96.143757,659.401995,-23.710004,661.057793,-144.143124,656.892307,59.983519,-0.009295,1,0
3.333000,-62.057524,205222.131246,177.984293,204694.202536,58.028638,204236.661120,95.934349,652.932382,-24.122879,661.574138,-143.793282,658.875581,59.981297,0.001866,1,0
3.367000,-62.049342,206549.099686,177.918732,205558.677600,58.033865,204976.525162,95.840672,660.171577,-24.513348,658.851820,-144.148058,662.657449,59.977868,0.006176,1,0
3.400000,-61.955419,207516.055551,178.084423,205972.561720,57.977889,204286.806099,96.064887,659.953118,-24.022014,671.158533,-143.802942,668.640795,59.973926,-0.001802,1,0
3.433000,-62.078793,204748.865698,177.907502,203104.758290,57.870925,206843.460621,96.014343,660.098793,-24.083521,662.015326,-143.867949,664.110941,59.973755,-0.011280,1,0
3.467000,-62.048579,206001.404460,177.825361,206623.824329,57.912320,206064.761523,96.300533,659.969506,-24.059850,663.891333,-144.059661,660.355168,59.970216,0.008683,1,0
3.500000,-62.096904,205548.196154,177.936435,206688.015583,57.870852,207409.772848,95.945717,667.455696,-24.282761,669.492070,-143.981679,662.045571,59.973902,0.000436,1,0
3.533000,-61.965092,205943.081340,178.062871,204697.900553,58.024978,205160.377109,95.903259,663.939294,-23.963335,665.568814,-144.056905,658.803685,59.974089,0.003371,1,0
3.567000,-62.105854,205231.404190,178.077243,204070.862653,57.976557,206269.418188,95.876872,663.632918,-23.990584,658.732503,-143.901302,664.032755,59.978360,-0.002121,1,0
3.600000,-61.973761,205519.257070,177.977693,203130.424091,58.023902,206181.553616,95.878108,663.844626,-24.307848,665.094635,-143.907589,662.458817,59.979727,-0.004103,1,0
3.633000,-61.909801,205685.941229,178.141476,205100.403530,58.076393,203883.461540,96.194257,669.654082,-23.588954,653.082685,-144.038176,658.318934,59.971632,0.011648,1,0
3.667000,-62.205108,204828.123142,177.994986,206170.729458,57.952973,204815.326437,95.465288,656.688263,-23.871819,664.029885,-144.373781,658.579038,59.969485,0.002742,1,0
3.700000,-61.883367,205368.396261,178.013263,204918.362415,57.812317,205436.157447,96.070671,656.384469,-23.955160,651.900700,-143.932530,656.149301,59.976284,-0.007128,1,0
3.733000,-61.943621,205298.299622,178.091032,204155.074176,57.932262,205951.013606,95.943074,655.653962,-24.258434,660.050249,-143.937082,649.272617,59.971061,0.004731,1,0
3.767000,-62.011982,204122.604634,178.075465,205985.178266,58.266672,205191.008560,95.715015,653.901159,-23.942244,654.382657,-143.801783,659.531908,59.973268,-0.007648,1,0
3.800000,-62.106920,203564.000349,178.110993,204316.104910,58.089825,203032.391252,95.956679,659.941734,-23.910128,660.143309,-143.867343,657.443122,59.967957,-0.003128,1,0
3.833000,-62.199636,204506.735187,178.021907,205250.357359,57.751508,203885.002337,95.908546,657.302866,-23.954032,658.852839,-143.855986,651.373226,59.973932,0.002531,1,0
3.867000,-62.086055,205214.513467,177.887164,204953.924533,58.103408,204619.392163,95.914484,652.228671,-24.066093,652.877042,-143.995432,659.457514,59.972995,0.008588,1,0
3.900000,-62.061490,207078.950365,177.823572,205767.672696,58.063574,204811.732428,96.010578,651.860270,-23.905556,656.347071,-143.894278,653.928701,59.965489,0.004126,1,0
3.933000,-61.995428,203061.425918,177.920461,205560.730972,57.999647,205022.748312,95.846027,651.447884,-24.265589,654.326882,-144.079519,656.058160,59.971200,-0.001008,1,0
3.967000,-62.094186,205383.362559,178.110257,205217.916921,57.847620,205694.128307,96.078721,654.067628,-23.912820,653.683895,-144.173247,654.626685,59.967815,0.004557,1,0
4.000000,-62.123455,204612.756446,178.093323,205812.901799,57.997165,205361.528490,95.887025,649.684398,-23.761312,653.078276,-144.061579,653.508316,59.964747,0.002546,1,0
4.033000,-61.761459,206726.678630,178.062157,206797.232212,58.152543,205081.773147,96.371921,655.464923,-24.021944,651.398336,-144.105762,656.000400,59.970264,-0.017178,1,0
4.067000,-61.878884,205186.137846,178.016341,205731.070089,57.820239,205688.582936,95.806555,648.312107,-23.718082,656.145712,-144.179619,645.530871,59.970056,-0.009205,1,0
4.100000,-62.156973,206245.794545,177.974391,202841.368000,58.185198,205731.080742,95.865155,658.713037,-23.811456,642.974924,-144.007686,661.573273,59.963684,0.000759,1,0
4.133000,-62.079878,204895.569247,177.939919,205651.112293,57.887755,206135.271894,95.861944,656.602382,-23.798668,652.083926,-144.236954,655.192319,59.966192,0.004258,1,0
4.167000,-62.323231,205283.593578,177.794928,205156.930917,57.804172,205666.020031,95.641352,659.865621,-24.180898,653.631463,-143.764341,648.162823,59.961857,-0.005829,1,0
4.200000,-62.178126,204773.714988,177.785316,206747.829311,57.905447,205551.023811,95.764768,655.707831,-24.356645,657.537531,-143.951762,653.082934,59.964402,-0.013479,1,0
4.233000,-62.095178,204196.129290,178.191280,204477.414857,58.014824,203422.138897,95.928343,660.128708,-23.988756,660.019419,-143.898391,658.785405,59.965692,0.001572,1,0
4.267000,-62.058416,204802.574179,178.010213,204754.185646,57.810859,204801.903174,96.090663,660.085948,-24.113675,655.487305,-144.182673,664.040767,59.966447,0.003413,1,0
4.300000,-62.029982,204666.251032,178.079760,203393.474519,57.893582,206793.280671,96.042954,659.832878,-23.804294,664.906203,-144.006206,660.994951,59.963816,0.009648,1,0
4.333000,-62.066451,205673.418371,177.801847,204210.254217,57.832091,205671.169136,95.832917,665.060715,-24.184501,661.789884,-144.106443,659.216100,59.969568,-0.002457,1,0
4.367000,-61.974653,204154.230803,177.934625,204595.141493,58.125256,204923.752954,95.813737,662.344002,-24.127438,669.247666,-143.767601,660.770046,59.972140,0.008822,1,0
4.400000,-62.059275,205812.776884,177.883422,205046.172178,57.942905,204636.559483,96.121205,658.804575,-24.142401,656.252372,-144.192577,660.247808,59.970987,-0.003965,1,0
4.433000,-62.332056,206867.269628,177.916091,204967.760284,57.930697,203979.324198,95.491554,651.122585,-24.160094,656.987617,-144.131962,667.832157,59.972761,-0.002004,1,0
4.467000,-62.152650,205825.018686,177.990082,205510.625936,58.097187,206059.509754,95.973656,651.377746,-23.799185,656.552041,-143.783134,655.044154,59.972513,-0.005087,1,0
4.500000,-61.966898,206636.921643,177.817829,203373.477646,57.861401,204256.675784,95.918213,653.634019,-24.006679,651.360415,-144.424202,656.313501,59.969074,0.010345,1,0
4.533000,-62.270508,204712.302660,177.695849,204614.690611,57.846665,204422.170714,95.608141,658.808283,-24.592685,655.834171,-144.378970,656.778243,59.963583,-0.002331,1,0
4.567000,-62.054086,206129.947003,178.033586,204914.442537,57.858955,205521.445057,95.879176,652.652914,-24.010498,654.609674,-144.325178,654.877069,59.971628,-0.004011,1,0
4.600000,-62.299901,203508.392621,177.889858,205635.556484,57.839575,206024.219745,95.447439,650.642135,-23.830325,653.070864,-144.382222,652.689043,59.962118,-0.006432,1,0
4.633000,-62.096132,204361.105473,177.989955,204998.876648,57.734982,205674.322287,95.561499,647.534248,-24.124073,649.559388,-143.966293,660.172330,59.961147,0.002770,1,0
4.667000,-62.103619,205546.592777,177.948969,205807.672092,57.811804,205130.392488,95.668230,654.870023,-23.884134,655.773803,-144.149086,650.354466,59.969796,-0.001768,1,0
4.700000,-62.064319,204934.064422,177.935934,205026.562247,58.102852,205316.018202,95.651395,653.178005,-24.203998,653.701911,-143.875346,650.798059,59.965966,0.003042,1,0
4.733000,-61.938330,205553.471255,178.039687,205058.755616,57.762464,207595.335884,96.191730,647.598601,-23.954978,654.904982,-144.244154,656.147508,59.966487,-0.005298,1,0
4.767000,-62.050812,207824.750254,177.964859,205107.722114,57.922612,205697.869202,96.133210,654.290330,-24.089787,652.179426,-143.849109,653.495131,59.964300,-0.012663,1,0
4.800000,-61.819677,206158.262286,177.939470,206714.678536,57.909707,205911.300070,96.436198,646.775659,-23.932205,654.415110,-144.029975,649.385725,59.969051,0.005613,1,0
4.833000,-62.066460,207574.692059,177.990322,205278.648441,57.950299,204191.466774,96.011451,662.400915,-23.778816,647.651786,-143.828554,650.499809,59.972123,0.005948,1,0
4.867000,-62.026777,205057.189732,177.996694,205023.856158,58.138010,204302.694512,96.204146,656.572556,-24.016577,652.852233,-143.982538,654.986567,59.963569,-0.013556,1,0
4.900000,-62.115218,206166.916136,178.064816,204256.886434,57.932600,205498.625802,95.768545,642.890980,-23.857466,648.353308,-143.905321,657.334434,59.966393,-0.005245,1,0
4.933000,-61.890279,205248.492202,178.020705,204883.766084,57.930619,205149.301386,96.267664,649.066116,-23.930311,651.856703,-144.180971,653.078001,59.968999,0.003893,1,0
4.967000,-61.922292,204363.470381,177.977120,204497.239845,58.091238,205137.095235,95.965884,652.282719,-24.268090,643.140513,-143.939303,644.610228,59.967418,-0.011396,1,0
5.000000,-61.994543,203674.574232,178.208027,205740.322791,58.026671,206074.070474,96.006135,651.237053,-23.870004,647.525461,-143.694986,650.281312,59.964322,-0.006049,1,0
5.033000,-62.058744,205393.396513,178.101847,206017.302988,57.911973,204835.125866,95.992557,649.221740,-23.714833,649.220842,-143.916375,649.897210,59.966951,-0.003097,1,0
5.067000,-61.942543,204194.068481,178.068272,205956.220530,57.950014,204914.067461,96.185241,653.968680,-23.919264,647.354000,-143.934102,644.488096,59.971012,0.004187,1,0
5.100000,-62.154433,205348.746785,177.918696,206604.531081,57.986681,205662.995383,96.155024,655.426157,-23.961793,649.159282,-144.061917,656.838906,59.970204,0.008621,1,0
5.133000,-62.134581,207498.321260,178.087773,205329.155290,58.064054,204906.605118,96.061475,656.160510,-24.118199,653.929289,-143.964097,649.398734,59.969964,0.003417,1,0
5.167000,-61.892281,206514.473817,177.969952,206454.820471,57.955053,206031.546872,96.093596,654.350230,-24.170927,645.554379,-143.836587,651.967399,59.975707,-0.003436,1,0
5.200000,-62.010592,206280.787097,177.963234,206421.534316,58.070471,204411.900769,95.739077,651.761700,-24.247577,649.934871,-144.232372,650.843599,59.964264,0.007476,1,0
5.233000,-62.071956,206743.969333,177.869708,204484.615538,58.067078,205624.310766,95.951784,651.322575,-23.826103,654.477787,-144.189871,650.765606,59.972532,-0.009836,1,0
5.267000,-62.065941,206052.090523,178.003821,203817.686895,57.930371,204311.670580,95.433225,650.943710,-24.291387,654.624030,-143.845594,657.327574,59.970498,0.002961,1,0
5.300000,-61.935123,206129.084886,178.070002,203615.371013,58.052002,205341.848915,96.041221,655.960199,-23.888103,658.084208,-143.842259,652.176351,59.963392,-0.014659,1,0
5.333000,-61.818858,204979.529720,178.008581,205732.645935,58.087543,204839.205900,96.111698,651.562210,-24.119436,658.079323,-143.866121,654.516113,59.960938,0.001125,1,0
5.367000,-62.232978,205900.788108,177.896907,204347.923042,57.958147,204980.805843,95.738919,662.035855,-23.923160,647.291874,-143.988347,649.125199,59.977164,-0.002622,1,0
5.400000,-61.972005,205776.641885,178.033369,205808.702987,58.010600,206486.489743,96.235080,660.799893,-24.085307,661.663952,-144.170734,654.762660,59.971791,-0.001837,1,0
5.433000,-62.303806,204945.625196,178.047300,205764.899177,57.945300,204653.692982,95.843827,656.835969,-23.870365,655.782163,-144.266224,657.320763,59.968763,0.004397,1,0
5.467000,-61.920502,205174.369857,177.957155,203768.991714,57.855833,206268.539878,96.247072,649.568491,-24.063530,655.655965,-144.114355,656.569012,59.974826,0.019205,1,0
5.500000,-62.012175,206745.858593,177.899595,204333.659194,57.917714,206252.775060,96.092794,655.486896,-24.135595,655.679750,-144.401722,650.215646,59.980763,0.002177,1,0
5.533000,-61.972658,205434.997704,177.931753,206445.465457,58.002355,205502.894406,96.083507,654.373612,-24.057631,651.279733,-144.116735,653.724171,59.966632,-0.001330,1,0
5.567000,-61.886670,206088.436397,178.065511,203102.668196,58.024262,206831.571907,95.955549,653.995815,-24.011393,649.748985,-143.712925,653.849421,59.965006,0.001412,1,0
5.600000,-61.812519,204843.987544,177.863019,205451.002864,58.036071,206076.926864,96.257914,649.299029,-23.932493,652.896989,-144.082813,654.316955,59.972561,0.004419,1,0
5.633000,-62.102529,205391.344364,177.923899,205111.728904,57.982033,205122.888503,96.261880,656.034402,-24.003020,655.215971,-143.963770,654.704878,59.965689,-0.003895,1,0
5.667000,-61.869988,205103.641943,177.893733,206489.348829,57.934529,205780.937140,96.307568,648.751701,-23.981660,652.381083,-144.075559,653.687933,59.974422,-0.001657,1,0
5.700000,-61.955404,204746.217315,178.035538,206956.355458,57.994602,205427.910796,96.054846,652.972527,-23.831614,658.858854,-144.135811,658.993381,59.969337,-0.003002,1,0
5.733000,-61.965336,204802.871507,177.859858,205644.526780,57.995384,207320.595903,96.160271,656.498573,-23.988607,653.227890,-143.737676,648.394669,59.976722,-0.002221,1,0
5.767000,-61.975172,205946.389653,177.939198,207262.060015,58.006251,207129.193666,96.152302,655.195575,-24.446936,650.721631,-143.971576,652.711961,59.965196,-0.005218,1,0
5.800000,-62.010171,204950.164369,177.938655,205415.660810,57.956294,205589.353701,96.246218,652.195061,-23.780747,648.787664,-144.041989,652.407665,59.971313,0.006950,1,0
5.833000,-62.218545,204671.743512,177.846656,205821.769154,57.839351,206434.167466,95.782094,654.058274,-23.901058,651.883917,-144.453836,650.966195,59.966904,-0.014361,1,0
5.867000,-62.016240,207303.094655,177.785903,205470.001742,58.205079,206228.060321,96.127693,657.530746,-24.736370,657.799558,-143.658771,658.279344,59.976703,-0.005398,1,0
5.900000,-62.021831,204412.730047,178.019343,206727.105772,57.985554,204585.408494,95.579387,658.893374,-24.084502,657.029041,-143.863636,660.213582,59.964493,-0.005118,1,0
5.933000,-61.851140,205932.776892,178.106682,206833.787520,58.009189,205438.267434,95.798240,666.575506,-23.968045,661.437822,-144.260453,666.045016,59.963446,0.009868,1,0
5.967000,-62.166454,204897.178646,177.987828,205137.821000,57.975632,205788.230462,95.751393,658.466185,-24.629309,661.291596,-144.072810,653.930569,59.964552,0.003007,1,0
6.000000,-62.007833,206268.618613,177.821027,204170.093974,58.013622,206459.701225,96.013708,665.538479,-24.640787,663.753632,-143.978616,656.230513,59.972036,-0.008654,1,0
6.033000,-62.208470,205568.642586,177.879197,205823.342905,58.130441,206314.023551,95.858700,660.746884,-24.049079,665.208085,-144.246516,652.635769,59.967669,-0.000447,1,0
6.067000,-62.072819,207201.573878,177.738827,206411.690678,57.989927,207160.034369,95.959645,658.836550,-24.360327,653.262361,-144.052891,660.718009,59.976764,-0.000689,1,0
6.100000,-62.024988,206192.186015,177.882199,205105.256277,58.006818,205628.879497,95.717370,653.578206,-23.848681,650.124269,-143.957793,650.880615,59.975476,-0.008744,1,0
6.133000,-62.095959,206544.777786,177.920153,204177.767030,57.871585,203758.642039,95.865553,658.439073,-24.104200,669.031384,-143.873646,655.920119,59.973715,0.001977,1,0
6.167000,-62.190361,205991.631179,177.922768,205451.315052,58.046248,208943.383280,95.880759,655.152660,-23.903588,653.429996,-143.818830,653.700014,59.979338,0.002312,1,0
6.200000,-61.935509,206672.409463,177.897783,206295.019127,57.966371,206500.909511,96.210979,657.251627,-24.074372,655.796973,-143.979605,656.943529,59.974701,-0.004571,1,0
6.233000,-61.815106,206621.557966,177.961386,205924.096452,57.983674,205190.718263,96.324149,653.969633,-24.046403,656.674417,-144.045189,653.687792,59.976368,0.004539,1,0
6.267000,-61.892509,206311.493252,177.875823,205859.041945,57.971916,204730.059821,95.830183,659.208843,-24.500794,660.129948,-144.203723,659.905410,59.976006,-0.000790,1,0
6.300000,-61.901936,208288.624147,178.047536,205889.853326,58.167636,206051.911538,95.943672,655.312508,-23.833215,651.115057,-143.563434,659.577455,59.974074,0.003936,1,0
6.333000,-61.845812,205558.652364,177.967063,207319.652275,57.827889,204588.261586,96.525109,659.161025,-24.305371,652.350552,-144.138032,656.566051,59.968054,0.004150,1,0
6.367000,-61.847976,206524.906926,178.052825,205213.254017,58.223444,205454.577717,96.323536,659.701434,-23.661469,656.878444,-143.742343,657.154072,59.968402,-0.001689,1,0
6.400000,-61.858219,207393.585358,178.042949,207564.326834,57.986074,207192.513868,96.331635,657.468366,-23.825291,660.802293,-144.122905,660.779228,59.971729,-0.005470,1,0
6.433000,-61.966887,205890.424737,178.089998,206424.485189,58.086559,205797.655187,96.009172,665.211487,-24.185912,660.456847,-143.866292,658.386039,59.967382,-0.005962,1,0
6.467000,-61.891054,206899.865122,178.041242,206389.791728,58.036188,206572.160125,96.025414,665.580867,-23.820702,659.280109,-143.951017,660.484322,59.969502,0.007197,1,0
6.500000,-61.968881,205739.347874,178.060104,208202.565302,57.973295,205385.533880,96.120078,659.587194,-23.642161,660.824650,-144.129439,661.047816,59.971355,0.001307,1,0
6.533000,-61.987326,207903.344239,178.036669,205901.341605,58.042900,206555.120840,95.756459,661.702202,-23.870619,659.522467,-144.079389,652.175736,59.971521,0.002323,1,0
6.567000,-62.050154,206858.935769,178.171963,207943.200898,58.145970,207204.153493,95.949459,657.527245,-23.899664,661.835818,-144.363303,655.531846,59.965836,0.001018,1,0
6.600000,-62.032228,205364.292410,178.035879,207968.516107,58.214040,206812.505259,95.959785,649.960929,-23.997365,656.328769,-143.728027,657.158768,59.970914,0.001308,1,0
6.633000,-62.003727,207826.184152,178.058189,208159.930225,58.161059,207294.577694,96.003026,653.820926,-23.887511,659.620726,-143.886287,657.875119,59.962863,0.001352,1,0
6.667000,-61.896191,207629.529787,178.138830,206985.521199,58.055066,208544.975605,96.133647,656.701779,-23.978632,659.551726,-144.166891,654.188797,59.973132,0.000506,1,0
6.700000,-61.962198,205627.943390,177.876641,206082.740650,57.956900,206569.612764,95.785510,661.030160,-24.129104,657.836540,-143.939364,660.993623,59.969727,-0.012513,1,0
6.733000,-61.955031,206788.693650,178.036519,206477.662738,58.062004,204688.032445,95.987099,661.460056,-23.962860,660.769599,-143.585943,667.549087,59.972884,-0.005023,1,0
6.767000,-62.041505,207797.830553,177.998056,208251.687074,57.922969,207231.153971,95.987273,659.031684,-23.928119,660.178678,-143.845711,661.836492,59.965938,-0.004580,1,0
6.800000,-62.041324,206297.635365,178.054752,206616.285724,58.036491,206653.963196,96.150066,660.299421,-24.214269,664.536201,-143.919761,660.555896,59.964977,-0.000114,1,0
6.833000,-62.112308,207013.038963,177.990748,206731.494614,58.023755,208638.071166,95.834070,656.410461,-24.241716,658.813691,-143.824951,655.702178,59.977956,0.012565,1,0
6.867000,-62.080338,206151.823897,178.078895,207675.000385,57.904719,207360.796684,95.974187,661.335142,-24.217833,657.904544,-143.974244,654.151004,59.978695,-0.009564,1,0
6.900000,-61.968503,206966.346646,178.194447,205607.212765,58.064026,207916.063567,95.911236,658.809630,-23.652416,661.317810,-143.998796,660.592085,59.971863,-0.004385,1,0
6.933000,-62.073922,208050.525210,178.091613,207735.003245,58.203138,207461.674652,95.887595,652.569685,-23.942905,662.408009,-143.568047,660.680443,59.966970,-0.007210,1,0
6.967000,-61.814711,208223.748569,177.994002,207805.967588,58.010031,208227.368145,96.160313,665.024910,-24.044406,657.757985,-143.763764,664.540917,59.973560,-0.008171,1,0
7.000000,-62.058225,208564.889227,178.062885,207914.029208,57.887697,208089.573410,95.730744,660.979710,-23.818820,657.156294,-144.221495,656.720680,59.974595,0.000801,1,0
7.033000,-62.032043,206272.136225,177.991982,207880.205461,57.930902,206816.682144,95.819169,663.295029,-23.827059,664.982108,-143.892936,664.390704,59.975656,-0.001210,1,0
7.067000,-62.205960,207883.949248,177.960327,207012.890642,58.048426,208213.561093,95.934697,664.456734,-23.927787,658.187075,-143.683498,659.938870,59.964503,-0.001531,1,0
7.100000,-61.896524,207692.371335,177.855955,207071.598535,57.974294,206589.281989,95.879224,665.917559,-24.291931,660.696032,-143.933721,657.163846,59.972743,-0.002109,1,0
7.133000,-62.194265,206913.216826,178.106590,207758.230353,58.109023,206192.170052,95.745173,660.284057,-23.644075,660.966141,-144.001875,661.283272,59.968963,-0.006349,1,0
7.167000,-62.129136,208310.843412,178.023468,206797.624894,57.904059,205794.950575,95.836782,658.844747,-23.769065,659.263018,-144.003161,664.457669,59.964340,-0.000410,1,0
7.200000,-62.148199,206384.722013,177.962481,206335.871798,58.301345,207193.964476,95.936849,662.949755,-24.036103,659.366038,-143.616417,660.763900,59.963232,-0.000593,1,0
7.233000,-62.169486,207003.189952,177.924948,206932.393933,57.933618,204221.954802,95.626625,666.791278,-24.123471,659.515790,-143.999082,661.308365,59.960237,-0.006833,1,0
7.267000,-62.043368,207287.167683,177.979786,205389.731277,57.973921,207443.736842,95.848666,662.416830,-23.801360,657.910710,-143.955436,648.684261,59.964949,-0.001923,1,0
7.300000,-62.367124,207441.646543,177.888141,207070.087623,57.921701,207597.617123,95.764369,657.981796,-24.235205,656.129425,-144.137826,662.595150,59.956410,-0.007382,1,0
7.333000,-62.190468,205982.878730,177.872508,205879.497841,57.886622,206627.824393,95.814875,663.577890,-24.418374,662.216529,-143.973510,659.369615,59.950165,-0.008182,1,0
7.367000,-62.112928,205965.640124,177.853647,206472.356148,57.775959,205824.948871,96.177554,662.341209,-23.809584,656.998765,-144.206530,662.718622,59.950204,0.002367,1,0
7.400000,-62.301287,206739.635093,177.987835,206716.625384,58.035399,207767.156649,95.656977,656.598340,-23.973590,660.379968,-144.083081,654.926805,59.960614,-0.002749,1,0
7.433000,-61.970700,207188.485892,177.822850,207155.864499,57.882213,206430.323723,96.191449,654.112183,-24.187974,656.966696,-143.991880,651.661838,59.960675,0.003992,1,0
7.467000,-62.187588,206135.593449,178.071972,207250.758814,57.812878,206740.827737,95.611237,659.508125,-23.887017,656.157675,-144.073355,654.984621,59.959618,0.000922,1,0
7.500000,-62.110096,206215.416812,177.964406,206897.526538,57.998964,206619.100320,95.786097,656.987293,-24.041709,654.380113,-144.019592,660.315577,59.955935,-0.008710,1,0
7.533000,-62.164862,209005.635820,177.885480,208449.136545,57.964827,206085.323693,95.453062,658.966128,-23.916367,657.428036,-143.737081,651.053817,59.951506,-0.011819,1,0
7.567000,-62.290700,207583.019796,177.835819,208131.046942,57.816460,206415.081302,95.645769,653.994444,-24.176264,654.646102,-143.916317,653.856746,59.952239,0.010955,1,0
7.600000,-62.097995,208199.882641,177.931169,207166.275525,57.760424,207621.349710,95.954191,658.935260,-24.084156,651.472099,-144.262484,654.778255,59.944275,0.011046,1,0
7.633000,-62.065914,206814.120915,177.864610,207783.463802,57.924090,207000.544881,95.970290,661.166347,-24.233543,653.589896,-144.290215,653.721935,59.959031,-0.001874,1,0
7.667000,-62.075119,207978.577083,177.781939,206938.705883,58.002235,205412.231344,96.068973,655.421296,-24.132007,657.328639,-144.488261,661.067087,59.961340,-0.001148,1,0
7.700000,-62.068312,206992.323481,178.053298,208823.210828,57.883297,206647.182087,96.020392,660.179679,-24.033633,648.661233,-143.485565,652.828193,59.952491,0.003425,1,0
7.733000,-62.237295,208037.648115,177.784389,206475.845483,57.873938,206449.668178,95.783736,659.983499,-24.311003,656.563850,-143.824297,656.852659,59.949868,-0.006485,1,0
7.767000,-62.022451,207982.080512,177.801803,207200.130412,57.770210,208454.866758,95.996037,649.626352,-24.157136,658.714512,-144.231837,652.676795,59.960402,0.005100,1,0
7.800000,-62.090269,206948.126938,177.699877,206525.252994,57.776232,207359.230280,95.909318,658.961345,-24.552067,652.874322,-144.751691,651.676663,59.961810,0.006823,1,0
7.833000,-62.158148,206009.070990,177.869189,208777.768077,57.870393,206491.099496,95.961856,652.954745,-24.486373,645.776977,-144.325893,650.981685,59.953691,-0.003686,1,0
7.867000,-62.364058,207628.510414,177.729489,208062.707394,57.849426,207123.310698,95.745662,653.565374,-24.440742,659.239658,-144.481100,648.378882,59.956058,0.001780,1,0
7.900000,-62.049383,207666.081030,177.894105,206675.343538,57.814002,206436.441760,95.752856,647.570057,-24.214635,653.338898,-144.131215,644.785589,59.957572,0.004448,1,0
7.933000,-62.034473,208202.477867,177.766304,207178.623898,57.969774,206988.370809,96.034255,655.250487,-24.069932,653.330420,-144.334977,651.823562,59.952225,-0.003770,1,0
7.967000,-62.311068,207899.742001,177.842023,206889.409424,57.758370,207979.121606,95.703879,653.877793,-24.408064,650.504202,-143.966082,648.798985,59.954400,0.004120,1,0
8.000000,-62.061181,206589.046951,177.939605,206844.847562,57.835487,206794.817008,95.865361,658.278497,-24.024967,651.734440,-144.239795,651.018861,59.952570,0.022425,1,0
8.033000,-62.155273,208086.371714,177.679683,205524.907097,57.835866,208061.386202,95.917461,655.489338,-24.380205,658.097157,-144.392504,658.807752,59.951720,0.000031,1,0
8.067000,-62.186143,206977.451501,177.659315,203917.532624,58.088014,207558.321028,95.692773,657.352475,-24.130751,660.942085,-143.927368,656.914154,59.965175,0.011840,1,0
8.100000,-62.157351,206519.206672,177.789054,207344.910274,57.727359,208745.037954,95.943326,659.105767,-23.974613,659.869544,-144.390220,664.323907,59.961211,0.006077,1,0
8.133000,-62.253676,206727.809263,177.918450,207002.121693,57.919068,205282.562472,95.647194,660.825351,-24.234958,661.990996,-144.216850,664.723892,59.961105,0.002779,1,0
8.167000,-62.246621,207730.397878,177.825813,206948.701786,57.863316,206357.644436,95.924713,653.770126,-24.347602,658.174050,-144.225371,659.674306,59.960536,0.005555,1,0
8.200000,-62.118667,207565.327795,177.801506,206704.029217,57.803610,206336.123528,96.179744,663.694056,-24.276338,661.948107,-144.209624,660.539511,59.961435,-0.005737,1,0
8.233000,-62.201654,206593.827395,177.702596,208448.920780,57.752550,206578.268911,95.686854,653.369713,-24.417912,662.168468,-144.226892,661.614145,59.963333,-0.001381,1,0
8.267000,-62.302615,208354.826425,177.717244,207595.767644,57.823507,207109.595119,95.407732,668.262263,-24.624704,660.915016,-143.875891,662.282359,59.961385,0.008285,1,0
8.300000,-62.135852,208461.897704,177.799027,208841.956662,57.929349,206689.664593,95.767767,661.117074,-24.004196,658.383431,-144.336304,660.769744,59.960119,-0.001313,1,0
8.333000,-62.019845,206164.332960,178.015891,206800.714356,57.965012,205240.534441,95.763052,660.154639,-23.996139,652.992425,-143.854013,660.261892,59.956301,0.008294,1,0
8.367000,-62.175996,207657.008441,177.813778,207724.333777,57.817427,206951.069012,96.199798,668.856033,-24.353596,665.462945,-144.021878,656.708756,59.955434,0.004887,1,0
8.400000,-62.303073,208428.489151,177.840737,207099.288945,57.878094,207858.721449,95.404637,668.539076,-24.194976,673.710659,-144.202660,669.447244,59.956832,0.005243,1,0
8.433000,-62.069454,205600.090684,177.926034,207141.971110,57.793257,207663.640708,96.104761,666.396514,-24.202152,667.818315,-144.357172,668.483799,59.959035,-0.006027,1,0
8.467000,-62.082982,207071.518639,177.709426,207436.622551,57.850571,207398.872083,96.100723,662.171795,-24.249013,665.731373,-144.249514,662.436813,59.963780,-0.007258,1,0
8.500000,-62.295863,206674.627872,177.903493,207331.706529,57.955823,207205.371530,95.544846,661.771193,-23.869523,660.596144,-143.928355,661.154271,59.962024,0.002300,1,0
8.533000,-62.132317,205668.989081,177.935110,206440.408382,57.951228,207611.178199,95.698392,655.946014,-24.176486,663.902851,-144.164861,661.935325,59.963971,0.003494,1,0
8.567000,-62.233635,207735.834277,177.918288,205898.992580,57.995340,205925.664961,95.727440,659.374716,-24.346746,657.060378,-143.964350,659.192472,59.954975,0.000953,1,0
8.600000,-62.202119,207340.133607,177.993921,207243.704982,58.093131,205426.286700,95.654541,662.707164,-23.869402,662.556440,-144.126801,663.453975,59.963912,-0.001409,1,0
8.633000,-62.140367,206960.128683,177.943322,205074.929680,57.711984,207645.165593,95.785999,652.761867,-24.079263,658.941148,-144.482073,662.449659,59.957708,-0.000576,1,0
8.667000,-62.133062,205093.149232,177.811705,209232.177131,57.906027,208957.653650,96.027909,651.915748,-24.194737,670.725894,-144.047270,668.392049,59.955814,-0.010358,1,0
8.700000,-62.131624,206376.274534,177.847332,206994.913815,57.832709,208047.031010,95.992625,666.823933,-24.476757,664.735809,-144.013531,655.878318,59.960998,0.002404,1,0
8.733000,-62.087605,206810.640398,178.070042,206488.296205,58.043917,208508.382320,95.973211,666.517002,-23.842650,662.518404,-144.236553,666.639201,59.961131,0.004670,1,0
8.767000,-62.149928,208277.004829,177.828870,207780.417091,57.864961,207885.397886,95.915733,658.329133,-24.075354,660.484068,-144.171687,661.501516,59.960015,0.006939,1,0
8.800000,-61.995351,206993.385174,177.925697,208219.150152,57.908930,207385.185850,95.907409,664.481040,-24.120541,660.452839,-144.265095,667.091059,59.969103,-0.002475,1,0
8.833000,-61.954178,207172.464065,177.862595,206980.799812,57.882898,208155.246970,96.094894,662.016074,-24.070761,664.599482,-144.087996,666.960571,59.961190,0.011523,1,0
8.867000,-62.001945,208341.329069,178.161267,208789.231786,58.005138,207662.994750,95.749060,660.165230,-23.939897,661.620551,-143.633430,663.331846,59.966969,0.000862,1,0
8.900000,-62.036404,206276.060467,177.909782,206947.220384,57.950939,205458.817685,96.078222,660.401987,-24.014568,659.841804,-144.010872,664.641163,59.954658,-0.003900,1,0
8.933000,-62.115488,206160.782722,177.829869,207083.923109,57.784056,206190.612961,95.810489,658.215926,-24.007546,666.702564,-143.865460,662.766006,59.959642,-0.005813,1,0
8.967000,-62.108224,206128.760090,178.061127,206263.423347,57.787251,208723.412274,95.938643,655.108161,-23.803986,659.654270,-144.263651,660.492805,59.959015,-0.000267,1,0
9.000000,-62.088437,207963.249727,177.920961,207220.324695,57.649240,207849.494972,95.783642,663.118681,-24.091732,659.437185,-144.248022,665.982374,59.956842,0.004048,1,0
9.033000,-62.263069,207800.965977,177.843483,208260.006158,58.050668,205946.495057,95.697361,660.197565,-23.837233,671.102450,-144.132687,664.810659,59.957578,0.009987,1,0
9.067000,-62.024167,206297.538422,177.858340,207035.142879,57.911480,206746.803267,95.833152,656.552274,-24.354081,668.291363,-143.714172,659.384239,59.962806,-0.001841,1,0
9.100000,-62.079046,205633.097483,178.020821,209782.101159,58.027305,206947.758304,95.943652,666.785290,-24.133499,662.637813,-144.205973,669.372243,59.954494,-0.003021,1,0
9.133000,-61.971430,207047.129954,177.901344,208518.607755,57.843613,206268.902861,95.943328,666.590620,-24.318095,657.623800,-143.951354,664.646613,59.955384,-0.000321,1,0
9.167000,-62.022358,205629.570925,177.901961,205597.241971,58.000518,206001.358305,96.068393,663.017589,-24.302497,672.881779,-144.009996,660.396817,59.960929,-0.008904,1,0
9.200000,-62.055130,206800.040170,177.753460,207900.595972,58.074029,207100.020743,96.285992,661.297000,-24.043130,659.752455,-143.937019,667.723511,59.968068,0.008794,1,0
9.233000,-62.059066,206672.196637,178.012086,208865.513315,58.156571,206659.148706,95.779307,667.850142,-24.058084,671.470733,-143.355578,676.237486,59.967607,-0.002493,1,0
9.267000,-61.905756,207305.281581,177.999117,204534.997767,58.015829,205310.635771,95.835422,675.197903,-23.994408,671.605134,-143.997864,669.633734,59.960438,0.007160,1,0
9.300000,-62.153834,207605.633671,178.003714,207004.016007,58.130888,206648.265439,95.992918,662.603250,-24.218173,661.850819,-144.078411,667.918830,59.960440,-0.002542,1,0
9.333000,-62.115468,206850.425729,178.119188,207045.479219,57.882518,206782.507675,96.025007,668.927134,-23.712071,671.312996,-143.750009,663.910268,59.958680,0.004041,1,0
9.367000,-62.168957,206503.135651,178.129660,208090.753407,57.864927,207161.272313,96.044905,664.857994,-23.987888,669.520905,-144.335797,669.210388,59.962996,0.003352,1,0
9.400000,-61.899090,206917.119615,177.941494,205731.959566,57.874971,208236.884373,96.047296,671.056729,-24.393195,670.449520,-144.225778,666.489986,59.966353,-0.017488,1,0
9.433000,-61.873424,208981.341417,178.087081,207122.152155,57.956123,204677.044145,96.013724,667.100997,-23.913198,669.646209,-144.184296,668.431485,59.959896,0.002967,1,0
9.467000,-61.961273,208949.027083,178.029498,207380.747424,58.173258,208071.433020,96.277571,669.958524,-23.846954,672.328999,-143.812820,670.056494,59.969545,0.004909,1,0
9.500000,-62.053141,208080.644266,178.019941,209063.135441,58.301861,206019.771230,96.319984,672.683513,-24.010100,668.323385,-143.919356,667.683490,59.967706,0.005985,1,0
9.533000,-62.099786,207295.224785,177.946413,207774.884451,58.153764,207419.301129,96.054626,672.037090,-23.978896,665.774364,-144.013780,671.511433,59.963045,-0.003057,1,0
9.567000,-61.922565,206326.746802,177.853205,206480.996067,57.965192,208275.370371,96.494654,671.971944,-24.052821,668.487311,-143.841876,673.542282,59.971001,-0.007597,1,0
9.600000,-61.978426,206805.686153,177.895789,207351.680506,58.127472,208041.200775,95.996474,673.035191,-24.017179,671.338912,-144.113357,674.705759,59.968389,-0.009239,1,0
9.633000,-62.068036,206415.802991,178.065465,207922.517316,58.114094,207400.653005,95.790900,673.017519,-24.003400,672.008940,-143.961163,676.917571,59.966174,0.001383,1,0
9.667000,-61.936405,207409.046667,178.272071,207427.652057,58.116996,205447.913648,96.487121,674.467400,-23.501996,665.851222,-143.750406,667.351783,59.964401,-0.006408,1,0
9.700000,-62.057547,206911.283034,177.860137,207272.793423,58.107973,206972.694815,96.015498,669.690033,-24.303331,668.082293,-143.971860,666.985427,59.964236,0.002438,1,0
9.733000,-61.831226,208001.115191,177.991693,207615.351247,57.932400,205774.311117,96.493582,671.179669,-23.604237,667.596624,-143.868277,670.111437,59.972747,0.005471,1,0
9.767000,-61.872180,207840.396373,177.882794,206282.460029,58.054585,206113.734222,95.990002,671.948445,-24.369340,669.219411,-143.830400,668.423199,59.962644,0.000476,1,0
9.800000,-61.814058,206574.779375,177.962030,207232.771421,58.002264,205575.708918,96.365011,672.298777,-23.916974,664.961849,-143.911712,664.846167,59.964927,0.012227,1,0
9.833000,-62.015001,208044.412615,178.108407,207936.316497,58.021140,205891.409978,95.847512,661.516827,-23.557660,661.454776,-143.919283,663.687351,59.964647,0.011692,1,0
9.867000,-61.953225,207701.861443,178.133768,208165.914274,58.137544,207987.935606,96.231341,655.976614,-23.799213,664.091051,-144.226018,663.202738,59.959218,-0.000210,1,0
9.900000,-62.079483,207590.292906,177.987545,206866.309928,57.815118,207680.521293,96.039086,662.614688,-24.074545,665.998082,-144.167262,657.864153,59.969280,-0.012314,1,0
9.933000,-62.044995,206377.581011,178.048870,207234.000709,58.088422,205502.459004,95.900669,654.889785,-24.035575,662.759017,-144.140210,666.921340,59.964862,0.002802,1,0
9.967000,-61.970260,208539.034596,178.069235,207138.121119,58.140636,206189.832685,95.981109,658.967277,-23.972002,662.484488,-144.016450,658.877865,59.970024,0.002155,1,0
10.000000,-62.010348,207632.277897,178.138936,207829.430758,57.968976,206643.780150,95.842306,657.754103,-24.048934,665.124374,-144.121468,665.211538,59.975529,0.000785,1,0
10.033000,-61.924825,207118.667256,177.929462,205625.549661,57.975406,207606.495736,95.881294,659.924982,-24.498913,656.529293,-143.974413,666.271588,59.966802,0.006266,1,0
10.067000,-61.989483,208226.171352,177.895103,206065.737876,58.030212,206378.191295,95.887884,656.040340,-23.923005,659.242380,-144.196181,661.085027,59.973252,0.008634,1,0
10.100000,-62.098663,207374.100762,177.935124,205571.958846,57.925484,206485.894647,95.877393,660.674942,-24.231258,662.663208,-143.835775,666.608965,59.974897,0.002420,1,0
10.133000,-61.951680,204838.072202,177.926506,207051.952191,57.997281,207254.346157,95.870921,666.178664,-24.090789,662.511187,-144.171862,661.404738,59.973258,-0.006953,1,0
10.167000,-62.343909,206985.945561,177.761221,206998.538694,57.898622,206812.988115,95.782765,663.784118,-24.316257,658.001787,-144.216402,662.016039,59.968543,-0.005741,1,0
10.200000,-61.865476,204574.946483,177.911007,206440.402086,57.792725,206191.079687,96.092877,669.921981,-24.034618,656.195431,-144.359967,656.039607,59.972657,-0.003447,1,0
10.233000,-61.969088,206019.090574,177.787384,206029.386206,57.932261,207524.477714,96.214208,653.018373,-24.202757,664.539763,-143.904587,660.106525,59.978777,-0.000353,1,0
10.267000,-61.971093,206452.645111,177.977667,205030.215522,57.817165,206066.386324,95.757623,665.153515,-24.011952,655.342011,-144.441754,659.023742,59.970756,-0.005868,1,0
10.300000,-62.058074,207611.130021,177.982880,206061.348567,57.914222,207587.275561,95.854664,662.869269,-24.239191,661.997449,-144.254103,659.950413,59.973411,0.008576,1,0
10.333000,-62.081850,208411.016904,177.856709,206311.455195,58.008772,204123.611934,96.230970,658.205463,-23.866425,657.368076,-143.771081,662.391793,59.976268,-0.006631,1,0
10.367000,-62.118453,206920.140952,177.922456,207163.264761,58.050145,205678.218517,95.634133,665.327426,-24.064058,662.143103,-143.664330,659.996728,59.965774,0.004376,1,0
10.400000,-62.096647,207036.802909,177.955227,204590.813205,57.786542,206138.024171,96.017912,661.494881,-23.992148,663.521016,-144.111931,666.117383,59.970587,0.003697,1,0
10.433000,-62.116367,207060.284056,177.809467,206275.939430,57.782108,207268.637558,95.759286,664.508311,-24.260867,667.274647,-144.114148,661.531523,59.971794,0.004490,1,0
10.467000,-62.223918,207608.029406,177.924862,206485.876975,57.734862,207478.320441,95.728653,666.613313,-24.124851,669.466018,-144.517741,671.876710,59.981177,0.002337,1,0
10.500000,-62.113202,205524.892564,177.851220,205618.570647,57.761749,206274.550743,95.735853,665.523363,-24.018036,666.490815,-144.415161,666.771876,59.955986,-0.012405,1,0
10.533000,-62.114141,205982.190030,177.928372,206051.775598,57.702656,206036.029836,95.747087,665.194472,-24.282781,664.862791,-144.468796,665.883405,59.971054,0.002101,1,0
10.567000,-62.122157,206270.367125,177.616465,206776.318986,57.929521,206793.290735,95.846458,655.591271,-24.381729,660.194053,-144.208031,658.686031,59.967459,0.000585,1,0
10.600000,-62.194928,206423.702745,177.703880,206455.321892,57.723719,207039.527775,95.669218,664.687516,-24.408179,664.770711,-144.151567,659.034105,59.967569,-0.006909,1,0
10.633000,-62.212388,206143.091172,177.922995,205766.089921,57.753831,206724.339633,95.849558,657.959255,-24.224553,669.653525,-143.898470,667.734622,59.968578,0.009097,1,0
10.667000,-62.009254,205804.968967,177.857799,207324.167122,57.823577,205524.631007,96.001645,662.985140,-24.309074,664.577517,-144.173176,662.731851,59.964503,0.000199,1,0
10.700000,-62.175773,205251.886465,177.668541,206335.807621,57.855878,204403.637074,95.586022,664.932581,-24.601066,662.699432,-143.644666,657.861892,59.966026,0.002041,1,0
10.733000,-62.221258,206297.215864,177.811134,207252.267677,57.835493,203718.343092,95.933256,658.100644,-23.824327,664.618878,-144.020311,662.007242,59.954249,-0.003076,1,0
10.767000,-62.330176,205036.580915,177.781960,205048.078825,57.826920,206274.928902,95.600948,657.383142,-24.296160,671.377956,-143.796838,660.424416,59.969378,-0.000108,1,0
10.800000,-62.161293,204641.991863,177.912617,205818.072649,57.818777,205485.543156,95.737389,667.346134,-24.178120,666.547284,-144.202622,666.734931,59.970017,-0.004718,1,0
10.833000,-62.207165,206789.171466,177.775890,205267.808898,57.760810,204920.111868,95.692723,660.386343,-24.240300,662.780575,-144.289088,664.280251,59.966034,-0.011448,1,0
10.867000,-62.197473,205848.359626,177.821864,205346.991398,57.605810,206000.379031,95.918026,664.309116,-24.026353,664.450214,-144.369707,664.318617,59.974734,-0.003728,1,0
10.900000,-62.100907,205707.488171,177.837708,205895.136096,57.862275,205596.563283,95.966463,664.825595,-24.065527,656.570222,-144.118205,654.857347,59.963526,0.002862,1,0
10.933000,-62.161657,205146.424607,177.844784,206058.369749,57.818336,205690.300451,95.546853,666.742180,-24.099616,660.173861,-144.327825,665.452869,59.966478,-0.015374,1,0
10.967000,-62.175777,204786.520939,177.784597,205507.733997,57.794775,204114.832614,95.995584,662.193037,-23.975361,658.838534,-144.006389,662.116415,59.970999,-0.004882,1,0
11.000000,-62.192757,205480.423970,177.896677,205589.200691,57.710720,205125.097507,95.617436,661.824403,-24.194786,657.524272,-143.972524,661.551194,59.967019,0.011930,1,0
11.033000,-62.157897,204756.813549,177.861265,205269.058132,57.943089,205869.651877,96.360205,658.212392,-24.314149,667.000803,-144.013950,666.202782,59.959539,0.005397,1,0
11.067000,-62.072272,203886.382845,177.641051,206480.998728,57.736088,205287.115359,95.905827,663.510062,-24.211545,661.837747,-144.318832,664.904203,59.963175,-0.003476,1,0
11.100000,-62.137961,205779.143327,177.832865,205883.876714,57.785420,206433.371039,95.844376,664.587434,-24.146879,663.086374,-144.175605,654.501907,59.965339,-0.001120,1,0
11.133000,-62.270394,204574.401850,177.876098,205958.212827,57.822216,207562.964018,95.692141,652.790007,-24.324040,659.177538,-144.269036,657.512711,59.965428,0.001010,1,0
11.167000,-62.299571,204962.184010,177.974741,206249.417370,57.875103,205486.639365,95.906645,653.164195,-24.012944,655.670919,-144.046678,650.385209,59.959031,0.000299,1,0
11.200000,-61.989402,206010.832869,177.724573,204727.717019,57.799199,205030.887575,96.027879,653.758176,-24.249264,659.163881,-144.293059,653.264598,59.963943,0.002403,1,0
11.233000,-62.449486,205289.542606,177.698017,204668.097510,57.636212,205265.445463,95.348603,654.130234,-24.321049,659.062735,-144.609918,652.271275,59.956491,0.000965,1,0
11.267000,-62.076612,205645.505539,177.807274,204938.233506,57.877144,204907.477743,96.000012,658.392770,-24.466910,658.202702,-143.808264,661.262979,59.972953,-0.005840,1,0
11.300000,-62.299581,205924.200900,177.757770,205719.657231,57.761113,203819.241006,95.530142,651.816957,-24.609256,651.555866,-144.218497,653.239961,59.962252,0.007420,1,0
11.333000,-62.371194,204990.587034,177.873214,205367.798088,57.814510,205950.817004,95.567339,655.016292,-24.053778,656.794357,-144.255855,647.217966,59.963025,0.001689,1,0
11.367000,-62.188434,205265.054899,177.705733,204397.181348,57.730241,205305.443273,95.979610,654.694768,-24.237891,655.722056,-144.470024,651.349847,59.963583,-0.007020,1,0
11.400000,-62.177614,204163.539195,177.688598,205291.503606,57.804707,204826.974721,95.888758,654.387991,-24.165729,649.765489,-144.255840,654.096644,59.961723,-0.003958,1,0
11.433000,-62.234738,206515.309532,177.798648,206939.230404,57.749743,205795.201262,95.809964,654.133843,-24.515358,652.469624,-144.431013,653.268620,59.962681,-0.015291,1,0
11.467000,-62.189233,205563.628055,177.818869,205142.877965,57.667432,204528.264911,95.899295,654.146494,-24.294051,651.858772,-144.293235,651.020881,59.958025,0.000281,1,0
11.500000,-62.176670,205561.135217,177.632477,205013.050113,57.765628,204021.060881,95.999658,660.992825,-24.464942,655.141563,-144.341593,651.091169,59.965473,-0.002489,1,0
11.533000,-62.177309,205265.417192,177.625913,205022.787620,57.784687,204360.808681,96.085089,651.072713,-24.520087,653.630521,-144.283014,651.385658,59.966517,0.012652,1,0
11.567000,-62.143467,204534.897935,177.911060,204985.059390,57.827823,204623.935611,95.853536,652.800310,-24.041108,655.054721,-144.444458,653.954807,59.973927,0.011803,1,0
11.600000,-62.091226,205119.383190,177.831058,204194.325048,57.845876,203084.993655,96.159847,655.504168,-24.035083,660.472634,-144.340360,655.765693,59.961522,-0.010507,1,0
11.633000,-62.340419,205555.004595,177.783348,203974.624646,57.817697,202184.656383,95.539345,661.508020,-24.110620,656.849307,-144.315102,651.878999,59.970492,0.010334,1,0
11.667000,-62.351527,202861.814438,177.684625,205916.626547,57.695050,203998.217876,95.797089,647.175366,-24.339628,658.219949,-144.486993,660.324924,59.964586,0.005226,1,0
11.700000,-62.366029,205024.329256,177.510490,204505.252444,57.674201,204968.910193,95.594633,645.549118,-24.672811,651.419500,-144.374761,650.357830,59.969373,-0.003119,1,0
11.733000,-62.422524,204781.943397,177.792243,204092.990168,57.757179,203796.628707,95.635432,650.564908,-24.185952,662.787018,-144.247780,658.351887,59.967622,0.001784,1,0
11.767000,-62.398921,204171.398293,177.796845,205105.010346,57.750109,204598.906149,95.695570,650.944393,-24.185393,654.278854,-144.574763,650.334783,59.972574,-0.001271,1,0
11.800000,-62.399561,203223.992381,177.915871,203774.760712,57.723122,204620.307381,95.739424,662.677058,-24.435779,652.018338,-144.254532,649.241309,59.967286,0.006699,1,0
11.833000,-62.266166,204949.640227,178.016179,204565.691253,57.799267,202904.910311,95.720828,656.676145,-23.931837,658.369239,-144.118671,659.245001,59.962242,0.002116,1,0
11.867000,-62.052263,204176.473697,177.926887,204016.545381,57.949300,204509.987724,96.064651,653.931353,-24.236922,659.287359,-144.282778,662.703262,59.968305,-0.014086,1,0
11.900000,-62.214281,203172.096782,177.954188,203911.434006,57.709697,202420.786320,95.574924,657.701996,-24.039218,657.455623,-144.336286,659.850298,59.972164,-0.000177,1,0
11.933000,-62.222362,202613.085929,177.895093,205477.119095,57.820372,203372.000745,95.831997,655.979002,-23.992352,655.329300,-144.532275,647.703145,59.977390,0.005515,1,0
11.967000,-62.080560,203290.345117,177.667289,203684.366992,57.664462,205008.898645,95.941941,661.506713,-24.146699,658.059565,-144.159906,657.210294,59.976709,-0.007993,1,0
12.000000,-62.121793,201854.568572,177.704432,203603.479812,57.835050,204997.717299,96.009059,656.910939,-24.554627,655.821004,-144.301167,660.780701,59.972032,0.003365,1,0
12.033000,-62.109492,204093.846101,177.829766,204012.613108,57.741412,204076.162346,95.960997,661.956466,-24.455647,661.835366,-143.900264,658.399312,59.971716,0.001249,1,0
12.067000,-62.364904,205016.701734,177.740210,203480.166262,57.829004,203215.222520,95.867619,671.241507,-24.461929,657.331013,-144.216530,660.399544,59.971790,0.005296,1,0
12.100000,-62.188603,203697.742618,177.839451,204548.722579,57.806061,204251.073816,95.859672,665.594084,-24.367537,658.670660,-144.002233,662.566951,59.965219,0.012690,1,0
12.133000,-62.289084,205480.829673,177.626154,203116.363584,57.776488,203984.085757,95.543938,668.459726,-24.293164,660.182210,-144.157588,663.620997,59.974352,0.002283,1,0
12.167000,-62.131735,203436.052197,177.667326,203528.785676,57.904175,202214.681304,95.992509,660.195675,-24.394559,654.743944,-143.982174,656.008445,59.973815,0.000839,1,0
12.200000,-62.341734,203094.841146,177.810991,203969.523041,57.670496,203736.662166,95.928722,664.299754,-24.386005,653.197188,-144.250679,655.386040,59.975894,0.002157,1,0
12.233000,-62.213288,203467.855203,177.868046,203470.146711,57.841399,204066.471976,95.842203,655.850805,-23.969434,663.861582,-144.095344,662.235802,59.971745,0.005834,1,0
12.267000,-62.228659,204307.611601,177.808524,203089.271933,57.717394,202028.125438,95.538288,662.464961,-24.200471,658.001376,-144.231748,663.315770,59.964993,-0.005814,1,0
12.300000,-62.430494,203855.983216,178.010947,203934.121836,57.599911,204153.168300,95.331941,662.415964,-24.273361,661.210985,-144.355258,656.739077,59.969854,-0.001638,1,0
12.333000,-62.391086,205141.817315,177.653578,204924.720275,57.618388,205537.585925,95.570363,656.946906,-24.530852,659.794686,-144.229270,657.143016,59.969452,0.004154,1,0
12.367000,-62.184120,206302.688129,177.728594,203565.801348,57.720360,205408.864849,95.594675,658.322225,-24.288289,658.847140,-144.067636,657.436069,59.973324,0.010391,1,0
12.400000,-62.231478,205480.078002,177.707728,204094.892085,57.669942,204452.135248,95.812999,655.656143,-24.371972,657.477286,-144.017127,653.646539,59.964270,-0.002482,1,0
12.433000,-62.328327,205228.584741,177.727833,204825.653017,57.676707,204560.059040,95.886271,654.292466,-24.115928,661.361235,-144.333553,657.258198,59.962780,0.000645,1,0
12.467000,-62.393183,203917.907119,177.696890,203111.964829,57.627843,204414.282726,96.054516,655.617921,-24.486544,652.516291,-144.590871,656.498913,59.964252,-0.010453,1,0
12.500000,-62.358621,204591.199608,177.845800,204138.279333,57.557389,203700.174727,95.646556,656.744283,-24.148174,656.026038,-144.390323,657.211500,59.965800,-0.006215,1,0
12.533000,-62.288649,203930.806773,177.570555,204858.970660,57.764593,202216.654993,95.805369,659.677794,-24.245925,659.355092,-144.075326,651.705254,59.958799,0.004662,1,0
12.567000,-62.263169,202755.186218,177.817255,202292.780266,57.559459,202193.714174,95.883524,650.787536,-24.176821,658.787350,-144.551402,663.015633,59.964319,0.000001,1,0
12.600000,-62.399357,204104.530416,177.782449,204787.844191,57.734343,204390.007787,95.767499,651.940786,-23.881789,655.336433,-143.876451,663.430982,59.971650,0.009544,1,0
12.633000,-62.232145,203382.743239,177.720483,203853.178339,57.707241,203913.656172,96.072360,655.769684,-24.472746,658.210495,-144.346443,660.510245,59.962716,0.000737,1,0
12.667000,-62.329393,205414.234130,177.737165,203409.950181,57.623826,202464.994586,95.412451,659.865172,-24.158215,656.084787,-144.322882,656.569020,59.963639,0.003177,1,0
12.700000,-62.299639,202676.199965,177.532510,204168.714208,57.621214,203393.009427,95.714683,657.095035,-24.421736,649.425465,-144.101228,660.734429,59.966980,0.003959,1,0
12.733000,-62.525895,204132.530888,177.694341,203187.913627,57.719478,202870.203434,95.850230,662.602649,-24.368703,653.000184,-144.221529,660.251758,59.974094,0.000218,1,0
12.767000,-62.412011,203457.221999,177.746464,203617.570060,57.599057,204079.216886,95.499634,652.694050,-24.074750,656.127248,-144.367936,652.051037,59.962906,-0.006431,1,0
12.800000,-62.214954,203211.133650,177.549543,204300.768066,57.644764,203703.092678,96.034641,652.145257,-24.400437,654.735705,-144.433547,651.393839,59.962651,-0.002834,1,0
12.833000,-62.350353,204092.890258,177.816949,205623.895164,57.501166,203733.562575,95.573946,653.910431,-24.388007,652.265892,-144.414151,657.797139,59.963651,0.002756,1,0
12.867000,-62.223075,204041.112755,177.701368,204299.282942,57.648586,202982.097019,95.761573,653.102134,-24.376829,654.711070,-144.400499,654.242228,59.966358,-0.006430,1,0
12.900000,-62.331999,203962.990066,177.535280,203621.180513,57.598422,203880.033440,95.993732,653.301133,-24.805977,652.611625,-144.135965,653.567896,59.964180,-0.002558,1,0
12.933000,-62.375934,202324.985765,177.655379,203610.081013,57.884146,204907.350838,95.640908,662.759342,-24.480791,648.993315,-144.151887,650.772110,59.976369,-0.004478,1,0
12.967000,-62.411884,202290.504624,177.711918,203300.285797,57.668307,203536.319862,95.595583,651.836914,-24.333014,651.853854,-144.453326,662.018591,59.964119,0.009632,1,0
13.000000,-62.285438,204824.775327,177.676165,203395.356100,57.564304,203909.953808,95.741185,655.012720,-24.327761,655.475581,-144.363274,655.900623,59.963513,0.007456,1,0
13.033000,-62.336001,203465.456659,177.650235,202853.076732,57.717906,201988.745837,95.247288,649.737823,-24.312759,654.922623,-144.207238,651.461073,59.977164,0.002648,1,0
13.067000,-62.269701,202255.620220,177.747775,204370.765937,57.879756,204743.919684,95.773799,655.315849,-24.466573,659.659313,-143.856263,661.364365,59.973987,-0.003875,1,0
13.100000,-62.331505,204474.785931,177.740492,204008.616647,57.688717,204604.303858,95.582987,651.869955,-24.051453,653.977224,-144.198020,651.302946,59.963219,0.000307,1,0
13.133000,-62.424043,203106.664944,177.654939,204342.912766,57.714528,204203.532416,95.468184,658.730305,-24.416184,650.312264,-144.159485,649.542144,59.971462,-0.003798,1,0
13.167000,-62.433523,204875.850076,177.584097,201947.983651,57.593265,203823.569479,95.472821,651.159759,-24.296913,664.107955,-144.138336,653.684571,59.969597,0.008191,1,0
13.200000,-62.308202,204330.142218,177.583998,203794.282255,57.796620,202563.550459,95.638255,652.595140,-24.322214,656.596575,-143.997704,659.293937,59.966561,0.005010,1,0
13.233000,-62.450191,203474.660916,177.663687,203646.819721,57.703627,203989.972792,95.518200,654.137333,-24.303278,658.928919,-144.292658,655.773170,59.971861,-0.005001,1,0
13.267000,-62.422484,203318.980621,177.645837,203469.658903,57.837469,203270.251432,95.419694,663.776456,-24.317323,654.631361,-144.530023,650.871550,59.971925,0.010804,1,0
13.300000,-62.280099,204913.529206,177.709590,203990.944185,57.632611,203398.524770,96.180051,654.265833,-23.932797,657.488647,-144.355805,659.179856,59.970593,0.002053,1,0
13.333000,-62.175451,203346.229471,177.881908,204375.113414,57.709071,202094.328751,96.087067,665.881905,-24.040936,657.502417,-144.225797,657.887450,59.973309,0.002553,1,0
13.367000,-62.341837,203282.771449,177.574048,203974.729175,57.818763,202747.285718,95.846977,661.653059,-24.719842,656.257571,-144.045724,661.558802,59.968738,0.009541,1,0
13.400000,-62.432610,202921.157657,177.636499,203043.669648,57.774914,204833.913335,95.686611,655.063144,-24.443428,654.300458,-144.250383,652.976252,59.976521,-0.017867,1,0
13.433000,-62.209743,204855.151376,177.794471,202744.093981,57.843369,204573.181171,95.885356,652.667522,-24.131532,660.276968,-144.126433,656.641601,59.980210,0.008352,1,0
13.467000,-62.427344,204368.812882,177.537976,203465.910773,57.681651,204578.328552,95.428772,655.030217,-24.234445,661.245017,-144.118623,655.950499,59.969648,-0.003336,1,0
13.500000,-62.369017,204848.309473,177.661515,202455.771080,57.670611,202423.109115,95.984327,659.007002,-24.172145,656.913629,-144.625679,651.992747,59.972796,0.006595,1,0
13.533000,-62.368940,203596.582013,177.623711,204259.729909,57.695421,203857.793716,95.659752,658.226543,-24.295650,658.355881,-144.401368,652.249927,59.966511,-0.001733,1,0
13.567000,-62.313939,205009.264664,177.706108,203020.455916,57.796956,205250.840429,95.576397,659.819815,-24.164174,649.521575,-143.897166,646.148958,59.974195,0.013623,1,0
13.600000,-62.385847,205198.510837,177.709651,203813.370619,57.741456,204270.926680,95.840149,652.153564,-24.349478,648.522275,-144.316552,653.104827,59.966146,-0.001697,1,0
13.633000,-62.492195,204194.290641,177.592893,205175.598826,57.546808,206133.671945,95.598751,651.270689,-24.030010,650.559862,-144.501480,654.438517,59.972667,0.005197,1,0
13.667000,-62.276370,205306.857669,177.565872,204460.260661,57.652445,205218.360689,95.801874,653.880625,-24.613017,651.445958,-144.366910,656.590360,59.971470,0.015737,1,0
13.700000,-62.296824,204522.524498,177.681898,204328.413084,57.768153,204587.567089,95.546415,654.344270,-24.735179,654.156013,-144.005023,654.383889,59.967293,-0.000193,1,0
13.733000,-62.357592,203500.615380,177.610783,204540.484180,57.740573,205299.134920,95.490477,656.092043,-24.398504,650.982668,-144.452274,659.510229,59.972893,0.009739,1,0
13.767000,-62.409684,204274.397925,177.524432,204699.130196,57.511752,206127.212261,95.735193,655.560532,-24.429815,660.099651,-144.417624,657.789657,59.972206,-0.001181,1,0
13.800000,-62.352139,204929.739870,177.698212,204744.642375,57.556788,205296.877354,95.762259,659.502883,-24.167323,657.313292,-144.323504,663.070467,59.968922,-0.001687,1,0
13.833000,-62.284441,206690.782110,177.704361,203875.577877,57.610596,203918.705712,95.270932,650.226621,-24.272601,653.157153,-144.241937,657.268014,59.962950,0.002027,1,0
13.867000,-62.398204,203962.558649,177.635347,203616.655292,57.727875,205161.581871,95.571787,646.939124,-24.495134,651.417605,-144.456560,652.006298,59.968010,0.005074,1,0
13.900000,-62.604116,205383.236800,177.592972,205071.465284,57.703596,206013.042360,95.329131,661.085276,-24.205261,652.163806,-144.292604,650.370209,59.964383,0.007723,1,0
13.933000,-62.408552,205031.503409,177.627405,203305.290188,57.671769,204248.981966,95.339746,654.633605,-24.561855,656.164871,-144.319570,655.358167,59.962406,-0.017323,1,0
13.967000,-62.333850,204103.489488,177.548076,204278.796968,57.659370,206243.613772,95.512653,653.407180,-24.623097,654.745591,-144.327964,661.641197,59.972261,0.008368,1,0
14.000000,-62.346244,204216.948132,177.597336,205714.191772,57.309192,202663.744417,96.124337,657.182878,-24.478745,656.497404,-144.625504,658.675045,59.961819,0.002029,1,0
14.033000,-62.368730,203703.359743,177.636170,205390.952084,57.676339,205380.725067,95.619114,652.581221,-24.251131,650.087459,-144.278021,662.208886,59.965397,0.002784,1,0
14.067000,-62.333342,204502.510462,177.686049,204270.088860,57.399367,205253.193149,95.659804,654.217363,-24.150367,656.719133,-144.720670,648.945838,59.959277,-0.006588,1,0
14.100000,-62.490472,204767.828940,177.578593,204116.872052,57.515217,204512.968642,95.681896,650.735116,-24.291403,654.965726,-144.614471,645.884020,59.961830,0.005709,1,0
14.133000,-62.575230,204706.671165,177.679808,203185.725060,57.463113,203401.416417,95.183479,651.232256,-24.541224,656.824415,-144.667462,647.729605,59.962107,-0.006569,1,0
14.167000,-62.556128,205142.393970,177.570825,205286.980083,57.490654,203238.233139,95.767073,650.877289,-24.431193,652.977697,-144.423038,643.831170,59.963394,0.015199,1,0
14.200000,-62.566579,205305.192079,177.644884,206507.716395,57.640335,205512.776945,95.289743,647.367733,-24.509315,650.126845,-144.263014,658.367577,59.963228,-0.007086,1,0
14.233000,-62.567242,205189.919521,177.694792,204031.036304,57.576586,204067.756588,95.757667,647.797691,-24.741328,647.664103,-144.477993,647.693898,59.967746,0.006273,1,0
14.267000,-62.258841,203878.208561,177.586409,204161.382346,57.475708,204676.234072,95.791236,647.797010,-24.189997,652.252775,-144.364900,650.245606,59.965963,0.005624,1,0
14.300000,-62.682064,203704.646630,177.689476,203792.690803,57.479179,203180.456501,95.183384,646.310341,-23.937915,646.938576,-144.521530,649.572540,59.961406,-0.008408,1,0
14.333000,-62.492191,205920.875964,177.551393,206192.488416,57.583719,207064.548974,94.953612,654.845394,-24.307149,646.598812,-144.546771,653.425244,59.960959,0.012328,1,0
14.367000,-62.455374,204160.412281,177.488969,205033.296835,57.670893,204854.042500,95.586919,653.315436,-24.815508,651.009346,-144.360854,657.857536,59.959374,-0.001355,1,0
14.400000,-62.498215,205069.387910,177.503680,205843.093313,57.617230,207051.194653,95.866124,649.157681,-24.459392,650.854486,-144.371955,645.605966,59.962943,-0.001419,1,0
14.433000,-62.453327,204522.476689,177.343199,204895.143405,57.552662,205515.007528,95.650791,652.664063,-24.769321,655.748032,-144.261359,653.050906,59.958201,0.003726,1,0
14.467000,-62.600210,204176.246509,177.533368,206959.629194,57.585854,206261.149391,95.279297,660.735312,-24.537051,651.379807,-144.308231,654.533887,59.975285,0.003700,1,0
14.500000,-62.441891,204245.557171,177.416963,205017.991924,57.531636,204898.481759,95.951262,647.525464,-24.589759,654.259914,-144.377816,651.203247,59.963797,-0.003335,1,0
14.533000,-62.592331,205133.292885,177.658091,203982.375559,57.273040,203990.307747,95.702453,648.484436,-24.445977,651.379653,-144.589612,652.400596,59.966076,-0.000154,1,0
14.567000,-62.647391,205070.598706,177.588294,203944.705446,57.473492,205231.404182,95.346882,656.181914,-24.477180,649.102156,-144.172874,651.259705,59.964195,-0.002168,1,0
14.600000,-62.434419,203737.362563,177.404569,205660.305686,57.430678,204604.414630,95.773051,651.314541,-24.307347,647.108933,-144.889362,646.899450,59.973987,0.007613,1,0
14.633000,-62.460203,206603.622294,177.408002,205265.898041,57.501026,205533.172448,95.615138,652.023214,-24.616751,654.098480,-144.466282,649.713888,59.983483,-0.003706,1,0
14.667000,-62.488994,204074.972771,177.517694,204243.629445,57.462946,204206.323843,95.208154,652.317790,-24.415642,646.744527,-144.313046,647.435835,59.979577,-0.006360,1,0
14.700000,-62.621467,205734.972462,177.474002,205958.537410,57.400205,205678.453300,95.370626,650.057941,-24.638223,649.354477,-144.478747,649.417204,59.972666,0.007643,1,0
14.733000,-62.541828,204875.499960,177.457336,205331.054586,57.473035,204803.285477,95.475413,656.995986,-24.623695,654.999873,-144.652400,652.424456,59.964743,0.000119,1,0
14.767000,-62.426681,206428.850513,177.370863,204528.213357,57.491838,205747.406609,95.822750,650.758452,-24.807448,653.156970,-144.626954,654.233280,59.967691,-0.007004,1,0
14.800000,-62.507786,204633.905099,177.259646,204158.987876,57.266067,205008.482090,95.510991,646.841115,-24.795818,654.944467,-144.656661,648.494427,59.970577,0.004261,1,0
14.833000,-62.333321,205351.510519,177.332974,204517.103244,57.609800,202498.730690,95.748788,645.146595,-24.408146,643.912028,-144.360291,652.776357,59.974532,0.004145,1,0
14.867000,-62.499138,206146.293837,177.483817,204976.600292,57.511384,203944.946475,95.538783,647.381678,-24.762164,652.967416,-144.374153,651.379418,59.972166,0.000545,1,0
14.900000,-62.723330,202598.073527,177.581214,203793.997019,57.476761,204600.712874,95.405830,646.444239,-24.536527,652.948594,-144.303921,653.044091,59.971128,-0.004422,1,0
14.933000,-62.751691,205736.505667,177.420571,203573.217274,57.388521,204710.834294,95.065219,654.316645,-24.990507,645.868384,-144.902210,651.566885,59.974915,0.008507,1,0
14.967000,-62.730109,204789.686457,177.228580,204338.264956,57.249994,204509.836972,95.412530,653.160805,-24.709367,649.928760,-144.500346,654.727312,59.972043,-0.003629,1,0
15.000000,-62.553841,204773.946195,177.415525,204635.041527,57.441822,205620.855198,95.460119,653.236095,-24.653924,649.648505,-144.473015,649.785585,59.972393,0.000968,1,0
15.033000,-62.724366,205258.825583,177.219361,206131.228836,57.377221,203903.763452,95.216805,650.984905,-24.654503,648.334857,-144.653877,649.426886,59.971048,0.004651,1,0
15.067000,-62.730771,205613.837411,177.342339,204251.208852,57.545815,202491.010969,95.229090,649.412327,-24.706228,649.989581,-144.304711,652.177875,59.976108,-0.009147,1,0
15.100000,-62.760444,205272.416071,177.361527,206750.006855,57.489634,204864.689965,94.852381,656.070998,-24.802878,646.826517,-144.626445,650.564577,59.966797,-0.005060,1,0
15.133000,-62.590337,204244.117065,177.352163,204658.614193,57.266975,203799.679419,95.268051,650.767887,-24.812209,647.614087,-144.885379,651.801220,59.965790,0.005236,1,0
15.167000,-62.801489,203200.101735,177.469003,205763.640026,57.632842,203712.336901,95.196681,650.298737,-24.642746,650.058008,-144.161905,651.570409,59.973340,0.005739,1,0
15.200000,-62.488948,205004.214786,177.500413,205249.961923,57.288378,205055.047109,95.606831,650.297086,-24.217768,655.108504,-144.603673,651.746575,59.974897,-0.001726,1,0
15.233000,-62.583530,204738.150213,177.151011,204728.274132,57.352881,204488.720311,95.743507,650.642145,-25.081540,656.229313,-144.764480,653.780374,59.980233,-0.011506,1,0
15.267000,-62.625459,204629.847030,177.286241,204033.971348,57.207930,203985.307961,95.754765,654.583860,-24.737903,652.152891,-144.727173,654.652085,59.980568,-0.005924,1,0
15.300000,-62.604947,205321.941781,177.375655,204640.912225,57.269660,204306.237112,95.307709,652.779791,-24.861193,649.414148,-144.963181,650.565755,59.974574,0.001091,1,0
15.333000,-62.795428,203749.559806,177.374723,204348.090292,57.269743,205092.687857,95.339536,661.072435,-24.362009,654.788046,-144.740448,656.925892,59.971848,-0.004942,1,0
15.367000,-62.487709,203067.624131,177.208333,202625.354190,57.414102,204102.516896,95.843223,656.949970,-25.222834,654.614677,-144.648362,648.566721,59.971312,0.009247,1,0
15.400000,-62.677207,203639.085232,177.380688,203044.881822,57.337059,204835.136688,95.877091,658.367829,-24.501234,652.696101,-144.622870,652.077492,59.982093,-0.007805,1,0
15.433000,-62.460047,205391.609045,177.271700,204440.447666,57.319719,202335.150410,95.389927,651.039985,-24.722569,650.269423,-144.871562,655.549093,59.973391,0.007992,1,0
15.467000,-62.689570,202636.786790,177.380918,203684.890530,57.263678,204054.275703,95.402952,653.892761,-24.438774,653.513723,-144.540286,648.800701,59.973088,0.005019,1,0
15.500000,-62.721889,203618.458995,177.219189,204714.449312,57.368419,204496.863135,95.421122,651.271911,-24.538453,651.814401,-144.849931,649.905246,59.979238,0.000337,1,0
15.533000,-62.536054,202809.442557,177.323998,204185.757425,57.369745,203946.277062,95.627377,653.495124,-24.623401,646.237171,-144.636839,651.611027,59.979620,0.009658,1,0
15.567000,-62.801054,204050.736807,177.452138,203902.309905,57.344534,204512.893205,95.151457,656.372180,-24.507733,649.926487,-144.739312,648.677590,59.977005,0.009107,1,0
15.600000,-62.633979,203105.818194,177.345444,203750.984934,57.251805,202482.705101,95.096573,651.615935,-24.746951,650.484991,-144.471087,644.512369,59.989859,0.000067,1,0
15.633000,-62.508312,204949.882006,177.290461,204185.420548,57.539209,203624.933278,95.393458,655.350356,-24.773488,655.814646,-144.423019,657.706532,59.980940,0.007481,1,0
15.667000,-62.556574,205247.679527,177.450490,204643.000841,57.327006,201360.446830,95.452762,652.914999,-24.516145,652.362288,-144.933787,651.277947,59.974177,0.012302,1,0
15.700000,-62.717485,202709.754708,177.199391,203104.181124,57.423560,204135.449763,95.505466,656.764810,-25.148804,661.821662,-144.391113,655.613756,59.971100,0.008825,1,0
15.733000,-62.512828,202548.756223,177.254086,203352.113047,57.316009,203688.946260,95.535857,662.361777,-24.819487,653.579037,-144.735813,658.996353,59.977404,-0.009149,1,0
15.767000,-62.745241,204018.857223,177.418395,204096.455293,57.327635,203148.177134,95.305689,664.216122,-24.499271,658.791005,-144.583782,663.436178,59.979020,-0.009513,1,0
15.800000,-62.920355,203840.758254,177.242072,202204.884062,57.362716,204453.328770,95.413509,661.020946,-24.516415,660.355403,-144.575810,659.401230,59.981778,-0.008330,1,0
15.833000,-62.765034,202161.210749,177.267807,203080.000055,57.304205,203159.068354,95.304296,658.612697,-24.655133,650.134977,-144.689709,656.409686,59.968293,0.005692,1,0
15.867000,-62.583741,202380.438458,177.327153,202940.733710,57.293339,202894.857634,95.675612,652.580825,-24.670343,656.784240,-144.946515,655.899307,59.973944,0.008035,1,0
15.900000,-62.588850,203448.606960,177.338486,203474.470115,57.206201,203972.536790,95.360918,656.433559,-24.585278,651.692938,-144.684213,658.535511,59.979896,-0.010195,1,0
15.933000,-62.641096,203148.237492,177.294942,203092.805531,57.408463,202728.657318,95.453107,649.545168,-24.502544,659.274669,-144.598421,652.452881,59.980680,0.004876,1,0
15.967000,-62.895415,204716.651371,177.264816,202711.762191,57.192720,204481.970842,95.323679,655.428561,-24.617153,657.849994,-144.782676,652.281663,59.983893,-0.001183,1,0
16.000000,-62.674655,202534.409949,177.453673,203500.463273,57.298832,203061.183757,95.323319,648.139476,-24.766352,647.927751,-144.840476,653.545795,59.980990,-0.022519,1,0
16.033000,-62.536871,202571.374807,177.415941,204713.904853,57.263604,204810.437118,95.714790,653.593317,-24.674521,660.244020,-145.018377,653.184351,59.972517,-0.000533,1,0
16.067000,-62.581889,203962.143697,177.339500,203981.059280,57.366999,204449.890975,95.110872,656.391555,-24.879069,651.169372,-144.425436,653.649575,59.975871,-0.005195,1,0
16.100000,-62.707543,202181.281600,177.318094,202045.688957,57.334767,203994.410348,95.403648,654.082715,-24.723069,654.253063,-144.489383,653.669493,59.983984,0.004803,1,0
16.133000,-62.461808,203694.029306,177.242285,203325.229657,57.441719,202824.470199,95.583060,653.457486,-25.108795,656.856074,-144.371580,654.613097,59.976975,0.003457,1,0
16.167000,-62.682768,202514.617992,177.371678,203058.232729,57.259962,205242.072057,95.292955,654.512161,-24.716094,645.574776,-144.703596,651.363632,59.977895,-0.008599,1,0
16.200000,-62.683438,203623.508204,177.269845,202405.666521,57.431192,202065.637323,95.564944,649.560432,-24.669929,646.946629,-144.259468,651.481768,59.970859,0.001647,1,0
16.233000,-62.701536,205276.998186,177.342415,203951.797724,57.348782,203014.557539,95.274470,649.160460,-24.766058,646.582177,-144.619903,640.733575,59.963826,-0.002161,1,0
16.267000,-62.751241,205413.858493,177.376604,202393.540785,57.296290,204700.945269,95.298808,649.295625,-24.832846,650.193312,-144.602651,647.118309,59.974392,0.009342,1,0
16.300000,-62.740152,203838.552638,177.401428,203315.185589,57.302256,203734.543280,95.432842,642.028754,-24.710995,645.962309,-144.646250,644.717543,59.984011,-0.012306,1,0
16.333000,-62.510437,204083.875390,177.406954,204124.237259,57.469810,202866.041018,95.029260,650.131338,-24.695250,647.634878,-144.561201,645.110333,59.973659,-0.006085,1,0
16.367000,-62.678537,204128.878191,177.437103,203478.881727,57.281179,204030.687451,95.492496,646.018468,-24.531708,648.532259,-144.554369,645.431492,59.981138,-0.002733,1,0
16.400000,-62.608798,205045.643141,177.274127,203084.123343,57.407845,202869.547434,95.563860,650.964517,-24.911674,644.415864,-144.467045,643.286722,59.972469,0.007757,1,0
16.433000,-62.603844,203364.430384,177.459703,204263.019308,57.423374,204234.158985,95.408114,643.057612,-24.358240,643.027637,-144.521878,645.588256,59.968346,0.007395,1,0
16.467000,-62.634379,201709.004072,177.427839,203800.140067,57.364687,204053.013061,95.126014,647.271327,-24.319950,644.114792,-144.728398,647.494330,59.978770,-0.003436,1,0
16.500000,-62.469806,203432.569338,177.492957,203338.018034,57.347700,204778.690560,95.642208,637.263733,-24.465218,642.101635,-144.785228,640.982136,59.972833,-0.001660,1,0
16.533000,-62.559905,203439.369705,177.348609,203373.142569,57.348849,202559.492913,95.244868,636.559358,-24.756071,644.090564,-144.645735,645.763242,59.980994,-0.005414,1,0
16.567000,-62.772935,202576.338091,177.434348,203705.497659,57.569918,203744.528620,94.980386,636.772418,-24.680391,642.463219,-144.313900,644.659767,59.973295,0.004198,1,0
16.600000,-62.722939,203797.006045,177.220695,204494.000721,57.269079,201372.119316,95.604553,644.626405,-24.832297,641.064304,-144.597663,643.514475,59.967040,-0.000747,1,0
16.633000,-62.439437,202398.191172,177.354401,203241.092815,57.492684,203621.804492,95.645473,644.100415,-24.846265,647.703639,-144.603450,646.945429,59.969894,0.001833,1,0
16.667000,-62.372476,203310.378395,177.321633,203719.999042,57.384588,202745.206752,95.935139,642.773586,-24.627895,645.054148,-144.734058,649.299130,59.970310,-0.005362,1,0
16.700000,-62.666825,204348.369975,177.586543,205318.067432,57.299749,203805.121959,95.087184,645.363314,-24.418334,643.384429,-144.685753,647.841676,59.971762,-0.000044,1,0
16.733000,-62.582331,204941.633646,177.368544,203723.788427,57.394601,203476.151293,95.739654,647.746044,-24.764507,642.755810,-144.367245,645.913688,59.977548,0.008279,1,0
16.767000,-62.617077,203865.055840,177.136161,203128.426760,57.320613,203699.328084,95.338965,638.081685,-24.739281,647.746321,-144.585506,646.206946,59.978567,-0.001399,1,0
16.800000,-62.635009,204437.726306,177.438831,204595.443998,57.604374,205337.270972,95.190576,637.330709,-24.663656,646.539082,-144.583534,642.636778,59.978612,0.004956,1,0
16.833000,-62.714574,203354.386806,177.253219,204893.187188,57.390981,202925.785670,95.253822,637.629693,-24.859334,645.280969,-144.554399,648.252633,59.981025,-0.006597,1,0
16.867000,-62.524676,205602.795997,177.429223,204120.496468,57.424634,203126.789300,95.664051,639.947650,-24.923263,638.782882,-144.612329,636.403512,59.979855,0.020398,1,0
16.900000,-62.597665,202791.872066,177.418896,205337.224106,57.417969,204438.523689,95.374535,635.242806,-24.857228,637.965925,-144.765783,647.884151,59.975986,0.001658,1,0
16.933000,-62.812728,204609.431322,177.429002,203699.117823,57.088685,202127.618521,95.470415,639.761224,-24.604064,640.995738,-144.761676,638.788745,59.975387,0.004092,1,0
16.967000,-62.568084,203286.707177,177.288145,203616.788333,57.339694,204561.601912,95.471141,647.346154,-24.801764,650.420225,-144.598992,647.442187,59.978567,0.002914,1,0
17.000000,-62.681764,202850.753909,177.251376,204524.055515,57.464424,204108.631640,94.983040,646.301002,-24.524019,639.562286,-144.450611,643.638460,59.975832,0.004497,1,0
17.033000,-62.672310,202267.095491,177.360660,203453.571598,57.474137,204566.414198,95.312704,644.108453,-24.478757,645.840220,-144.649537,646.181505,59.972037,0.016296,1,0
17.067000,-62.760382,204235.775642,177.294565,203517.576911,57.386931,204096.484917,95.194113,650.657155,-24.555540,647.547734,-144.412509,640.428162,59.979145,0.004881,1,0
17.100000,-62.751983,203978.344009,177.307851,205013.920250,57.281142,205899.432342,95.108798,643.753218,-24.592744,644.088688,-144.891821,641.658668,59.969879,-0.001867,1,0
17.133000,-62.611306,205053.784949,177.210873,204342.895799,57.380292,204725.104439,95.275906,643.304570,-24.812824,651.245621,-144.638846,645.737634,59.971880,-0.008631,1,0
17.167000,-62.871536,205130.996994,177.185771,203520.763790,57.167433,204820.641227,95.147247,639.400495,-24.883902,647.597835,-144.522320,646.176458,59.969487,-0.001035,1,0
17.200000,-62.832573,203762.940837,177.293134,203000.790024,57.308739,203871.482154,95.226224,647.985378,-24.936476,647.386725,-144.565171,651.436062,59.974244,-0.010360,1,0
17.233000,-62.714914,204920.132655,177.321371,203683.179277,57.327720,202671.211232,95.389983,644.305147,-24.788573,649.060702,-144.916336,645.155317,59.974167,0.005254,1,0
17.267000,-62.723584,202588.643054,177.211915,202619.522281,57.259061,204153.621778,95.071577,645.593725,-24.392009,647.644256,-144.712876,644.998538,59.977270,0.007609,1,0
17.300000,-62.793976,202949.539242,177.243103,204461.485390,57.282076,205278.092476,95.192606,637.643313,-24.760318,647.346183,-144.831681,639.953490,59.981489,-0.002253,1,0
17.333000,-62.803669,203229.054212,177.336077,203587.311300,57.344738,203084.145128,95.445299,643.873946,-24.754180,635.030010,-144.955252,638.688586,59.971154,0.004821,1,0
17.367000,-62.702071,203286.484419,177.232037,204447.717700,57.282350,203409.154973,95.243641,644.129497,-24.877248,645.827902,-144.898534,640.044086,59.978912,0.008903,1,0
17.400000,-62.916735,202496.101202,177.176445,203311.915171,57.318323,204928.276174,95.076182,645.016840,-24.553054,645.207199,-144.886310,646.279234,59.976503,0.006597,1,0
17.433000,-62.747920,204276.320159,177.256853,203810.470201,57.251216,203048.184608,95.082006,651.029204,-24.755459,647.951830,-144.578285,648.535148,59.971096,0.004432,1,0
17.467000,-62.747859,202726.386261,177.212125,203129.474255,57.494449,203897.777033,95.479790,646.502836,-24.689317,652.367643,-144.349315,645.745459,59.973722,-0.008382,1,0
17.500000,-62.702211,203129.736769,177.213125,203642.559392,57.494786,201077.191321,95.127668,651.734547,-24.853889,640.739107,-144.503421,649.800014,59.973066,0.002507,1,0
17.533000,-62.709180,203721.109806,177.397518,201973.351443,57.344409,203210.556034,95.221373,653.634400,-24.618954,653.710155,-144.738253,640.605381,59.971365,-0.003938,1,0
17.567000,-62.752433,202777.925148,177.422155,202698.132192,57.291418,201886.451001,95.349535,649.994086,-24.980774,645.864182,-144.375872,647.833350,59.967188,-0.004837,1,0
17.600000,-62.722820,203284.003937,177.287251,202278.811482,57.128888,201744.485331,95.350323,647.551056,-24.616610,644.115060,-144.836389,652.300863,59.968349,0.000541,1,0
17.633000,-62.756933,202584.893481,177.346144,205760.212093,57.355613,202779.264968,95.412670,648.812590,-24.901992,648.981663,-144.495041,649.407072,59.969368,0.003734,1,0
17.667000,-62.671285,203514.780764,177.249697,203815.102963,57.382824,204002.290393,95.271902,649.551729,-24.546723,642.055200,-144.519803,652.917262,59.969673,0.002885,1,0
17.700000,-62.755883,203388.893007,177.166531,202974.392244,57.307189,203366.262382,95.052391,650.919490,-24.853191,648.078946,-144.715408,648.211723,59.973709,0.007070,1,0
17.733000,-62.812076,203166.847931,177.299291,202603.575829,57.213206,203164.508021,95.205877,657.032580,-24.437522,651.316088,-144.344851,652.435318,59.958437,0.002977,1,0
17.767000,-62.616569,200614.243963,177.178678,202904.389300,57.446480,202546.508626,95.601476,653.705107,-24.930642,652.093886,-144.601666,645.327375,59.964847,-0.000364,1,0
17.800000,-62.776231,201652.879942,177.225643,201946.158020,57.185402,203475.918576,95.011816,641.861527,-24.886992,656.010167,-144.908606,648.144675,59.968744,0.003437,1,0
17.833000,-62.907631,202354.739124,177.292670,203767.116040,57.240741,200990.031765,95.262799,647.150710,-24.452308,650.912140,-144.634030,647.458430,59.958270,-0.006176,1,0
17.867000,-62.749736,202678.001619,177.268267,202174.814371,57.323335,202773.368767,94.973728,644.003031,-24.614585,647.375293,-144.531069,651.863589,59.966482,-0.000498,1,0
17.900000,-62.892420,202168.247130,177.280608,204557.798087,57.117816,202911.548820,94.613226,651.510376,-24.637956,646.141715,-144.994272,649.236042,59.952973,-0.009792,1,0
17.933000,-62.755708,203059.590598,177.226212,204291.134273,57.243900,201992.435880,95.269973,654.960562,-24.908293,644.088132,-144.686533,648.179078,59.964451,0.006145,1,0
17.967000,-62.629935,203444.707895,177.256084,205082.830024,56.996821,200561.486156,95.027294,640.834763,-24.717687,647.500000,-145.063622,647.089967,59.954168,0.000472,1,0
18.000000,-62.838542,202556.259834,177.197301,203813.641997,57.196071,203385.101573,94.945015,650.252755,-25.043067,651.722609,-145.026235,648.980454,59.956642,-0.008730,1,0
18.033000,-62.834759,204380.229810,177.311595,203121.942388,57.320320,203614.402630,94.654924,650.282304,-24.707571,646.942776,-144.797059,655.514144,59.956649,0.001109,1,0
18.067000,-62.647237,204009.446127,177.245935,203692.222505,57.181562,202267.025883,95.639628,651.363113,-24.809245,656.027367,-144.787942,649.540225,59.955554,0.002616,1,0
18.100000,-62.837667,202542.735041,177.154881,202353.159626,57.346588,203671.764710,94.963206,653.168704,-24.661740,649.709303,-144.650743,650.773678,59.956946,-0.006384,1,0
18.133000,-62.865404,203736.939137,177.307632,202997.560647,57.201007,203586.208343,95.221187,652.909182,-24.558362,653.229984,-144.580966,653.400640,59.966387,-0.002962,1,0
18.167000,-62.852889,202834.573730,177.256833,204453.061387,57.223349,203242.302997,95.173023,642.916094,-24.924726,652.373486,-144.867931,644.594788,59.956086,-0.001968,1,0
18.200000,-62.841312,203810.533133,177.232624,201753.778760,57.329811,203137.651168,95.036679,650.027547,-24.928921,646.711396,-144.758323,652.503796,59.962386,0.008541,1,0
18.233000,-62.775709,203931.796429,177.040907,202371.863481,57.288162,201667.307163,95.226389,648.064387,-24.913565,645.143321,-144.832007,643.747770,59.952668,-0.000262,1,0
18.267000,-62.750628,203249.576262,177.128475,202423.700739,57.274833,203822.633135,95.343309,645.905976,-25.242727,648.408490,-144.605336,644.422311,59.964548,0.004377,1,0
18.300000,-62.865284,203772.930543,177.189945,204080.063329,57.127044,202733.216177,95.079619,642.612868,-25.064029,639.984604,-145.116766,647.850578,59.959281,0.000489,1,0
18.333000,-63.009176,205100.267330,177.115956,203302.288994,57.241705,204201.737612,95.070203,646.279465,-24.457349,645.671676,-144.897350,642.082318,59.960318,0.010155,1,0
18.367000,-62.858312,203143.731610,177.162531,203884.414453,57.331733,201996.984125,95.084473,640.585884,-24.772042,639.031971,-144.474468,633.903507,59.961953,0.018427,1,0
18.400000,-62.919880,203310.299071,177.037039,203554.690442,57.127205,201723.342779,94.940288,640.930508,-24.968875,644.423042,-144.915665,642.746319,59.956453,-0.000769,1,0
18.433000,-62.882637,203191.544531,177.163533,203111.245401,57.180261,204324.711975,95.176822,644.209395,-24.898763,641.241159,-144.540138,636.680639,59.957721,0.003456,1,0
18.467000,-62.721278,203787.371243,177.091777,203851.186368,56.994789,204456.882983,95.195507,644.616734,-24.751967,650.476788,-145.171445,646.937069,59.958984,0.013047,1,0
18.500000,-62.778075,204016.558404,177.256763,202652.803469,57.257864,203594.980858,95.162326,642.987814,-24.603617,646.297816,-144.722074,641.523380,59.956631,-0.002675,1,0
18.533000,-62.782346,203004.855433,177.251598,202004.880060,57.161306,204703.025023,95.457462,639.289684,-24.186480,646.636687,-144.447278,640.326252,59.950583,0.005835,1,0
18.567000,-62.848751,204040.741402,177.380445,202811.281279,57.394797,203856.606768,95.043527,649.668582,-24.589152,635.051218,-144.563222,645.649929,59.956127,-0.000923,1,0
18.600000,-62.836383,202893.304219,177.428148,202637.146827,57.197502,203792.942567,95.018213,640.179255,-24.255966,640.430942,-144.729031,644.732464,59.955729,0.010719,1,0
18.633000,-62.723087,202767.493958,177.250448,202990.504623,57.049698,203604.825260,95.109660,635.225202,-24.792181,638.436412,-145.055682,642.808038,59.947590,0.000143,1,0
18.667000,-62.849247,203059.338218,177.232557,203033.111263,57.264258,203056.873235,95.075104,646.670789,-24.756477,637.216985,-144.657080,641.774033,59.956067,0.000960,1,0
18.700000,-62.695876,204028.199347,177.229649,201979.027465,57.251954,204674.003823,95.541345,639.876573,-24.916200,640.415424,-144.931085,636.742693,59.953226,0.004197,1,0
18.733000,-62.564714,203828.519322,177.329175,203705.404350,57.089161,203055.663123,95.410063,633.923920,-24.765157,631.443283,-144.970493,637.296923,59.950053,0.004548,1,0
18.767000,-62.853344,203432.501737,177.180151,202376.213237,57.185919,201790.257249,95.398144,634.667822,-24.745590,637.524756,-144.859647,633.041308,59.958181,0.007906,1,0
18.800000,-62.768777,202563.586603,177.301837,202449.398319,57.373932,203380.676953,95.338984,633.384413,-24.338142,634.907107,-144.408063,636.960737,59.946883,-0.003448,1,0
18.833000,-62.783517,204193.490897,177.274985,202752.890573,57.112099,204170.637471,95.190136,624.412917,-24.232075,632.538184,-145.063981,633.930938,59.962337,-0.002335,1,0
18.867000,-62.754370,204030.783349,177.061938,202260.595078,57.220037,203036.164085,95.253284,629.121308,-24.750414,629.631644,-144.689124,635.399802,59.953390,-0.011180,1,0
18.900000,-62.634753,203223.276031,177.259448,202921.573330,57.280215,201052.041820,95.410404,628.417678,-24.613714,632.815549,-144.484540,633.205574,59.956455,-0.008149,1,0
18.933000,-62.781022,204912.711453,177.424192,203084.765671,57.390165,204040.993227,95.223841,625.306018,-24.353155,629.606731,-144.654223,629.280898,59.959071,0.010076,1,0
18.967000,-63.030564,201446.036288,177.325765,203567.475071,57.326297,202406.687761,94.851008,628.632533,-24.736688,630.801312,-144.673357,628.283124,59.955248,-0.008106,1,0
19.000000,-62.831907,204488.575721,177.256615,202571.730769,57.087190,202231.854944,95.132880,630.351730,-24.783530,634.237552,-145.208865,635.997387,59.961883,0.009971,1,0
19.033000,-62.979917,203314.562882,177.234813,204016.955266,57.255118,202260.982212,94.767796,632.643403,-24.872561,630.138660,-145.078311,629.255307,59.960607,-0.003029,1,0
19.067000,-62.707906,202826.267185,177.126862,203157.146370,57.283135,202514.597807,95.155698,634.511475,-24.828698,630.406242,-144.597553,632.202925,59.961993,-0.003380,1,0
19.100000,-62.842830,203317.568672,177.183672,202013.156882,57.104198,202504.415204,95.258657,624.863007,-24.707217,629.276446,-144.807053,634.720859,59.957115,-0.002682,1,0
19.133000,-62.773663,202512.070080,177.426220,202542.107606,57.142319,202106.562463,95.442113,627.111155,-24.684596,625.323855,-144.861718,628.886820,59.960761,0.000285,1,0
19.167000,-63.002851,204585.168357,177.329019,203945.748050,57.309357,203692.548179,95.257668,630.473227,-24.485449,629.227858,-144.540488,624.291805,59.955627,0.006536,1,0
19.200000,-62.685006,203429.758051,177.226719,204182.221522,57.198848,203233.969351,95.314844,627.278035,-25.014325,625.823257,-144.706044,630.680174,59.953224,0.004232,1,0
19.233000,-62.669201,204000.640638,177.218947,201166.894159,57.073007,201830.766639,95.532256,623.720080,-24.624841,629.628167,-144.815358,633.284995,59.953716,-0.002341,1,0
19.267000,-62.872033,202758.637278,176.981231,203963.788388,57.306867,203639.193439,94.955804,633.257898,-24.920752,626.759820,-144.765589,627.729662,59.961051,-0.001290,1,0
19.300000,-62.604789,203570.210436,177.190342,203444.007443,57.244543,204611.443025,95.337429,619.017680,-24.581125,630.943768,-144.853974,632.997805,59.955646,-0.009698,1,0
19.333000,-62.963289,204999.788234,177.087708,203184.361078,57.142735,201856.422047,95.045270,634.707006,-25.006694,630.602144,-144.809798,629.966748,59.959051,-0.001970,1,0
19.367000,-62.551270,202951.762201,177.237819,204516.271963,57.192454,204368.552885,95.558772,631.747373,-24.738650,624.672499,-144.871428,628.140930,59.962346,0.001865,1,0
19.400000,-62.915568,201813.298454,177.251792,203543.922849,57.200449,203255.554681,95.256214,635.314139,-24.580992,632.390154,-144.723651,632.148957,59.952600,-0.004322,1,0
19.433000,-62.691212,202921.052250,177.326588,201137.352167,57.447660,203650.357714,94.998200,626.168141,-24.581560,637.028742,-144.605249,630.155016,59.960998,0.007938,1,0
19.467000,-62.706175,203926.070584,177.286751,203209.840676,57.527001,203132.151128,95.331578,633.810956,-24.521037,630.850533,-144.654427,626.433877,59.961589,-0.000990,1,0
19.500000,-62.688569,204914.129472,177.369922,202190.343004,57.348940,205234.028001,95.517599,633.553741,-24.745753,631.305968,-144.468640,631.107195,59.956506,0.003482,1,0
19.533000,-62.648734,201864.798454,177.250700,201969.255230,57.298342,204290.008809,95.282708,632.254744,-24.796553,626.462524,-145.048799,630.449561,59.957365,0.009786,1,0
19.567000,-62.765761,203624.265311,177.339646,202349.006652,57.272945,201161.961374,95.299150,628.405216,-24.678220,638.082936,-144.525774,637.963050,59.954570,0.006773,1,0
19.600000,-62.653522,202548.474621,177.246348,202946.301380,57.301995,201308.905404,95.321192,627.922026,-24.545726,626.638721,-144.816647,634.441238,59.949698,-0.006358,1,0
19.633000,-62.756453,203738.090000,177.262984,204091.716374,57.352073,203730.691313,95.389246,631.901488,-24.464449,633.476023,-144.711905,627.518270,59.955519,0.006546,1,0
19.667000,-62.883026,202839.458345,177.163472,203630.110050,57.192697,202323.448435,94.982249,624.267031,-24.646937,629.322795,-145.164431,620.933375,59.953992,0.001597,1,0
19.700000,-62.678859,202692.780759,177.286316,202215.467163,57.213990,202800.739069,95.300475,632.386893,-24.866070,629.530918,-144.901462,630.125719,59.961113,0.004919,1,0
19.733000,-62.721208,203011.279857,177.410457,202640.298452,57.357462,203968.711961,95.321342,619.070311,-24.392123,624.781308,-144.885891,625.609648,59.960672,-0.009072,1,0
19.767000,-62.707561,203285.662704,177.219776,203284.205675,57.205303,203674.742014,95.310934,627.600226,-24.594685,631.038406,-144.572682,628.642480,59.954439,0.000448,1,0
19.800000,-62.747401,202668.502060,177.301469,203359.084508,57.326203,203517.639213,95.211558,632.589109,-24.636992,621.805123,-144.791861,625.283076,59.959801,0.013876,1,0
19.833000,-62.685080,203899.923119,177.286401,204085.031998,57.316094,204308.404680,95.314454,634.504404,-24.800662,621.618017,-144.457762,632.752237,59.953038,-0.011802,1,0
19.867000,-62.768282,200789.113048,177.407759,203509.760158,57.317482,203272.290358,95.475066,622.339432,-24.385652,630.136047,-144.595793,631.243615,59.958566,-0.010815,1,0
19.900000,-62.857435,202800.959734,177.161580,203700.718441,57.286894,200905.358630,95.235472,629.363050,-24.849595,634.936185,-144.308004,630.629174,59.951385,-0.001992,1,0
19.933000,-62.514222,202532.338221,177.281574,204458.349856,57.229152,204124.430531,95.387064,627.457119,-24.608822,630.153734,-145.013053,632.726608,59.960765,-0.011416,1,0
19.967000,-62.912162,199856.030576,177.209853,204441.994583,57.138491,204584.604370,94.986117,624.054339,-24.832811,632.628538,-144.463426,628.070940,59.951085,-0.000447,1,0
20.000000,-62.931925,202228.284913,177.061832,201852.724022,57.233977,203159.500150,95.230151,626.611447,-24.893802,627.758151,-144.645932,632.845844,59.953428,-0.005192,1,0
20.033000,-62.836512,202576.713106,177.225551,204219.604472,56.996584,202479.794197,95.295050,631.640255,-25.086479,623.235604,-145.017596,622.912447,59.950138,0.004046,1,0
20.067000,-62.737407,204817.352370,177.205341,204119.267640,57.270341,204197.176750,95.058417,626.829844,-24.712364,629.218829,-144.961510,631.067852,59.958682,0.009620,1,0
20.100000,-62.606489,202752.167725,177.314025,203052.777063,57.101377,202584.856777,94.954895,627.384389,-24.747892,624.150309,-144.773179,631.722850,59.953139,-0.006420,1,0
20.133000,-62.816642,204829.355306,177.205554,203641.606839,57.181567,203463.097538,95.287197,624.512609,-24.628591,627.254945,-144.878426,631.716867,59.955777,0.006134,1,0
20.167000,-62.769590,202241.462546,177.331256,204820.151832,57.212059,203564.058185,95.479394,624.583802,-24.363864,629.693250,-144.641905,623.425117,59.948341,0.004354,1,0
20.200000,-62.830209,202202.207849,177.352909,203336.356299,57.259900,203171.301731,95.454314,625.497025,-24.210818,630.786200,-144.220332,635.869108,59.960285,0.001213,1,0
20.233000,-62.686670,204291.945065,177.107111,203081.390721,57.115718,203257.852246,95.231569,623.628968,-24.854936,626.962650,-144.616338,624.873401,59.956361,-0.005074,1,0
20.267000,-62.889347,203304.223082,177.340846,204562.928447,57.202785,202634.752321,95.249557,624.204048,-24.831451,623.838286,-144.975682,617.919379,59.953045,0.008136,1,0
20.300000,-62.790513,201822.379095,177.074258,204106.060919,57.200409,203486.079187,94.896603,630.412473,-24.970772,631.111880,-145.028777,632.449511,59.956101,0.006901,1,0
20.333000,-62.633061,203684.392026,177.183763,204216.691327,56.983208,203077.725600,95.436671,629.872384,-24.857537,637.145648,-145.261620,625.647579,59.949920,0.012673,1,0
20.367000,-62.766751,203015.764809,177.205908,204465.097010,57.201041,203520.204231,95.215891,627.845665,-25.102585,633.058209,-144.842300,627.198612,59.948144,0.008471,1,0
20.400000,-62.870101,203573.500847,177.033452,202060.615357,57.009849,202811.650046,95.072503,621.074231,-25.101138,628.577636,-144.620298,621.463914,59.948579,-0.012699,1,0
20.433000,-62.914961,203965.926644,177.151295,204915.871934,57.057215,201764.656881,95.078148,628.353331,-24.765500,624.860442,-145.138714,626.968296,59.949615,0.011692,1,0
20.467000,-62.913934,203127.963964,177.212985,201844.824325,57.181483,203901.185861,95.137202,625.652588,-24.609200,623.572571,-144.739301,621.923139,59.953211,-0.005201,1,0
20.500000,-62.865006,203987.975498,177.195605,201543.769638,57.161178,203787.855133,94.894037,624.010340,-24.670756,628.116282,-144.929907,621.295310,59.954870,0.008684,1,0
20.533000,-62.883484,200914.511146,177.138468,203325.981049,57.165122,204243.054010,95.057254,626.329419,-24.629681,627.522547,-145.269363,625.181064,59.952049,0.007378,1,0
20.567000,-62.724939,202774.302445,177.149959,202111.357268,57.224097,204022.606146,95.127252,627.983006,-25.018435,636.469372,-144.950409,624.289735,59.948839,0.007275,1,0
20.600000,-62.887522,204586.823391,177.226835,202819.997987,57.298880,202837.624006,95.013419,624.902984,-24.646324,629.597428,-144.536723,632.728338,59.939568,0.004825,1,0
20.633000,-62.636626,204309.418388,177.274044,201235.760185,57.238549,202524.576078,95.480524,633.419855,-24.587645,628.155632,-144.865703,632.287419,59.940287,-0.002284,1,0
20.667000,-62.868188,203047.780171,177.282278,204009.384438,57.204195,202486.250365,95.109323,624.892349,-24.536436,630.308772,-144.493650,622.862331,59.943710,0.008769,1,0
20.700000,-62.840462,201476.724819,177.155132,203167.801226,57.161448,204239.255295,95.324218,624.583539,-24.901701,620.267108,-144.794954,623.344061,59.949490,-0.003973,1,0
20.733000,-62.863213,203065.522165,177.302864,203264.420881,57.056776,201988.293860,95.156104,619.757424,-24.931877,628.497290,-144.834857,619.709701,59.943439,-0.002019,1,0
20.767000,-62.667388,201833.582593,177.155788,202143.910004,57.325553,203146.323502,95.084985,618.801899,-25.009276,624.317933,-144.628586,628.350993,59.951208,0.002607,1,0
20.800000,-62.632647,204549.043385,177.357897,201991.480989,57.369560,203454.585433,95.434873,623.566108,-24.635320,615.739527,-144.430110,624.297379,59.943985,0.005736,1,0
20.833000,-62.851892,202748.884364,177.199598,201573.875407,57.432366,202790.159446,95.378020,622.857836,-25.079372,623.851730,-144.692311,622.037636,59.942201,-0.000786,1,0
20.867000,-62.736065,202368.711878,177.296062,202143.190301,57.197214,203749.286666,95.079400,617.339718,-24.711457,617.560689,-144.875593,622.645692,59.948998,-0.007115,1,0
20.900000,-62.737100,202152.627679,177.364108,202636.557575,57.224747,202773.761529,95.203851,620.707952,-24.709573,628.791216,-144.725619,626.145620,59.948196,0.006295,1,0
20.933000,-62.762141,204198.079050,177.248726,201862.981912,57.342175,204426.416504,95.561787,627.580871,-24.397170,625.955751,-144.656856,634.272000,59.948072,0.001515,1,0
20.967000,-62.709702,202989.928864,177.298659,202236.110420,57.272977,202440.653152,95.113098,624.861334,-24.616442,625.945970,-144.620645,625.105726,59.943903,0.002814,1,0
21.000000,-62.766392,203301.107762,177.210384,203480.878924,57.154404,202719.152472,95.444191,624.036795,-25.088040,622.526420,-144.652564,619.921765,59.946564,0.004754,1,0
21.033000,-62.743909,203514.833128,177.277982,203267.178838,57.255365,205481.304736,95.015465,627.601165,-24.855917,624.365844,-144.586175,620.899999,59.953221,-0.008687,1,0
21.067000,-62.927827,203845.936535,177.482499,203624.444190,57.018420,201392.581340,94.970064,633.843218,-24.667940,633.741089,-144.996382,626.738864,59.957818,-0.007822,1,0
21.100000,-62.812223,204938.457250,177.231797,200850.649476,57.178129,203683.696914,95.322681,627.156330,-24.799120,626.147781,-144.741819,624.904762,59.945909,0.020148,1,0
21.133000,-62.803637,202870.041944,177.210479,205576.307695,57.187396,203234.688674,95.468897,630.308064,-24.835934,628.782807,-144.974783,624.173509,59.954624,-0.005984,1,0
21.167000,-62.784322,203451.108662,177.064426,202472.007111,57.073334,203699.864513,95.197718,628.018756,-24.681299,631.617095,-144.972755,620.224636,59.953261,-0.003248,1,0
21.200000,-62.786167,202598.119644,177.160817,203867.542647,57.119843,201012.673671,95.480078,630.965598,-24.925386,620.988363,-144.781088,628.062929,59.959650,-0.007554,1,0
21.233000,-62.804373,202755.866367,177.208096,203150.336115,57.156022,202713.749546,95.040870,627.187752,-24.907082,626.013053,-144.777281,628.871935,59.956634,0.005966,1,0
21.267000,-62.801478,204958.859737,177.324602,202617.719145,57.304095,201711.698284,95.492182,625.760110,-25.131143,624.818724,-144.789756,623.933007,59.953179,0.005289,1,0
21.300000,-62.917481,204094.307656,177.117332,201862.832404,57.306277,201208.479824,95.391219,627.997271,-24.882516,623.873842,-144.729853,617.678871,59.960029,0.008949,1,0
21.333000,-62.593023,203672.925754,177.083631,202961.744563,57.259012,203085.044063,95.216569,625.609564,-24.835226,629.077188,-144.519317,633.728389,59.958041,-0.006133,1,0
21.367000,-62.771287,204424.726394,177.023175,201928.560544,57.126485,204036.352840,95.295504,630.387055,-24.887895,629.992522,-145.013409,622.397720,59.954752,-0.008586,1,0
21.400000,-62.728837,203639.096507,177.233687,202052.279682,57.334857,203251.209740,95.260557,637.550360,-24.531222,640.476441,-144.621908,631.271516,59.951240,0.000199,1,0
21.433000,-62.744676,202417.619369,177.287715,203196.110384,57.238211,202262.127875,95.250467,632.550042,-24.743863,638.456937,-144.715262,634.269706,59.955133,-0.000363,1,0
21.467000,-62.762497,203273.911375,177.370618,202549.612881,57.189577,202320.131690,95.091108,631.038652,-24.565413,625.628968,-145.177991,636.970842,59.948594,0.002397,1,0
21.500000,-62.730420,203127.132848,177.278320,203017.057513,57.167457,200774.764000,95.026023,633.375186,-24.675500,637.085367,-144.771329,636.891950,59.952309,-0.012346,1,0
21.533000,-62.702611,202807.246597,177.269425,202744.295115,57.377063,202410.718473,95.258473,632.186427,-24.886339,638.490805,-144.155051,635.753126,59.955604,0.006737,1,0
21.567000,-62.651556,203182.312847,177.223271,204371.763021,57.020834,202647.407520,95.770063,636.615100,-24.655141,633.448207,-144.798443,636.654073,59.958097,-0.001807,1,0
21.600000,-62.722476,202624.556478,177.246027,202691.018518,57.170049,200195.788806,95.388487,634.261708,-24.887074,635.995242,-145.025821,629.909470,59.959207,-0.002197,1,0
21.633000,-62.866777,201463.016771,177.181180,202339.692301,57.187796,201904.814322,94.833305,635.133876,-24.730323,630.571718,-144.706894,630.589704,59.957854,0.003881,1,0
21.667000,-62.605173,201276.338225,177.366509,201784.148066,57.227580,202044.738536,95.472453,631.588799,-24.493382,632.667533,-145.035829,636.017923,59.958841,0.002001,1,0
21.700000,-62.748071,202639.203760,177.308764,203719.262423,57.268734,203052.259948,95.265690,634.225345,-24.649198,640.270034,-144.420820,639.415241,59.952066,-0.003996,1,0
21.733000,-62.824565,202471.685824,177.209367,203771.792676,57.303672,201854.730343,95.272191,643.836992,-24.855488,639.239680,-144.572355,638.604241,59.941906,0.008783,1,0
21.767000,-62.804704,201435.015766,177.256544,202466.218351,57.245510,202305.405722,95.259534,642.178329,-24.826233,644.332552,-144.675465,635.136202,59.945938,-0.003040,1,0
21.800000,-62.781899,202742.514051,177.330895,201827.279242,57.318949,200795.732054,95.256666,636.763187,-24.965726,635.079793,-144.874396,632.191992,59.953605,0.013973,1,0
21.833000,-62.615282,202407.024356,177.284495,202079.339133,57.237099,202770.684558,95.499801,632.664464,-25.048387,636.092994,-144.495685,639.095133,59.952490,-0.001242,1,0
21.867000,-62.534598,202264.978848,177.237591,200867.214485,57.170703,201356.083107,95.573010,635.552291,-24.499478,636.354124,-144.851820,636.195474,59.952851,0.008475,1,0
21.900000,-62.513402,201331.299050,177.151247,201087.441773,57.362981,200656.714465,95.623684,638.764856,-25.027680,636.598750,-144.698527,638.208352,59.945418,-0.008072,1,0
21.933000,-62.801942,201305.991024,177.387414,201421.381937,57.376624,200794.365585,95.373363,641.142451,-24.590486,640.545861,-144.680867,640.601508,59.946398,-0.001363,1,0
21.967000,-62.530923,201797.865909,177.405865,200279.319840,57.367905,201629.425567,95.429763,637.213355,-24.836002,635.053908,-144.514742,639.150907,59.956701,0.004091,1,0
22.000000,-62.513780,201927.269838,177.433085,201948.451730,57.269576,203588.579702,95.273685,643.202989,-24.359102,637.785357,-144.715836,639.323442,59.948941,0.001111,1,0
22.033000,-62.909526,202176.192256,177.441987,201613.531849,57.406224,202407.580382,95.299614,637.706572,-24.665614,638.072510,-144.673708,642.680526,59.951576,-0.002576,1,0
22.067000,-62.571812,202412.682126,177.383698,201220.166348,57.539235,201937.883722,95.385360,631.897152,-25.009286,634.840432,-144.641807,633.441959,59.949036,-0.002693,1,0
22.100000,-62.607954,202948.715461,177.560225,204188.850837,57.273900,201724.096017,95.298356,634.413519,-24.030603,640.667278,-144.445747,638.106626,59.943891,-0.003758,1,0
22.133000,-62.431472,203156.080978,177.418221,201856.418447,57.501300,202200.639909,95.529207,638.811250,-24.682806,640.219810,-144.620382,639.917228,59.947628,0.004345,1,0
22.167000,-62.620625,201318.705383,177.494573,202670.759647,57.303998,203105.032091,95.826764,640.590443,-24.549286,640.361537,-144.871215,635.765033,59.953711,-0.005248,1,0
22.200000,-62.689965,202621.788294,177.605750,203721.570314,57.390557,202742.638267,95.834421,636.263658,-24.394763,637.594651,-144.645203,636.043304,59.952133,-0.013443,1,0
22.233000,-62.664400,202780.853821,177.205963,201742.541987,57.526267,205079.893265,95.466453,639.575831,-24.807750,642.989907,-144.323580,640.928749,59.954062,-0.002805,1,0
22.267000,-62.418894,204027.020013,177.397185,202926.605044,57.474883,202266.216000,95.894393,642.917981,-24.723729,640.701701,-144.431498,641.780456,59.948743,0.002195,1,0
22.300000,-62.374381,202123.179312,177.468300,200025.201696,57.053819,202983.568717,95.340000,643.746372,-24.629855,645.979650,-144.915366,641.692480,59.946812,-0.005941,1,0
22.333000,-62.533474,202459.359923,177.479078,203629.936965,57.450029,200978.523851,95.235687,640.883657,-24.495524,641.769151,-144.578910,646.404242,59.949091,0.012058,1,0
22.367000,-62.688357,203193.446080,177.354596,203286.090697,57.443866,201835.264619,95.485734,646.476965,-24.572312,650.226430,-144.545007,641.414061,59.951545,-0.005265,1,0
22.400000,-62.663065,201304.731550,177.610324,202429.463396,57.399612,202463.198854,95.007710,650.210204,-24.515277,637.179324,-144.388202,654.057751,59.950055,0.000245,1,0
22.433000,-62.591723,200296.003008,177.522747,201383.707695,57.474482,201900.120569,95.439683,645.014493,-24.110955,645.040850,-144.184633,643.533266,59.946617,0.003412,1,0
22.467000,-62.588922,202881.223232,177.434369,201522.231434,57.488102,202283.566489,95.388050,646.618799,-24.552777,644.005141,-144.442129,642.890978,59.951203,0.001834,1,0
22.500000,-62.566573,202075.107980,177.481198,202829.005439,57.269763,203007.008082,95.517110,640.155904,-24.470411,647.952559,-144.968670,646.660435,59.941081,-0.001073,1,0
22.533000,-62.516372,200543.064991,177.315824,200711.605005,57.638555,201131.622109,95.242776,640.839420,-24.668705,653.965805,-144.496742,641.637617,59.948941,0.008273,1,0
22.567000,-62.539879,202462.552664,177.245671,200732.063477,57.545792,201662.639288,95.168908,648.929651,-24.519204,646.764018,-144.252350,641.434757,59.948931,-0.001935,1,0
22.600000,-62.580531,203459.654256,177.571983,202838.511761,57.533630,205350.116509,95.354153,640.249497,-24.513612,648.487084,-144.390120,640.215041,59.955117,-0.004873,1,0
22.633000,-62.542691,201046.921469,177.520505,201197.755175,57.555937,202032.568477,95.344630,639.766556,-24.451857,649.169195,-144.620175,640.541665,59.947948,-0.006967,1,0
22.667000,-62.670617,201695.770275,177.567652,203720.659090,57.518017,201235.083495,95.338180,640.277064,-24.317427,640.316397,-144.400586,647.978783,59.948720,0.012668,1,0
22.700000,-62.434990,201344.978043,177.495823,202474.335726,57.295649,201528.247609,95.451838,649.130187,-24.645079,643.526914,-144.712094,644.324402,59.943900,0.004348,1,0
22.733000,-62.634616,201235.480334,177.372404,201260.432265,57.517160,201957.505853,95.310366,649.540860,-24.769342,650.364022,-144.173235,652.240170,59.946495,-0.003568,1,0
22.767000,-62.582231,201582.148047,177.234909,200874.272159,57.591613,201569.104388,95.596841,653.087675,-24.605681,648.015762,-144.393356,653.104267,59.949180,-0.006648,1,0
22.800000,-62.504107,201234.914226,177.447669,203572.654481,57.557152,201725.855557,95.448659,656.308525,-24.576993,649.402310,-144.637191,649.181826,59.947264,0.005400,1,0
22.833000,-62.318895,200621.033720,177.285870,203203.811902,57.478884,200909.053084,95.850411,647.607201,-24.322822,647.351866,-144.257499,651.752993,59.945950,0.010024,1,0
22.867000,-62.630030,200473.403545,177.255329,201171.933551,57.377243,200879.885023,95.215544,650.308923,-24.940511,644.318011,-144.666951,649.491449,59.940040,-0.014921,1,0
22.900000,-62.576803,202269.936354,177.500755,201155.799185,57.421957,202398.069981,95.428504,646.792502,-24.348083,642.756189,-144.477590,651.817543,59.944606,0.003658,1,0
22.933000,-62.463684,201535.360602,177.500153,201806.675364,57.388785,200983.488246,95.550045,652.498425,-24.443089,651.331978,-144.733675,648.154574,59.942287,-0.002705,1,0
22.967000,-62.716647,205096.101117,177.411887,202007.580614,57.304627,200608.850896,95.335291,644.598111,-24.432513,641.535454,-144.740171,648.621059,59.942509,-0.013637,1,0
23.000000,-62.490927,202699.024175,177.526907,201982.217821,57.449371,200500.542319,95.436024,644.074364,-24.249622,645.187461,-144.663449,643.871738,59.946846,0.002099,1,0
23.033000,-62.378932,200729.007879,177.499492,201762.260779,57.562806,201652.483185,96.004164,650.744827,-24.662812,645.868694,-144.839731,650.130150,59.950722,-0.009301,1,0
23.067000,-62.457068,200732.917146,177.389400,204348.426111,57.519876,202468.509163,95.519347,647.570685,-24.503944,647.125364,-144.455407,649.301723,59.946592,0.000269,1,0
23.100000,-62.396186,202670.935604,177.420005,202908.089760,57.530910,200294.343038,96.018323,649.568538,-24.656838,649.118774,-144.222592,643.794894,59.951945,-0.001033,1,0
23.133000,-62.461873,199906.766761,177.524014,202166.755979,57.533079,202554.379847,95.482468,644.414687,-24.319422,641.628180,-144.450710,642.515867,59.949416,-0.002377,1,0
23.167000,-62.482439,200417.332251,177.463812,201656.544014,57.351075,202463.374228,95.602025,647.482870,-24.440679,648.886678,-144.690389,650.033540,59.946487,0.013408,1,0
23.200000,-62.464286,200995.282687,177.471007,200108.836898,57.678732,202114.394989,95.544301,637.165133,-24.549580,650.783047,-144.608432,654.391399,59.953286,-0.002045,1,0
23.233000,-62.436187,201643.188040,177.473950,201899.845541,57.482581,199733.455127,95.460048,650.572960,-24.445842,647.875471,-144.307515,651.508131,59.947000,-0.005930,1,0
23.267000,-62.460571,201351.138437,177.424102,199631.728038,57.681372,202155.067471,95.398308,650.402710,-24.755811,647.120141,-144.227443,643.135255,59.948069,-0.007687,1,0
23.300000,-62.513130,200416.808582,177.460571,201229.246319,57.586301,202498.895853,95.373792,649.647209,-24.531175,647.258374,-144.324993,647.595790,59.949512,0.015566,1,0
23.333000,-62.500842,202080.570953,177.605282,200697.991586,57.483548,202215.111570,95.519308,639.220118,-24.362053,643.274922,-144.375789,646.884871,59.955671,0.004472,1,0
23.367000,-62.344948,200076.603487,177.671608,203178.659737,57.582248,201314.000590,95.512159,657.674569,-24.202742,649.570078,-144.249486,649.998249,59.949019,-0.002446,1,0
23.400000,-62.397944,202560.063215,177.437590,202473.227953,57.698581,202695.801703,95.814774,646.601244,-24.614777,648.451418,-144.271642,647.814634,59.947644,0.009811,1,0
23.433000,-62.366612,201179.256692,177.678377,201475.271293,57.524241,202436.576687,95.907028,654.044207,-24.375570,648.339347,-144.329692,647.040628,59.945832,0.001359,1,0
23.467000,-62.509430,202914.849751,177.566732,202028.162822,57.714300,201286.714160,95.055077,649.165376,-24.450366,653.897370,-144.024309,649.442198,59.953909,0.007280,1,0
23.500000,-62.380129,201070.705394,177.726576,200589.173092,57.668488,201629.369733,95.493047,649.309410,-24.160999,651.784798,-144.188230,652.759706,59.955160,-0.008014,1,0
23.533000,-62.381139,201644.644013,177.725863,200184.991505,57.640331,199992.737407,95.517514,654.666636,-24.107327,651.519265,-144.578988,650.065581,59.952827,-0.003295,1,0
23.567000,-62.496991,201055.259579,177.557444,200535.143581,57.361329,200882.705941,95.772047,653.001567,-24.424461,655.505234,-144.419116,648.377821,59.948529,0.006979,1,0
23.600000,-62.491715,200931.665374,177.619383,199822.608462,57.560816,199520.684036,95.453736,642.678646,-24.395804,649.140817,-144.049196,650.959033,59.945858,0.000141,1,0
23.633000,-62.372871,200900.098912,177.611575,201190.022856,57.688478,201049.236956,95.746914,648.964168,-24.633636,650.847540,-144.348109,647.917666,59.946795,0.017544,1,0
23.667000,-62.281026,201608.893466,177.551183,201654.167313,57.720847,200855.988463,95.706536,653.832130,-24.212247,651.719152,-143.859784,655.474550,59.944891,0.003858,1,0
23.700000,-62.616542,202945.098141,177.377542,202107.564031,57.470024,199991.754505,95.174901,657.077749,-24.583841,657.277633,-144.627995,653.837965,59.953167,0.004306,1,0
23.733000,-62.390498,201914.583917,177.395442,202361.323160,57.610494,202000.293599,95.675404,652.682697,-24.369969,658.493962,-144.333469,657.202384,59.950227,-0.011037,1,0
23.767000,-62.609727,199931.506838,177.635658,201966.066032,57.459980,202672.715318,95.682594,653.248141,-24.036415,650.206380,-144.582457,652.458690,59.950694,-0.001747,1,0
23.800000,-62.346837,202176.546392,177.676544,202179.348934,57.639512,201883.927812,96.122583,654.002609,-24.258255,661.160177,-144.495982,654.199858,59.944586,-0.001405,1,0
23.833000,-62.431411,201702.292593,177.527918,202870.789048,57.537219,201638.492177,95.638937,659.245281,-24.051905,658.050717,-144.514530,655.934913,59.948992,0.008951,1,0
23.867000,-62.468559,200659.923111,177.317242,201446.053952,57.308398,203071.188231,95.390440,657.145225,-24.585757,660.625958,-144.553670,649.181525,59.946709,-0.001893,1,0
23.900000,-62.500226,202394.169163,177.399590,200304.773786,57.338598,202405.883952,95.549364,657.627833,-24.491925,659.547896,-144.758487,660.054684,59.950132,-0.006252,1,0
23.933000,-62.330741,201234.270604,177.510470,201461.633942,57.553000,203524.875962,95.634131,660.381389,-24.368267,656.853654,-144.571042,649.445028,59.946310,-0.002717,1,0
23.967000,-62.476029,200233.292040,177.588931,199746.586616,57.478890,202237.924570,95.773188,666.123791,-24.620834,655.140549,-144.900986,659.759984,59.945716,-0.001573,1,0
24.000000,-62.480790,200688.639803,177.461581,202676.057674,57.460550,202399.467555,95.787109,658.090990,-24.540536,658.988530,-144.360571,658.388728,59.951748,-0.002443,1,0
24.033000,-62.420707,201585.754734,177.669025,200339.608413,57.350000,201151.127106,95.549124,659.379735,-24.148795,652.364217,-144.777064,663.683157,59.947205,0.008264,1,0
24.067000,-62.521384,201445.414136,177.720071,202680.610269,57.525653,200401.297055,95.651404,655.000107,-24.454405,653.022235,-144.127807,657.240110,59.946616,-0.002130,1,0
24.100000,-62.305430,203402.090550,177.574820,202146.244727,57.549392,203451.914887,95.620628,657.025044,-24.267102,654.665769,-144.200546,655.310129,59.950102,-0.004759,1,0
24.133000,-62.213806,201422.580125,177.758898,200639.153187,57.567560,203095.851515,95.896593,650.531855,-24.100140,654.282724,-144.356525,654.110729,59.948742,0.000990,1,0
24.167000,-62.405229,201473.846950,177.810490,202305.933207,57.658294,201437.606002,95.636731,653.454438,-24.287329,648.407594,-144.555210,649.420051,59.953306,-0.008721,1,0
24.200000,-62.373834,203682.370751,177.707494,201821.419288,57.615695,201992.640713,95.551299,653.240922,-24.092582,658.134863,-144.436522,658.836063,59.951753,0.008389,1,0
24.233000,-62.334812,203015.769222,177.737501,202375.930396,57.615901,200365.021833,95.610230,654.240050,-24.201628,658.440886,-144.516563,659.797450,59.953054,0.007542,1,0
24.267000,-62.419877,201372.334695,177.655272,202956.106826,57.482917,201723.620222,95.644322,655.536787,-24.454350,665.412952,-144.629527,658.427784,59.949788,0.002763,1,0
24.300000,-62.395002,200995.931632,177.467237,202309.649510,57.603287,201451.536780,95.649367,653.915277,-24.389422,656.177504,-144.662506,652.880416,59.957492,-0.006184,1,0
24.333000,-62.355540,202048.444282,177.667862,201241.853679,57.454312,202676.281970,95.861350,656.606302,-24.180649,658.792521,-144.529186,655.961633,59.948196,0.001325,1,0
24.367000,-62.384930,201505.108662,177.743493,202741.147740,57.554670,202321.880164,95.090742,651.386846,-24.154338,658.426734,-144.534402,652.195105,59.952070,-0.003733,1,0
24.400000,-62.300020,202913.608934,177.520897,202913.153842,57.601627,201432.812523,96.003319,655.445431,-24.598283,656.372032,-144.291311,659.733586,59.948269,-0.005024,1,0
24.433000,-62.373018,202040.835487,177.620637,202216.817281,57.548326,203393.820779,95.506996,657.437047,-24.620540,657.560089,-144.695017,654.365683,59.953663,0.003638,1,0
24.467000,-62.404148,202807.487908,177.353937,200773.972647,57.595832,201201.383608,95.350240,651.672778,-24.522604,655.440839,-144.281574,660.959096,59.951616,-0.004856,1,0
24.500000,-62.494884,202311.950929,177.568500,199346.113723,57.440364,202343.099436,95.703222,657.264740,-24.439213,654.383951,-144.603533,665.212514,59.950057,-0.004617,1,0
24.533000,-62.466945,202839.239653,177.647921,202620.035187,57.619987,201680.629078,95.843071,657.588052,-24.495810,656.551509,-144.189338,657.312385,59.954069,-0.000071,1,0
24.567000,-62.425008,201299.700868,177.320838,202657.295112,57.537539,201038.443800,95.521779,658.529819,-24.519794,662.819038,-144.524372,660.949958,59.949179,-0.001072,1,0
24.600000,-62.329845,203743.447650,177.560469,201844.249417,57.640131,202535.706790,95.518517,662.327708,-24.383768,657.987330,-144.786987,655.337658,59.949315,0.012648,1,0
24.633000,-62.438853,201950.502849,177.591794,200905.805916,57.466966,202132.063547,95.684020,654.563707,-24.361016,658.685736,-144.409944,653.709946,59.939596,-0.003571,1,0
24.667000,-62.499453,201942.457185,177.589923,201290.801164,57.626142,201318.213822,95.539248,660.301138,-23.856860,656.902758,-144.523947,658.020638,59.948292,0.000230,1,0
24.700000,-62.456744,200667.290424,177.595109,201004.413566,57.621331,201464.787893,95.555755,664.283503,-24.325659,664.131624,-144.538138,661.289443,59.949591,0.003911,1,0
24.733000,-62.448137,201659.357172,177.443605,202321.681140,57.577472,202010.229752,95.382324,656.981036,-24.489618,661.516383,-144.422719,662.841658,59.951969,-0.002587,1,0
24.767000,-62.290592,200840.936605,177.632016,201984.619224,57.480687,202129.844933,95.799001,659.106056,-24.400527,658.574314,-144.415585,663.469424,59.948517,-0.009907,1,0
24.800000,-62.206047,201686.469453,177.572361,203714.452247,57.691489,202991.575744,95.704161,663.029824,-24.280103,660.511895,-144.242767,662.737981,59.947025,0.007196,1,0
24.833000,-62.365532,202160.095588,177.409149,202009.781681,57.718157,202036.289858,95.778767,663.105842,-24.470376,662.135330,-144.594508,662.457012,59.951481,0.007982,1,0
24.867000,-62.386954,202889.197009,177.568427,201211.648623,57.449336,201147.710141,95.704961,658.737002,-24.413108,670.368852,-144.549499,661.823108,59.952716,-0.001370,1,0
24.900000,-62.558500,202640.151193,177.390917,200604.349822,57.644301,201612.544811,95.598128,658.813643,-24.857897,659.481636,-144.554456,658.024513,59.943345,0.003789,1,0
24.933000,-62.486218,202255.671457,177.592540,202169.791712,57.682990,201780.154399,95.132505,654.823312,-24.255046,659.836138,-144.352982,658.077818,59.948539,0.004816,1,0
24.967000,-62.331615,202526.589242,177.622189,201905.267216,57.617904,202881.055265,95.716555,660.970438,-24.242273,662.652589,-144.488941,660.500599,59.950328,-0.006365,1,0
25.000000,-62.227522,202532.534406,177.463377,203567.867533,57.482491,202886.167715,95.887569,670.851368,-24.376070,665.597844,-144.522977,662.666257,59.937371,-0.005128,1,0
25.033000,-62.472352,201560.509525,177.326206,201378.919808,57.434622,202121.463704,95.524316,658.122568,-24.434704,667.899485,-144.876137,665.347174,59.948568,-0.004282,1,0
25.067000,-62.459889,202723.485287,177.503619,201107.501451,57.527555,200297.989072,95.535259,665.326468,-24.688389,662.056402,-144.512706,667.385999,59.942481,0.001259,1,0
25.100000,-62.418241,202824.833398,177.471397,201965.718229,57.626456,202287.682132,95.763931,659.714977,-24.561156,664.256364,-144.566424,665.810731,59.939055,-0.015396,1,0
25.133000,-62.577098,203516.818115,177.575235,201590.467095,57.555501,201793.759795,95.712960,660.392610,-24.595587,661.946717,-144.524581,661.369416,59.939536,-0.006150,1,0
25.167000,-62.693766,202241.987942,177.589528,200698.592200,57.707502,202002.677845,95.100419,658.007578,-24.493987,667.833570,-144.421158,658.779283,59.943635,-0.006297,1,0
25.200000,-62.634840,202208.767326,177.404627,200234.865631,57.467384,201188.142660,95.481550,659.105650,-24.588613,664.410022,-144.553692,655.786797,59.947293,0.006747,1,0
25.233000,-62.530636,202325.929103,177.526651,200850.573958,57.603799,201742.390486,95.753177,661.542838,-24.525166,660.702127,-144.362126,659.707951,59.943584,0.009111,1,0
25.267000,-62.315322,202519.137385,177.516890,202218.551579,57.619965,200625.584425,95.788373,656.879879,-24.163352,660.713070,-144.821820,658.728131,59.935823,-0.005040,1,0
25.300000,-62.440840,200808.807838,177.861169,201910.067945,57.579608,203205.461268,95.652366,659.881026,-24.095259,665.990430,-144.180090,657.879332,59.943824,-0.000586,1,0
25.333000,-62.307743,200841.390040,177.789908,200555.272248,57.894091,201865.483087,95.989820,657.910108,-24.269374,656.978584,-144.086946,662.626997,59.942163,0.012277,1,0
25.367000,-62.331167,202152.764540,177.870602,202775.185123,57.733351,203262.665765,95.631830,658.941513,-23.845565,667.793599,-144.260404,661.983756,59.940072,-0.000645,1,0
25.400000,-62.492844,201539.179460,177.645163,201934.337957,57.778321,200930.113557,95.631638,663.510635,-24.099765,662.379127,-144.015584,661.751236,59.945149,0.011943,1,0
25.433000,-62.679293,201445.333181,177.583914,202353.245224,57.568252,202706.831621,95.423314,658.807881,-24.624599,654.870034,-144.336762,664.067954,59.939256,0.006632,1,0
25.467000,-62.532346,202325.327096,177.624939,202588.821904,57.797305,202798.465460,95.599927,660.626409,-24.440261,657.541545,-144.711963,660.404646,59.940712,0.005550,1,0
25.500000,-62.466416,202729.482869,177.711785,203765.294751,57.575994,204067.160954,95.509989,656.731588,-24.188136,656.235083,-144.570500,656.673276,59.943285,0.007861,1,0
25.533000,-62.332127,200649.860721,177.614498,201212.976940,57.524544,200611.949208,95.888255,657.703708,-24.481303,657.964505,-144.404001,653.020792,59.941805,-0.008980,1,0
25.567000,-62.345685,201629.376763,177.658950,201647.012868,57.628451,202064.630395,95.705066,653.701156,-24.432374,661.708437,-144.539393,661.333606,59.941576,0.005754,1,0
25.600000,-62.249182,202763.229301,177.734151,202504.229768,57.724829,201707.787019,95.812866,658.196188,-24.217110,654.841644,-144.450296,653.282124,59.940262,0.010575,1,0
25.633000,-62.238637,203950.276374,177.589525,202573.979053,57.507206,204088.763366,95.916665,659.703858,-24.505142,653.615174,-144.741929,658.942184,59.942420,-0.010456,1,0
25.667000,-62.421962,202787.976274,177.425315,204093.345983,57.421249,203951.363524,95.626216,653.232216,-24.476479,660.476747,-144.892255,651.946932,59.947307,-0.005384,1,0
25.700000,-62.304529,203568.139808,177.502420,203114.780084,57.569836,202540.393919,95.758337,654.664540,-24.836316,654.227236,-144.567833,657.589716,59.949006,0.007293,1,0
25.733000,-62.422959,202576.095966,177.735808,202623.419637,57.401826,203122.733198,95.518495,649.081236,-24.161454,655.025979,-144.986042,651.683211,59.947512,-0.001115,1,0
25.767000,-62.276488,201207.715795,177.787786,202844.497914,57.564384,202313.258163,95.819076,658.481757,-23.970568,651.379856,-144.534335,657.765167,59.947930,-0.001421,1,0
25.800000,-62.300314,202935.414608,177.739578,203197.461008,57.896802,202098.696772,95.536263,656.891748,-24.250352,651.846492,-144.086604,648.965252,59.938522,-0.003944,1,0
25.833000,-62.351579,202616.891583,177.610693,203000.149157,57.624440,203077.819158,95.701721,651.649175,-24.328710,651.621845,-144.498998,653.884503,59.944805,-0.010644,1,0
25.867000,-62.284868,202311.590075,177.652564,202580.559242,57.724912,202568.812456,95.306153,653.618311,-24.334872,656.644117,-144.164519,660.744525,59.947677,-0.007076,1,0
25.900000,-62.341518,204249.134425,177.565776,203471.501847,57.556203,203501.418785,95.310675,658.821815,-24.773772,655.307099,-144.365094,655.574903,59.945361,0.002458,1,0
25.933000,-62.364192,203953.899890,177.620059,201894.991525,57.655479,202416.941712,95.635445,659.590389,-24.369160,661.020237,-144.534034,661.962648,59.947767,0.003495,1,0
25.967000,-62.225820,202406.300624,177.685453,201993.440472,57.598597,201695.600906,95.807791,654.275028,-24.450163,653.070379,-144.103670,657.556080,59.953024,0.005055,1,0
26.000000,-62.553271,201562.495529,177.671033,203270.438025,57.662381,203130.455285,95.251671,660.743434,-24.152434,656.808710,-144.407286,657.865342,59.943757,0.009722,1,0
26.033000,-62.396058,203944.131961,177.705289,205543.931467,57.626128,203348.925678,95.689562,662.533316,-24.005530,658.056558,-144.433897,654.624103,59.947222,-0.008004,1,0
26.067000,-62.218234,204250.655270,177.786212,202054.318356,57.599386,204235.718821,95.851112,655.426953,-24.109960,666.302403,-144.612239,657.199286,59.939972,-0.001390,1,0
26.100000,-62.179252,202566.933895,177.811856,202897.841098,57.605154,204089.041568,95.481419,647.969507,-24.009562,656.243667,-144.317623,656.738823,59.943618,-0.004967,1,0
26.133000,-62.440744,202981.217685,177.537488,199555.710452,57.860329,201824.821925,95.267867,656.611364,-24.444867,653.250532,-144.282859,655.119417,59.950335,-0.007782,1,0
26.167000,-62.255789,201728.766434,177.682489,202036.860015,57.353961,202971.038357,95.662542,655.525303,-24.294125,651.986860,-144.517779,663.187197,59.949093,-0.000835,1,0
26.200000,-62.273493,203086.863517,177.748905,204478.787822,57.619100,203992.742450,95.879376,658.020735,-24.331744,657.759882,-144.273527,662.226313,59.948754,0.006672,1,0
26.233000,-62.376575,202403.421752,177.604520,202814.911412,57.682540,202891.524493,95.575550,658.780770,-24.100446,661.230900,-144.409036,663.730827,59.946539,-0.005326,1,0
26.267000,-62.509916,204477.265204,177.790865,202573.807970,57.733477,203427.768804,95.389624,660.681821,-24.443326,664.140510,-144.426139,657.589979,59.947290,-0.015580,1,0
26.300000,-62.485330,202930.856383,177.803003,203956.395404,57.666476,201395.764000,95.300319,663.597234,-24.561894,658.856615,-144.095224,665.968525,59.938383,-0.003712,1,0
26.333000,-62.421784,202663.608073,177.775961,202081.360368,57.660540,203218.083567,95.826754,663.671290,-24.034301,670.261871,-144.455335,666.904655,59.946556,0.001271,1,0
26.367000,-62.359713,202636.352841,177.594607,202273.301559,57.599096,203286.673919,95.467810,663.733997,-24.523598,662.996112,-144.403301,667.193288,59.952661,0.006488,1,0
26.400000,-62.496294,203878.781676,177.433802,204233.886185,57.416478,201994.123929,95.465768,668.828561,-24.460199,667.400130,-144.513895,664.610347,59.949712,-0.003156,1,0
26.433000,-62.369138,203353.621045,177.590589,202275.912158,57.532206,202747.913245,95.612414,660.324212,-24.286921,668.721031,-144.690484,665.430204,59.949322,0.011404,1,0
26.467000,-62.459008,202737.636549,177.541088,204749.122784,57.524116,203377.963865,95.459224,668.818264,-24.524065,669.533527,-144.652322,666.622829,59.951128,-0.001075,1,0
26.500000,-62.304953,203104.665566,177.486825,203185.022326,57.554213,201240.475223,95.992521,663.787259,-24.535044,664.869602,-144.571091,663.769466,59.949240,-0.009133,1,0
26.533000,-62.278504,202831.989944,177.413088,203488.214219,57.630457,201477.183992,95.874388,662.568539,-24.606732,662.201809,-144.641068,664.667185,59.952709,-0.006531,1,0
26.567000,-62.390044,203527.296231,177.421102,203045.666037,57.635565,203831.429726,95.854370,664.050282,-24.375039,657.882966,-144.290943,667.863238,59.954189,-0.003483,1,0
26.600000,-62.445792,204166.694923,177.666944,202525.040367,57.688172,201924.775332,95.672068,666.697055,-24.230981,665.440211,-143.846184,665.278538,59.938343,-0.007719,1,0
26.633000,-62.426989,204399.046686,177.637601,203318.966116,57.633519,204206.849647,95.567951,665.803817,-24.003360,670.492068,-144.566021,663.973006,59.947440,-0.000370,1,0
26.667000,-62.359502,203972.072461,177.559941,202651.448166,57.619466,203524.763242,95.607269,657.535213,-24.890738,666.346367,-143.987417,664.740593,59.946257,0.007996,1,0
26.700000,-62.363937,202681.775460,177.575428,203135.540597,57.336665,202117.068685,95.684154,657.206132,-24.608326,665.436084,-144.931807,664.309588,59.948342,-0.002384,1,0
26.733000,-62.345694,202625.158004,177.536001,203653.153851,57.577635,203769.895982,95.696261,663.876671,-24.467228,661.498815,-144.568055,662.302544,59.957180,0.002674,1,0
26.767000,-62.526463,203349.953148,177.655779,203491.955572,57.469809,204308.706457,95.665573,665.543123,-24.431001,658.320173,-144.913284,661.682984,59.952742,0.005487,1,0
26.800000,-62.376911,202349.959002,177.691731,204326.674184,57.489816,204178.337707,95.835824,658.159638,-24.371406,666.448361,-144.624201,663.550501,59.952532,0.004836,1,0
26.833000,-62.351320,204609.046469,177.688410,203335.849558,57.566923,203292.999061,95.766718,662.435723,-24.368076,668.907481,-144.533426,661.628679,59.948908,-0.004151,1,0
26.867000,-62.362403,203665.714034,177.683236,203192.155130,57.568747,203817.110739,95.506321,663.017063,-24.123265,662.764333,-144.265429,667.095394,59.946853,-0.004090,1,0
26.900000,-62.265622,202359.960442,177.490423,203243.924510,57.459321,204722.623653,95.631600,669.484295,-24.665596,658.961768,-144.312464,656.991295,59.939597,-0.009721,1,0
26.933000,-62.195167,203902.866381,177.510272,201888.329130,57.683111,203581.311101,95.810404,655.465850,-24.717215,657.556437,-144.435167,653.814536,59.948686,-0.005268,1,0
26.967000,-62.283178,203101.488038,177.652798,202833.423436,57.751110,203194.681854,95.824155,661.320874,-24.342077,654.866424,-144.422854,658.811944,59.950875,-0.010126,1,0
27.000000,-62.138963,205823.561305,177.832881,205229.780665,57.594133,204051.288607,96.102659,658.917454,-23.876403,656.310789,-144.409733,655.595819,59.944591,0.005845,1,0
27.033000,-62.440422,203701.388455,177.667665,205671.307868,57.701148,205627.028918,95.815009,660.306719,-24.391127,654.580938,-144.141204,662.014947,59.954049,-0.010570,1,0
27.067000,-62.376232,204015.393668,177.710214,203190.821447,57.622254,203641.130287,95.715715,655.991587,-24.328096,657.741000,-144.604307,655.643744,59.953022,0.002186,1,0
27.100000,-62.423021,204239.696905,177.716827,203970.955106,57.613262,204173.608270,95.670895,654.716268,-24.318613,653.922064,-144.315024,652.446272,59.962845,-0.009315,1,0
27.133000,-62.284344,202789.550195,177.619915,204091.805196,57.778530,205986.812233,96.171785,652.787249,-24.600303,655.205672,-144.212930,654.641649,59.957614,-0.005895,1,0
27.167000,-62.276505,202616.162079,177.701612,203735.969326,57.781627,203103.083489,95.390005,648.696037,-24.412564,661.604214,-144.606882,657.025733,59.961196,0.007788,1,0
27.200000,-62.295934,204189.635249,177.740782,204494.018162,57.815339,203081.756192,95.643228,648.213061,-24.418376,652.376315,-144.189082,652.707869,59.959579,-0.000449,1,0
27.233000,-62.374413,204394.051950,177.857618,204318.512151,57.806185,204177.811565,95.331327,650.655921,-24.094501,653.170952,-144.292053,644.296239,59.962616,-0.004522,1,0
27.267000,-62.314734,205228.409391,177.762127,203426.423077,57.705106,203863.060532,95.583492,654.216958,-24.554928,653.641661,-144.032888,649.877339,59.958246,0.004582,1,0
27.300000,-62.386335,204326.303788,177.572250,202602.119088,57.702877,203525.074144,95.802272,654.819854,-24.332373,655.867780,-144.190953,655.128815,59.946507,-0.010015,1,0
27.333000,-62.355481,205320.740076,177.635691,204476.535701,57.708743,203492.960122,95.780977,650.942127,-24.334874,647.996274,-144.309335,655.298657,59.951675,0.010069,1,0
27.367000,-62.389726,204366.277770,177.863143,204784.726017,57.642008,203695.607916,95.684787,650.937835,-24.050645,650.359887,-144.343643,655.526648,59.954304,0.002795,1,0
27.400000,-62.238842,203838.149320,177.664782,203784.866593,57.866847,204714.296076,95.706684,656.074042,-24.194181,649.813934,-144.041111,652.223219,59.953267,-0.007053,1,0
27.433000,-62.330566,203837.527514,177.698357,203248.491020,57.557784,203572.176839,95.693397,649.351058,-24.235374,646.194395,-144.646201,651.266207,59.952800,-0.009398,1,0
27.467000,-62.392781,204040.998266,177.619996,201875.789508,57.775218,201023.465094,95.604438,656.903591,-24.507846,648.611255,-144.244514,657.597867,59.952373,-0.012394,1,0
27.500000,-62.212195,203630.175259,177.673024,202554.474242,57.696691,204439.310228,95.766199,649.992787,-24.408571,652.555710,-144.176516,652.266115,59.952706,-0.003604,1,0
27.533000,-62.155251,203481.773778,177.877702,204199.050759,57.765571,202369.505657,95.944392,653.143516,-24.153533,658.064901,-144.111463,660.063449,59.949109,0.003136,1,0
27.567000,-62.388956,203151.571108,177.667756,203386.287999,57.735131,204218.501939,95.752197,651.272339,-24.259708,660.867755,-144.136524,651.209689,59.954585,0.005547,1,0
27.600000,-62.329839,202736.344158,177.628227,203509.547179,57.676558,203375.001918,95.428078,661.289580,-24.381821,654.682290,-144.149481,652.272707,59.956887,0.003999,1,0
27.633000,-62.291093,203760.263940,177.815294,202496.125837,57.619293,202921.900745,95.892413,651.901191,-23.947246,654.622595,-144.477561,651.054476,59.955340,0.010195,1,0
27.667000,-62.291485,201798.376643,177.643414,202723.516010,57.617932,202218.895778,95.453702,654.594329,-24.363203,655.422216,-144.403850,659.626450,59.953900,0.000188,1,0
27.700000,-62.312349,202731.910802,177.431144,203334.745147,57.737136,202355.375396,95.827068,658.807418,-24.548826,655.970546,-144.069097,659.518071,59.946149,0.001029,1,0
27.733000,-62.498550,202951.924402,177.768967,203255.153946,57.598138,204925.373752,95.156305,654.348774,-24.106770,657.070511,-144.417054,656.594201,59.948250,-0.011788,1,0
27.767000,-62.291676,203232.200394,177.461886,201927.986539,57.596790,200260.832154,96.014629,661.540557,-24.809940,656.546093,-144.512682,656.217866,59.958995,0.003618,1,0
27.800000,-62.255139,201814.476642,177.839875,200589.491179,57.535327,202452.628804,95.763691,657.773901,-24.021323,658.935449,-144.404942,659.974481,59.958453,0.022254,1,0
27.833000,-62.297751,201653.512301,177.712213,202869.295765,57.613363,200983.448869,95.529302,654.663822,-23.960035,656.927583,-144.095218,653.070125,59.959452,0.001886,1,0
27.867000,-62.254774,201243.779130,177.831455,204782.146051,57.645173,202571.404953,95.846523,659.800784,-24.383095,660.878025,-143.714324,660.280289,59.961955,-0.002131,1,0
27.900000,-62.233356,203069.391587,177.676030,204091.118916,57.768725,202256.017927,95.796845,654.564960,-24.530815,664.284151,-144.408938,660.071861,59.964051,-0.010547,1,0
27.933000,-62.110410,203751.015663,177.863371,203360.798785,57.816228,202583.863841,95.594188,659.011774,-24.017327,658.937402,-143.879609,665.540411,59.964959,0.004069,1,0
27.967000,-62.261612,205013.304406,177.773734,202877.619625,57.712196,202346.722940,95.888241,655.959639,-24.262481,658.970595,-144.413122,659.003893,59.957895,-0.001025,1,0
28.000000,-62.266018,203184.774803,177.696899,201283.118225,57.660210,203212.796107,95.633328,660.398033,-24.463459,655.374023,-144.237730,658.240258,59.954160,-0.000799,1,0
28.033000,-62.287924,202108.424895,177.817417,203193.854888,57.633079,202871.000897,95.583995,660.942753,-24.053159,657.126088,-144.158817,651.854264,59.956438,0.003040,1,0
28.067000,-62.079794,202427.066390,177.789866,204698.194548,57.983485,204228.685286,95.839087,653.821383,-24.161362,658.224940,-144.100141,659.821958,59.956316,0.006624,1,0
28.100000,-62.229813,202509.547954,177.779834,204143.772931,57.897352,203296.949530,95.669073,655.512612,-24.101650,656.851115,-144.097568,664.309786,59.946874,0.006074,1,0
28.133000,-62.218956,201629.880097,177.796184,202427.660485,57.703450,201344.753323,95.694421,654.613048,-23.905297,654.782710,-144.271728,655.196660,59.960144,-0.008977,1,0
28.167000,-62.129333,201616.794275,177.814706,204391.229341,57.830402,201995.132311,96.022595,659.380926,-24.241096,653.518188,-144.307946,653.900638,59.955901,0.006418,1,0
28.200000,-62.066427,202451.290559,177.961093,203549.151696,57.665672,203352.857092,95.933303,662.119838,-24.158208,656.684218,-144.437108,660.840610,59.953803,0.011499,1,0
28.233000,-62.149657,203668.076533,177.649492,203634.109360,57.694665,204364.631791,95.681949,664.099244,-24.297798,656.708786,-144.598600,658.054665,59.951605,-0.002918,1,0
28.267000,-62.166695,203395.040101,177.789434,203843.586204,57.838366,203372.730670,95.966495,651.920345,-24.584596,657.290174,-144.057315,667.457455,59.946324,-0.000717,1,0
28.300000,-62.196289,203310.134426,177.810002,203698.608803,57.763829,203814.099896,95.723116,658.843189,-24.175723,655.864762,-144.169779,659.225885,59.958454,0.010708,1,0
28.333000,-62.281836,205185.989926,177.868359,204029.840414,57.844431,202958.992797,95.844738,661.564416,-23.925676,664.481339,-144.252095,664.806208,59.956691,-0.006047,1,0
28.367000,-62.148603,201237.350076,177.827401,203267.125841,57.848466,202426.887213,95.568170,662.279040,-23.891186,658.421267,-144.159897,662.500511,59.953734,-0.000707,1,0
28.400000,-62.296418,204159.524860,177.834993,201737.040369,57.773240,203093.282794,95.732485,656.008734,-24.266222,656.210041,-144.381626,660.385709,59.957296,-0.003163,1,0
28.433000,-62.419156,204517.400736,177.552514,203443.520539,57.815678,203636.633654,95.407394,661.369598,-24.112589,657.033586,-144.516862,659.239369,59.954236,0.003934,1,0
28.467000,-62.193038,204037.495485,177.782103,203463.223281,57.935315,203193.189007,95.788946,655.754778,-24.565687,659.361991,-144.046609,655.792182,59.953446,0.001189,1,0
28.500000,-62.247647,202086.856324,177.873550,203613.553783,57.758454,201020.002360,95.620434,660.815797,-24.017949,662.260592,-144.559411,661.304050,59.966069,0.006562,1,0
28.533000,-62.134784,202319.166517,177.657942,203512.835760,57.732598,202321.894744,95.810089,666.934062,-24.242199,659.925987,-144.264140,664.319164,59.960535,0.002800,1,0
28.567000,-62.142417,204770.059951,177.723012,204313.798653,57.582935,202951.591949,96.220588,663.029092,-24.259709,654.743300,-144.396215,661.149679,59.945522,0.000002,1,0
28.600000,-62.440650,203500.758423,177.707680,202386.395906,57.740959,203482.253974,95.550071,658.028842,-24.349719,652.434469,-144.455646,660.353069,59.951113,0.017082,1,0
28.633000,-62.322622,205806.321689,177.725439,204521.044431,57.754771,205256.047323,95.888116,660.311392,-24.042325,659.272373,-144.086418,660.116014,59.955250,0.001107,1,0
28.667000,-62.145482,204307.220603,177.707236,205138.630913,57.682759,204754.893862,95.531792,660.498473,-24.477342,658.033103,-144.231597,665.438055,59.954907,0.009712,1,0
28.700000,-62.224788,203795.315465,177.901052,205132.305891,57.948319,205266.347173,95.809417,665.516500,-23.670692,661.403678,-144.031758,670.017097,59.954089,0.006178,1,0
28.733000,-62.338190,203232.721967,177.558565,203313.334388,57.746458,203308.356895,95.668677,661.268780,-24.381455,663.604301,-144.193524,670.186393,59.948982,0.005474,1,0
28.767000,-62.276845,202401.975465,177.731169,204398.773953,58.094148,203952.602835,95.744749,664.317051,-24.334025,663.430260,-144.157922,662.722290,59.954128,0.003350,1,0
28.800000,-62.178693,202779.323115,177.668761,204917.693983,57.834716,201917.621698,95.846827,669.111115,-24.301905,669.106480,-144.142557,675.355976,59.957660,0.003800,1,0
28.833000,-62.073468,204019.019184,177.957672,206135.207198,57.772651,203573.706667,95.826645,660.741921,-23.919054,662.426210,-143.848141,662.058033,59.954732,0.001258,1,0
28.867000,-61.946708,202811.698085,177.791676,203779.279636,57.722099,203153.962676,96.010062,659.429778,-24.106172,665.599601,-144.306086,661.145346,59.954654,0.007906,1,0
28.900000,-62.289063,204766.355518,177.907997,205600.240567,57.803908,205173.901952,95.923842,667.074943,-23.966375,666.319529,-144.004435,664.244308,59.950862,0.003243,1,0
28.933000,-62.140945,205096.110184,177.875575,205212.083830,57.957177,204622.286871,96.180077,665.608799,-24.345261,663.555949,-144.317352,660.852714,59.953648,-0.007329,1,0
28.967000,-62.178207,203571.551993,177.778279,203787.688947,57.623846,204870.520139,95.714860,658.506510,-24.058199,659.967429,-144.285269,669.702524,59.955066,0.006762,1,0
29.000000,-62.143562,202708.380496,177.832207,203981.867568,58.045614,203217.888219,95.917239,664.050387,-24.204824,655.653220,-143.624812,663.794790,59.962427,0.003519,1,0
29.033000,-62.154007,201691.263100,177.689615,204804.651263,57.755858,203675.113053,95.879589,661.551577,-24.596271,664.239454,-144.510159,670.897382,59.960528,0.019673,1,0
29.067000,-62.203499,204316.075558,177.935218,202879.078830,57.767449,204808.556229,96.274601,672.578651,-24.168573,663.170895,-143.837350,666.382908,59.961736,0.004543,1,0
29.100000,-62.249219,203220.790407,177.749218,204698.118084,57.652009,205149.752306,95.722924,668.872793,-24.112984,664.068462,-144.461199,667.227516,59.961189,-0.005407,1,0
29.133000,-62.133240,204486.286577,177.892001,206089.727321,57.787168,203803.184319,95.494634,664.476729,-23.978096,668.241959,-143.911956,664.386096,59.957474,-0.001749,1,0
29.167000,-62.067031,204982.524587,177.966365,204316.174920,57.977865,204669.894470,95.796810,675.204428,-24.359571,669.283444,-143.955865,669.768148,59.955606,0.001842,1,0
29.200000,-62.080565,203717.962105,177.899133,204392.241191,57.933048,203787.499268,95.896640,665.783383,-24.362697,667.405064,-144.066194,664.898038,59.956599,-0.000642,1,0
29.233000,-62.011693,204611.502827,177.837164,202641.167122,58.116449,203168.060828,95.825521,668.651494,-24.113625,667.020973,-144.048118,665.028862,59.954133,0.002917,1,0
29.267000,-61.785871,205554.529624,178.103260,201975.094564,57.841194,204526.933253,96.334129,670.328876,-24.150169,663.397660,-144.235527,669.312262,59.953793,-0.002653,1,0
29.300000,-62.083601,203011.408111,178.039398,202967.530178,58.178543,203619.891363,95.761169,665.111715,-23.882527,670.888800,-144.005366,663.912794,59.955392,-0.005030,1,0
29.333000,-61.942686,204145.080758,177.952377,204085.032597,57.996983,202093.708240,95.890616,660.537877,-24.302749,669.566029,-143.893082,670.041622,59.962080,-0.003190,1,0
29.367000,-62.060294,202543.543905,177.953375,203418.416501,57.896912,205608.058500,96.084015,666.059128,-24.212473,672.799002,-144.210089,668.054928,59.957470,-0.000809,1,0
29.400000,-61.977100,202690.353472,177.806769,202200.516096,57.761639,204979.865509,96.041771,662.789935,-24.049301,673.426011,-143.976474,665.509414,59.965349,0.012910,1,0
29.433000,-62.157720,204916.853353,177.849032,204115.502680,58.117113,203797.764052,95.618332,672.892311,-24.272562,657.226966,-143.676621,661.986566,59.955817,-0.009292,1,0
29.467000,-62.058455,204043.224132,177.924474,203819.299965,57.749446,203063.111855,96.436060,662.764051,-24.241837,672.657093,-144.485492,669.991927,59.958007,-0.000676,1,0
29.500000,-62.306656,206581.756122,177.811022,203565.263671,57.821686,204606.689238,95.692167,666.377584,-24.306104,662.362250,-144.608852,665.716703,59.965750,0.001759,1,0
29.533000,-62.301417,204621.626367,177.804265,204470.488641,57.852747,204551.501314,95.633935,669.514263,-24.252413,670.650447,-144.123296,669.073481,59.958067,-0.001739,1,0
29.567000,-62.045256,204712.691517,177.687598,203610.895540,57.977201,202625.670182,96.054542,668.801560,-24.066317,667.584153,-143.931981,662.463278,59.963299,0.000261,1,0
29.600000,-62.192065,203545.595640,178.017351,204189.919607,57.749866,204410.304019,95.705738,666.084423,-24.013117,660.836842,-144.070422,663.127850,59.962508,-0.009012,1,0
29.633000,-62.265036,203918.741728,178.032629,203492.014996,57.747190,205043.119102,95.378741,663.299553,-24.046046,670.313255,-144.003968,664.075509,59.964075,0.000048,1,0
29.667000,-62.106946,203386.882116,177.931840,202767.403812,57.910581,203312.078084,95.706947,659.733232,-24.159032,663.692150,-144.144473,666.361454,59.957432,0.005926,1,0
29.700000,-61.938487,203817.400236,178.004930,204906.987123,58.021208,204181.394761,95.826936,660.277072,-24.117622,665.658222,-144.041665,667.861597,59.953072,0.002472,1,0
29.733000,-62.001311,202057.073844,177.986960,202780.091087,57.766346,203243.522488,96.030824,662.830661,-24.107805,668.271057,-144.086372,663.291832,59.956360,0.001928,1,0
29.767000,-62.179796,204395.551821,177.940598,204659.882772,57.982887,205865.420308,95.742396,663.780562,-24.148343,673.636840,-143.980375,663.142446,59.962503,-0.005138,1,0
29.800000,-62.068623,203995.828057,178.087119,203836.083554,57.879840,203122.650706,95.878356,665.642341,-23.746439,666.843288,-143.971668,670.463884,59.957009,0.002205,1,0
29.833000,-62.078636,202507.630443,177.900436,204761.451556,57.851788,203138.856835,95.750140,667.875112,-24.181746,666.324109,-144.165694,668.234721,59.956877,0.002878,1,0
29.867000,-62.191241,205219.771138,177.689695,203496.492940,57.764948,202960.508430,95.836541,669.303708,-24.291084,668.400054,-144.220733,672.246993,59.955680,-0.001796,1,0
29.900000,-62.186152,203108.181677,177.775001,201760.523571,57.852851,204749.812330,95.730617,675.205989,-24.169859,668.030061,-144.163098,663.429964,59.961536,-0.001131,1,0
29.933000,-62.047127,202676.255354,177.923859,204829.577488,57.869784,204424.184442,95.936807,666.005788,-24.064341,662.906319,-144.228241,664.380909,59.957409,-0.013171,1,0
29.967000,-61.937969,203832.626530,177.949629,203637.949356,58.038004,202615.353861,96.140639,662.747079,-23.988577,667.748594,-143.903157,663.133288,59.959172,0.006844,1,0
30.000000,-62.153248,205520.473714,178.082650,203649.535464,57.917019,203995.119574,95.672033,667.697832,-24.307400,667.070438,-143.999091,668.801287,59.956620,-0.008245,1,0
