TIMESTAMP,BUS1_VA_ANG,BUS1_VA_MAG,BUS1_VB_ANG,BUS1_VB_MAG,BUS1_VC_ANG,BUS1_VC_MAG,BUS1_IA_ANG,BUS1_IA_MAG,BUS1_IB_ANG,BUS1_IB_MAG,BUS1_IC_ANG,BUS1_IC_MAG,BUS1_Freq,BUS1_ROCOF,DATA_PRESENT,Event
0.000000,-59.220205,208479.754613,-179.147373,209670.996889,61.039338,207977.657150,99.100871,674.615046,-21.105999,671.691054,-140.999113,666.522323,59.967990,-0.010565,1,0
0.033000,-59.023081,209719.118891,-179.077394,207905.457065,60.881703,210199.375447,98.844819,671.832406,-21.228109,673.007978,-140.902029,674.972050,59.963623,0.011453,1,0
0.067000,-59.127761,207189.251463,-178.987984,207896.816051,60.765663,207747.875789,98.723700,666.500098,-20.800493,673.894107,-141.365855,673.072606,59.971431,-0.014395,1,0
0.100000,-58.931017,208064.946227,-179.103950,207983.128758,60.840827,209209.105929,99.059640,667.659332,-21.071627,669.754455,-141.103605,674.489772,59.967989,-0.003212,1,0
0.133000,-59.023795,207120.984966,-179.026268,207885.400073,61.151336,208809.152106,98.950565,663.386873,-20.844343,672.577581,-141.169970,666.542945,59.957119,-0.003154,1,0
0.167000,-59.124206,208636.992576,-178.898346,208181.360384,61.133990,208580.532646,98.511002,665.946490,-20.582589,673.683031,-140.806564,664.864099,59.959958,-0.008226,1,0
0.200000,-59.069100,207113.889081,-179.024744,207304.261827,60.893084,209226.484230,98.898021,671.087084,-20.807334,665.034202,-141.055018,666.245799,59.958248,-0.012220,1,0
0.233000,-59.026139,206628.324374,-178.927841,207858.906395,60.965461,208821.169921,98.730655,669.211959,-21.050715,664.808399,-141.045023,661.740449,59.957727,-0.002476,1,0
0.267000,-59.107528,206080.878293,-179.112805,207556.231409,60.792800,208356.412237,98.990852,667.622477,-21.279567,668.731825,-141.412875,672.079385,59.967807,-0.003077,1,0
0.300000,-59.047128,207143.418251,-179.173611,206406.414752,61.036456,207157.551539,99.239950,671.962791,-21.357820,671.747120,-140.740931,672.182575,59.959940,-0.004681,1,0
0.333000,-59.102194,206374.533060,-179.194004,208557.477165,60.655585,208953.192318,98.733002,666.599970,-21.230985,673.221001,-141.352854,663.108140,59.963383,0.003425,1,0
0.367000,-59.076330,208503.091504,-179.074912,208351.670669,61.088893,207891.897705,99.031258,672.125167,-20.977193,667.464382,-141.217958,665.936164,59.955641,-0.008126,1,0
0.400000,-58.932332,206191.045399,-178.842527,205699.432720,60.695738,208750.044636,98.975035,667.695124,-20.691110,665.623892,-140.884091,673.492995,59.958535,-0.009663,1,0
0.433000,-58.950873,207316.692722,-179.104265,208795.153737,60.674509,207588.106185,99.318177,663.647982,-21.162246,667.499459,-141.434060,670.187917,59.957008,0.009861,1,0
0.467000,-59.044782,207813.927316,-179.129910,207716.362024,60.995017,207618.399144,98.883025,670.571664,-21.274194,669.757833,-141.039620,668.925801,59.954217,0.003066,1,0
0.500000,-59.166318,207701.160690,-178.905650,207248.886138,61.071721,207946.042318,98.414515,665.266261,-20.715693,664.739695,-140.975480,664.155202,59.961242,0.010439,1,0
0.533000,-59.116113,207519.151373,-179.071493,207399.772767,60.940253,208650.725781,98.747421,668.240944,-21.285672,671.472927,-141.064822,671.529826,59.955966,-0.011582,1,0
0.567000,-59.082138,205928.405127,-179.070948,208233.838535,61.163775,207310.871289,99.027086,665.659074,-20.872153,668.197366,-140.950324,669.633211,59.962305,-0.009653,1,0
0.600000,-58.883981,208815.249988,-179.059571,208599.755429,61.136996,206468.467356,99.158868,667.842561,-21.000476,666.058210,-140.645278,666.698009,59.954088,0.002801,1,0
0.633000,-58.911503,207103.942073,-178.943743,204356.851605,60.966578,207525.589312,98.925331,667.998682,-21.382541,667.325968,-141.010466,668.970946,59.953332,0.008524,1,0
0.667000,-58.981592,207325.919353,-178.840612,208520.329427,61.019047,207743.004059,98.985882,665.502207,-21.062993,668.675008,-140.913596,673.999357,59.951721,-0.011591,1,0
0.700000,-59.033318,207257.745105,-178.990428,206450.661267,61.117437,208382.059967,98.824349,664.581525,-20.948020,663.456729,-140.878327,662.697794,59.964166,-0.010093,1,0
0.733000,-58.887109,207145.201446,-179.125378,208340.815396,61.059239,208748.840615,99.281352,672.872250,-21.112785,662.509515,-140.992216,671.223762,59.957247,-0.002274,1,0
0.767000,-58.964637,207943.998093,-178.786141,209647.745036,61.130758,208197.746011,99.004164,664.220194,-20.578881,666.412523,-141.272012,663.830359,59.953924,-0.001889,1,0
0.800000,-59.028266,205585.867994,-179.021101,208836.365806,60.976183,208813.790045,99.272012,672.654771,-21.179800,656.263735,-140.777360,661.074567,59.954400,-0.003182,1,0
0.833000,-59.123837,209683.053623,-178.949466,207226.929586,61.124744,206885.144358,98.984324,667.172572,-20.991667,666.040701,-140.991142,667.901623,59.961161,-0.009916,1,0
0.867000,-58.877238,206353.675333,-178.887807,205889.034849,60.833804,207759.436140,99.272666,670.263410,-20.895359,671.362737,-141.318092,670.053754,59.952106,0.002919,1,0
0.900000,-58.900833,205605.708432,-178.900031,206721.164620,61.145776,208020.181962,98.946639,665.925878,-20.758469,664.299305,-141.028020,665.101074,59.956054,0.000138,1,0
0.933000,-58.934618,208326.936996,-178.926929,208755.533015,61.110073,206315.438893,99.434662,666.384025,-20.749587,668.203038,-140.725068,669.450431,59.948720,-0.010268,1,0
0.967000,-58.953089,207680.867167,-178.948816,206509.402052,61.160526,207416.535011,99.225429,674.555385,-21.025065,664.146795,-140.828060,663.932819,59.954437,0.012116,1,0
1.000000,-59.014087,206828.841850,-178.961292,206508.438180,61.050555,208101.522272,98.694341,674.764094,-20.851221,669.167157,-140.673590,664.351540,59.952487,-0.003297,1,0
1.033000,-58.959991,207240.403266,-178.903198,208130.923707,61.119180,207687.970023,98.976632,662.391078,-21.003381,672.084337,-140.969200,664.768244,59.941771,0.007829,1,0
1.067000,-58.732890,207360.890582,-178.810230,207290.206819,61.236849,206461.952770,99.336952,668.518106,-20.582415,664.901983,-140.904732,664.441363,59.948386,0.005535,1,0
1.100000,-58.834288,206427.331932,-178.923314,206073.855413,61.220772,207198.013599,99.257606,667.704406,-21.162378,661.028572,-140.929070,665.092935,59.943941,-0.008656,1,0
1.133000,-58.969704,207498.133581,-178.897104,207492.173477,60.970718,208198.073644,99.198836,669.857339,-20.458780,663.195357,-141.053689,662.646858,59.943984,0.001714,1,0
1.167000,-58.875752,206679.268234,-178.817515,207702.280647,61.050583,206676.655545,99.023257,668.433097,-20.785244,660.065985,-140.790137,668.543939,59.953376,-0.000523,1,0
1.200000,-58.901292,205279.801157,-178.968150,205847.654035,61.109654,204814.124923,99.175591,668.299964,-20.523401,666.601330,-141.316181,666.597634,59.952973,-0.003238,1,0
1.233000,-58.837830,207244.058765,-178.899005,208043.692464,61.209704,207112.273681,99.333708,665.722589,-21.104010,668.940052,-140.785460,668.279674,59.953776,-0.004675,1,0
1.267000,-58.797901,209375.329536,-179.044445,205154.094851,61.197343,208464.396285,98.900056,668.199409,-21.186877,666.518332,-140.859658,668.599435,59.941660,-0.004917,1,0
1.300000,-58.861833,208725.433218,-178.949548,208218.963376,61.028370,206994.733814,99.242135,669.374805,-21.367187,669.147799,-141.085636,660.270531,59.953706,-0.003864,1,0
1.333000,-58.894195,207356.856026,-178.816991,207756.865235,61.029059,209280.909520,99.316279,671.870762,-21.060141,666.390875,-141.225483,667.414162,59.950292,-0.005917,1,0
1.367000,-58.919207,208292.302148,-179.071631,208912.823743,61.107796,208515.196268,98.899264,658.923484,-21.260918,657.620949,-140.828905,668.785855,59.952134,-0.004144,1,0
1.400000,-58.974753,209175.918862,-178.871165,205025.097342,60.975618,208018.576177,99.035967,667.315944,-21.040446,661.704237,-140.738596,665.560528,59.950374,-0.009080,1,0
1.433000,-59.016256,208938.233121,-178.947518,208503.173458,61.070854,207974.834063,98.583947,666.716470,-21.017764,666.308368,-140.897395,669.487936,59.949734,0.012077,1,0
1.467000,-58.899056,208224.950473,-178.945069,206946.533418,61.054095,208545.788611,99.000068,666.048578,-21.030684,668.564215,-141.048965,663.071178,59.946612,-0.003455,1,0
1.500000,-58.971610,210593.157388,-178.966142,207850.243022,61.115398,209127.814974,98.754417,660.773179,-20.645200,661.768308,-140.785269,670.071273,59.951784,0.009431,1,0
1.533000,-58.916896,206729.133159,-178.802122,208134.726899,61.096711,207416.745100,98.968805,667.366938,-20.735577,664.555464,-140.754389,663.658383,59.955271,-0.007246,1,0
1.567000,-58.954961,208468.982160,-178.949464,208035.081230,61.097444,209711.016726,99.007411,664.225142,-21.516675,663.320736,-140.773183,667.417955,59.948892,0.009915,1,0
1.600000,-59.012938,206906.681544,-178.811280,207776.334132,60.981833,208046.453259,98.990601,653.600781,-20.675964,662.357336,-141.121432,657.452765,59.954174,0.003973,1,0
1.633000,-58.954055,207701.940580,-178.815981,208109.372700,61.168892,207713.721656,99.244126,662.839108,-20.930707,654.084254,-140.844322,660.557252,59.955891,-0.002022,1,0
1.667000,-58.838681,206688.717866,-179.036678,207781.696897,60.943734,207290.955800,99.130236,664.108553,-21.054502,653.035030,-140.968773,658.954509,59.950952,0.003445,1,0
1.700000,-58.964611,208003.026594,-179.009666,207669.348467,61.218377,207936.372619,99.102639,660.124682,-20.970644,657.327347,-141.172272,665.455045,59.954544,0.004825,1,0
1.733000,-58.993528,207621.758372,-178.940048,209186.157696,61.271018,210351.963343,99.043312,665.082223,-21.105976,654.627542,-140.773744,671.475464,59.946063,-0.008129,1,0
1.767000,-58.962379,209218.831411,-178.898798,208363.444121,61.243231,207944.642352,99.044408,658.259894,-20.858681,668.934945,-140.914082,661.660978,59.944675,-0.014310,1,0
1.800000,-58.887856,209628.718360,-178.943946,206696.735973,61.341820,206366.638703,99.151491,661.218105,-21.100086,658.086905,-140.847795,658.033509,59.947327,0.006502,1,0
1.833000,-58.819161,208188.416761,-178.985102,208699.058603,61.168240,208522.229177,99.139370,666.725257,-20.916265,668.555770,-141.056461,664.734115,59.942802,-0.005428,1,0
1.867000,-58.855091,207797.008443,-179.006574,208661.726889,61.063632,209592.743064,99.488671,661.285376,-20.941365,664.325120,-141.103055,665.463689,59.941948,0.013315,1,0
1.900000,-58.813657,208104.092480,-178.839342,208837.801766,61.145582,208396.633531,99.124002,667.288553,-21.189438,668.118429,-141.076414,667.345853,59.946148,-0.000120,1,0
1.933000,-58.993688,206782.147619,-178.925512,208065.225387,61.115964,207162.884483,99.113241,662.959067,-20.951057,667.563320,-140.629645,668.548572,59.945544,-0.016285,1,0
1.967000,-58.803734,208550.111797,-179.055256,207725.562946,60.945511,207435.576448,99.042673,660.543209,-21.098829,674.646118,-141.203896,665.930231,59.939000,0.012132,1,0
2.000000,-58.960896,206756.755146,-179.049920,209069.250029,61.027427,208498.359239,99.140332,667.367562,-20.925807,667.035069,-140.958884,662.080110,59.946570,0.003647,1,0
2.033000,-58.931962,207304.547028,-178.891637,208325.867208,61.088372,208942.647606,99.162688,660.475668,-20.912158,668.123443,-140.800851,667.738490,59.955201,0.011042,1,0
2.067000,-58.971234,207248.261126,-179.061631,208114.776796,60.945696,207711.337397,99.086076,665.848038,-21.051787,664.289063,-141.250319,671.166618,59.945209,-0.000613,1,0
2.100000,-59.058462,208362.705389,-178.927054,207792.778816,61.018264,208405.953243,99.042949,664.635193,-20.742367,666.528433,-141.407952,662.923302,59.955242,0.009535,1,0
2.133000,-59.073518,208096.762111,-178.932956,209860.071403,60.933534,209978.827991,99.057610,666.009674,-20.774616,669.168431,-140.982068,675.774863,59.949598,-0.005203,1,0
2.167000,-58.999474,207947.350615,-179.203321,208362.902392,61.145589,209110.008271,99.081554,663.631527,-21.425342,657.928832,-140.633501,666.082723,59.942287,0.009963,1,0
2.200000,-58.914607,208560.220645,-179.058439,207543.284849,60.867181,207526.893158,99.331164,675.431291,-21.518401,671.226660,-141.071369,672.046566,59.945816,0.000074,1,0
2.233000,-59.080114,208341.838986,-178.828126,207650.734176,61.057825,207030.962972,98.932225,669.593988,-20.977989,669.906256,-140.757676,670.332226,59.945737,-0.001218,1,0
2.267000,-58.834502,209087.604897,-179.037707,207583.990715,61.004090,210989.257215,99.269006,668.631413,-21.161138,669.847663,-140.892696,669.651881,59.946263,-0.000010,1,0
2.300000,-58.936374,207915.772183,-178.831501,207400.560462,61.097607,208163.278128,98.912415,666.178685,-20.731950,668.235425,-140.964796,666.451886,59.949959,0.002862,1,0
2.333000,-58.802066,208198.298509,-179.058559,207957.128117,60.963465,209797.075400,99.150521,662.025660,-21.060824,667.490065,-140.875325,665.634561,59.947928,-0.000380,1,0
2.367000,-59.109737,208292.939432,-178.978921,209741.515879,61.037474,208696.630500,98.853830,668.172242,-20.753237,671.273676,-140.727475,665.163983,59.946884,0.008916,1,0
2.400000,-58.964033,208400.886027,-178.862369,208725.787502,61.153787,206632.872537,99.058933,661.735085,-20.782789,664.138610,-140.696897,659.603698,59.955680,0.012297,1,0
2.433000,-59.000796,208405.095193,-178.867299,206869.613827,61.000955,207405.908934,98.925808,668.023391,-20.682727,662.566500,-141.124504,662.918262,59.956373,0.008305,1,0
2.467000,-58.953836,207997.778360,-179.073493,207835.435132,60.985191,209536.883162,98.911654,661.028675,-21.173194,665.061332,-140.959017,663.337877,59.955030,-0.002003,1,0
2.500000,-58.948036,206883.351050,-179.001333,207917.299943,60.845003,210132.724565,99.002257,665.833924,-20.889578,659.943973,-141.392427,665.299843,59.955191,-0.009796,1,0
2.533000,-59.059865,207966.923916,-179.088486,209361.753026,61.180380,209490.051497,99.043538,661.430249,-20.954326,666.523146,-140.662287,658.795276,59.948406,-0.004704,1,0
2.567000,-58.788915,208177.513252,-178.868616,209171.209722,61.202945,207043.304117,99.308027,664.352656,-20.804391,662.860967,-140.933663,670.300138,59.954431,-0.001936,1,0
2.600000,-58.999672,209959.405239,-178.804469,208175.870739,61.205491,206753.148928,98.908725,665.515084,-20.769566,663.009406,-140.791927,660.107815,59.961874,-0.010467,1,0
2.633000,-58.909213,207505.170465,-178.873865,208300.347957,61.114651,207997.711208,99.009033,660.956471,-21.089093,657.487757,-140.817228,661.801508,59.952220,0.022487,1,0
2.667000,-58.913969,208384.026755,-178.936181,207431.952347,61.150895,209134.449278,99.214949,657.092745,-20.928926,660.331013,-141.063920,661.243280,59.955645,0.008298,1,0
2.700000,-58.842632,208335.971780,-179.021844,209003.345876,61.189265,209619.250744,99.092071,664.114469,-21.111473,666.017664,-140.781983,661.244010,59.956470,-0.008440,1,0
2.733000,-58.987853,210018.434523,-178.879795,208047.143286,61.036766,207999.616590,99.197595,664.512755,-20.783362,665.245657,-140.818640,665.100373,59.956083,0.001882,1,0
2.767000,-58.746845,207589.694972,-179.012612,210043.068662,60.895000,208344.647280,99.192047,662.335950,-20.912589,663.517322,-141.127547,659.102519,59.957938,-0.001252,1,0
2.800000,-58.877084,207816.510188,-178.979095,207673.406116,60.858157,208726.531187,99.019131,659.975588,-21.076206,674.110384,-140.875660,665.682152,59.967074,-0.012340,1,0
2.833000,-59.019242,208225.795468,-179.152790,207711.392635,60.957645,211381.991066,99.295109,663.171049,-21.165949,668.288264,-141.085982,664.043816,59.966065,0.009964,1,0
2.867000,-58.866357,209072.080341,-178.829323,206781.464152,61.106105,209021.069400,99.074411,666.919114,-20.739481,672.529744,-140.877755,666.722163,59.967123,0.012438,1,0
2.900000,-59.039248,207715.283926,-178.863436,208302.159780,61.155113,208711.801325,99.000542,661.412515,-20.805411,668.229070,-140.675625,668.598655,59.957962,-0.002890,1,0
2.933000,-59.012226,206818.754294,-178.942836,208544.160656,61.088463,209322.922405,98.952075,669.269868,-20.570371,673.300983,-140.569183,667.475582,59.966344,0.001086,1,0
2.967000,-59.115775,209192.717852,-178.753464,208312.929360,61.043630,208143.498037,99.248026,662.499509,-20.663946,672.854792,-140.698045,662.344038,59.966625,0.002591,1,0
3.000000,-58.903463,207999.203664,-179.169848,209490.832863,61.042741,210908.754080,98.735330,661.933315,-21.363892,665.093252,-140.756404,661.643983,59.968317,-0.009285,1,0
3.033000,-59.115748,208393.020196,-178.860771,208415.801165,61.099131,209889.425068,98.888674,667.094726,-20.908225,666.000109,-140.643109,662.117284,59.960786,-0.000420,1,0
3.067000,-58.882385,209069.913438,-179.097654,208611.784361,61.024836,209052.040803,99.107614,663.120096,-21.055704,663.285900,-140.896752,666.391402,59.961540,-0.007557,1,0
3.100000,-59.048590,208988.143362,-178.991735,209029.615264,61.021418,210229.837200,98.859179,665.508219,-21.102230,661.571759,-140.815948,665.858478,59.963925,-0.004200,1,0
3.133000,-58.930667,208423.794587,-179.118551,208943.433903,60.961114,209087.171606,99.239299,664.996320,-21.273272,669.782153,-141.090272,665.951116,59.963299,-0.007906,1,0
3.167000,-58.914746,208079.014558,-178.937985,208698.367115,61.076960,207992.545650,98.761166,663.583862,-20.860979,667.519751,-141.282180,666.502418,59.956247,-0.004304,1,0
3.200000,-59.030073,209897.153016,-178.989346,209007.523326,61.226040,209892.018653,99.102542,659.868331,-20.730666,670.100585,-140.874358,670.823628,59.961330,-0.004695,1,0
3.233000,-59.008936,207226.228176,-179.000086,209803.095686,61.066353,207638.586414,98.864577,665.690021,-20.772863,666.409925,-140.815508,663.700259,59.963117,-0.004208,1,0
3.267000,-58.842374,209569.001708,-178.924000,208944.086242,61.191824,208096.705980,99.154146,668.729497,-20.943476,665.025176,-140.580002,675.515927,59.961786,0.004851,1,0
3.300000,-58.906747,209526.681928,-178.971667,211518.142827,61.075728,209657.501006,98.995903,665.450135,-20.908115,666.243520,-141.046546,663.069894,59.967627,0.005311,1,0
3.333000,-58.951682,209008.867882,-179.078471,207797.348674,60.962478,209936.635521,99.137052,671.741063,-20.794060,672.056934,-141.251811,666.274670,59.970128,0.004265,1,0
3.367000,-59.145185,208590.789080,-179.056069,209878.048925,61.051258,209456.138353,98.586327,663.852392,-21.149858,663.206181,-140.810712,666.945120,59.973740,0.017373,1,0
3.400000,-59.033212,207580.670153,-178.957832,209104.494008,60.850910,209187.794089,99.348759,662.720138,-20.742047,664.426006,-141.086287,659.451900,59.969587,0.005561,1,0
3.433000,-59.086929,209635.058040,-178.943304,210539.716961,60.873181,210478.781126,98.780168,666.311293,-21.013154,658.933086,-141.307011,655.579727,59.966469,0.007323,1,0
3.467000,-59.233600,210235.118015,-179.081513,210922.032889,61.028655,210086.806466,98.829212,663.563417,-20.823288,662.565774,-140.936678,659.284634,59.954455,0.004081,1,0
3.500000,-58.986528,209250.402117,-179.144350,208880.786603,60.975478,210759.376663,99.089469,659.279918,-21.323365,665.631158,-140.967863,663.118479,59.970140,0.010939,1,0
3.533000,-59.225720,208454.731779,-178.955780,209066.161945,60.904845,210000.760383,98.529778,665.541740,-20.936770,667.177894,-140.894133,671.902697,59.962009,-0.001970,1,0
3.567000,-58.990901,208486.354407,-178.982600,210263.675882,61.057352,209767.305861,98.510293,666.782013,-20.916117,666.243609,-141.116939,655.029347,59.960143,0.004840,1,0
3.600000,-59.059619,208076.838461,-178.943209,208591.572193,60.935309,211273.234629,98.733833,667.749013,-20.854596,656.957038,-141.252804,663.761168,59.961354,-0.005154,1,0
3.633000,-58.937912,209102.326209,-179.166286,209294.295395,60.888543,210953.922916,99.041822,668.975060,-21.395180,667.150430,-141.077892,669.129406,59.953403,-0.000557,1,0
3.667000,-59.125207,208551.002139,-178.996640,210555.817435,60.981900,210509.435018,98.890546,670.247196,-21.000876,672.644839,-140.981796,675.114469,59.961346,0.001378,1,0
3.700000,-59.052397,209564.923411,-179.211248,209028.930564,60.937831,209197.402996,98.868961,676.484368,-21.148611,677.255305,-140.805313,676.821000,59.963911,-0.011789,1,0
3.733000,-59.296112,207882.115551,-179.029654,208656.879601,60.785723,208081.652258,98.617684,671.149237,-20.993358,668.826143,-141.061754,673.260951,59.965171,-0.006695,1,0
3.767000,-58.880967,208442.026832,-179.149633,207901.384252,60.989064,208588.634680,99.289970,667.974909,-21.007653,673.538174,-141.238097,677.172698,59.974202,-0.011058,1,0
3.800000,-59.095483,209123.590582,-178.939425,210187.134309,60.979646,209545.196699,98.914815,667.151494,-21.288776,671.582305,-141.035440,670.416875,59.967670,0.010627,1,0
3.833000,-59.003416,209718.000925,-179.122426,208937.551151,60.962173,208160.236054,98.938508,668.569057,-21.192522,670.040902,-141.180116,680.915939,59.963386,0.005471,1,0
3.867000,-58.940080,209826.059733,-178.822228,209383.714184,60.807977,208850.597851,99.204211,669.280377,-20.855749,677.018958,-141.170776,676.103536,59.964104,-0.006954,1,0
3.900000,-58.951467,209160.365792,-179.008897,208457.644643,61.178882,208242.240708,99.219992,679.839904,-21.085468,672.495310,-140.840649,675.991797,59.972250,-0.001447,1,0
3.933000,-59.019792,208477.941561,-179.149320,209043.622459,61.023879,208687.005084,98.672683,677.878411,-21.135309,678.295164,-141.180674,673.845907,59.964400,-0.000266,1,0
3.967000,-59.155836,210076.424552,-179.161554,208865.076713,60.883158,209423.765781,99.021572,672.593106,-21.134697,667.651903,-141.121255,671.131506,59.964563,0.003053,1,0
4.000000,-58.938904,206317.485624,-179.096925,208420.872428,60.858249,208390.012873,99.421201,672.697290,-21.113956,668.271183,-141.226275,675.772751,59.963044,0.005348,1,0
4.033000,-59.024628,210380.653379,-179.055996,210027.613649,61.084936,209724.813165,98.916003,672.116746,-20.895991,672.681076,-141.100571,668.030238,59.970097,-0.005124,1,0
4.067000,-58.813968,208174.761613,-178.936459,209828.892755,60.962927,209829.957825,99.156699,673.082640,-20.870824,677.962169,-141.197067,677.255258,59.963993,-0.002507,1,0
4.100000,-59.159996,207939.784880,-178.897651,209978.207769,61.017667,211950.093710,98.973377,674.590741,-20.529757,676.364945,-140.974326,667.812690,59.964772,0.002050,1,0
4.133000,-59.023650,208503.709432,-178.991589,210064.600918,61.089140,208919.839935,98.970470,678.271873,-20.671419,668.082023,-141.034915,669.539703,59.960273,0.003383,1,0
4.167000,-58.969233,208314.035979,-179.132371,206822.219715,61.014647,209533.991615,98.867142,676.495300,-21.092524,677.888404,-140.907747,669.443175,59.956415,0.008758,1,0
4.200000,-59.246539,209099.300386,-178.936573,209154.326255,60.972394,210145.878301,98.718236,675.978987,-21.199020,678.222731,-141.070396,672.484687,59.956712,0.000693,1,0
4.233000,-58.983979,208336.205646,-179.056191,208355.817658,60.941716,209923.964262,99.182337,680.143575,-20.996062,674.472856,-141.185728,672.213645,59.958194,-0.001055,1,0
4.267000,-58.872494,208511.860700,-178.780593,210360.463270,61.110482,210459.335803,98.970591,667.713568,-20.701025,676.855369,-140.922524,676.120847,59.951255,0.005277,1,0
4.300000,-58.949670,207116.117428,-178.931093,210011.558686,61.046001,210957.332876,98.994956,676.160030,-20.927311,673.387644,-140.757976,680.849655,59.955540,-0.002556,1,0
4.333000,-58.836723,207865.221208,-179.060062,208492.178148,60.944850,209599.127611,99.323422,674.715302,-21.391812,678.360646,-141.273680,670.642719,59.956367,0.010977,1,0
4.367000,-58.958965,208797.720103,-179.089264,207822.680482,60.989939,210405.002827,99.097347,674.199643,-20.734195,674.908935,-141.030604,669.453310,59.954684,0.002950,1,0
4.400000,-58.901763,209218.396518,-178.992912,208965.091120,61.128496,208365.997208,99.243439,668.450903,-21.040361,671.110634,-140.990644,665.427253,59.958115,0.005973,1,0
4.433000,-58.913953,207592.340991,-178.770890,208916.596195,61.091843,209520.153692,99.146696,675.145542,-20.668991,678.152085,-141.024956,673.517203,59.958554,0.007515,1,0
4.467000,-58.826601,209002.920388,-178.817659,209222.616674,61.108561,211008.792215,98.978100,664.510158,-20.649963,674.808043,-141.198439,670.123242,59.962273,-0.010628,1,0
4.500000,-58.847194,208788.496233,-178.959482,209447.918321,61.323665,208534.054829,98.913811,667.494352,-20.965808,671.002672,-140.679677,670.847913,59.962017,-0.014351,1,0
4.533000,-58.987399,209980.483808,-179.020945,208720.459100,60.968972,208670.986560,99.129667,669.205958,-21.082500,671.920311,-141.217721,668.584226,59.956970,-0.008552,1,0
4.567000,-59.079889,208579.695668,-178.841191,208095.356485,60.817982,211190.383208,99.172633,676.291188,-20.865922,668.569190,-141.015434,662.106378,59.956167,0.000588,1,0
4.600000,-58.961788,208190.844102,-178.904668,209351.199106,61.016934,210624.902769,99.058087,668.657141,-20.872119,667.522717,-140.969468,672.073143,59.957946,-0.014269,1,0
4.633000,-59.030499,208835.914721,-178.890059,209103.151749,61.012112,211090.049713,99.044930,677.661547,-20.962397,671.834854,-140.945706,667.501338,59.960196,-0.003041,1,0
4.667000,-59.089136,210964.187334,-179.123251,209106.317982,61.052534,210654.594466,99.158532,663.699437,-21.165939,664.705941,-140.915418,668.636958,59.956451,-0.007044,1,0
4.700000,-58.984690,208642.108605,-179.050826,209424.804021,60.989815,209121.938975,98.668678,669.940507,-21.026737,665.428118,-140.983794,667.478849,59.959458,-0.002951,1,0
4.733000,-59.007807,209775.820468,-178.904538,207828.736155,61.026412,211103.372515,99.334981,667.742812,-20.978725,659.202511,-140.887464,664.606953,59.957691,-0.016233,1,0
4.767000,-59.030001,208544.940134,-178.848321,211528.110569,60.903510,208405.121029,99.076914,669.192248,-20.785612,667.194558,-140.831424,668.638019,59.964249,-0.008980,1,0
4.800000,-58.944134,209482.994954,-178.905358,208940.643590,60.942665,210825.881178,99.062635,669.466655,-20.704443,672.132054,-141.030223,665.659522,59.964078,0.006889,1,0
4.833000,-59.151413,207862.677390,-179.096993,208146.602325,61.072212,207974.146073,98.824613,665.131738,-21.149447,665.929803,-141.173494,668.240287,59.958695,-0.004661,1,0
4.867000,-58.973905,208938.396614,-179.039063,207429.371398,60.934458,210070.078673,99.030162,669.431133,-20.842744,669.603510,-141.376906,662.843712,59.958094,0.000115,1,0
4.900000,-59.135609,209055.889991,-178.943962,209741.055493,60.985410,208707.136298,98.688394,665.565741,-21.138099,658.818637,-141.235159,664.283075,59.955776,0.007843,1,0
4.933000,-59.072576,209566.469612,-179.148005,208506.940296,60.898706,207964.879160,99.105172,662.198092,-21.403589,665.221256,-141.573273,661.614782,59.950886,0.007112,1,0
4.967000,-59.030596,209144.881213,-179.071242,207980.435882,60.941142,209140.944518,98.882435,669.209556,-21.106712,659.333441,-140.876655,669.228105,59.957529,0.001420,1,0
5.000000,-59.283277,209100.431919,-179.070327,207593.241973,60.930012,208411.607369,99.123808,665.398704,-21.028118,661.501377,-141.421825,661.975652,59.949465,-0.003426,1,0
5.033000,-58.853814,208008.624518,-179.025839,209416.614364,61.130620,208533.185316,98.980241,660.656754,-21.032255,664.363533,-141.083757,662.538402,59.951375,-0.001418,1,0
5.067000,-59.030546,209517.540971,-178.982029,208140.727272,61.071219,208859.998134,99.094424,661.074210,-21.148479,670.590103,-140.704687,661.138649,59.957262,0.009933,1,0
5.100000,-59.001776,208812.168383,-178.997234,208256.757348,61.064379,210094.800732,99.254769,670.444308,-20.799462,661.902236,-141.043487,664.333438,59.954291,0.002577,1,0
5.133000,-58.875241,209088.745309,-179.025493,208905.558129,60.957131,210307.439480,99.305890,663.038154,-20.684963,666.396615,-140.536735,667.621409,59.957152,0.003491,1,0
5.167000,-58.876771,208908.064367,-179.049706,209697.758716,61.151447,208563.116012,99.453956,667.258224,-21.173612,667.337777,-140.987906,668.392324,59.955924,0.007853,1,0
5.200000,-58.894559,208334.948067,-179.055738,208038.282602,60.896695,208272.997528,98.982357,674.135697,-21.115426,662.419951,-140.872389,663.737165,59.959770,-0.000055,1,0
5.233000,-58.962753,207621.266357,-179.165068,208857.552240,60.926197,209531.670785,99.102812,672.679955,-20.913913,667.794442,-140.804069,663.355634,59.961325,0.001949,1,0
5.267000,-58.999020,209026.400133,-178.842160,209168.681824,61.135356,209650.865189,99.348995,677.273946,-21.080944,666.313317,-140.874800,673.356967,59.962046,0.007880,1,0
5.300000,-58.958513,209141.519136,-178.760924,207869.848765,61.167484,211133.491056,99.336462,667.481240,-20.423199,671.720219,-140.963313,671.078769,59.956997,-0.005691,1,0
5.333000,-58.860519,208824.306348,-178.855169,206608.135548,60.895612,209191.134856,98.672323,665.862137,-20.746872,670.418396,-141.031956,663.502903,59.949999,0.009884,1,0
5.367000,-59.130529,207991.588360,-179.015834,209080.331936,60.954220,208713.268701,98.682603,678.736238,-21.316005,667.754068,-140.846487,674.692928,59.952675,-0.002125,1,0
5.400000,-58.892662,209469.906109,-178.879179,207531.659484,60.874374,208772.385039,99.325346,670.824498,-20.997937,671.664072,-140.969324,674.718990,59.950699,-0.002013,1,0
5.433000,-58.991192,208815.680225,-179.084632,207610.658370,61.197157,209396.343029,98.923195,669.768166,-21.264636,675.254341,-140.589022,668.281187,59.949188,-0.011241,1,0
5.467000,-59.122116,208720.793607,-179.002471,207947.676697,61.124930,208822.018108,98.583158,667.140236,-21.006678,669.768330,-140.746378,673.061437,59.953421,-0.007010,1,0
5.500000,-58.900128,208876.347565,-178.931474,208322.531834,61.058368,208791.497133,98.805714,675.854575,-20.641972,677.982618,-141.368454,670.128930,59.951879,-0.003256,1,0
5.533000,-58.931004,209460.158195,-178.909994,208437.203624,61.081438,210168.954243,98.990177,672.268608,-20.790145,673.034475,-140.970740,672.145730,59.955844,-0.000213,1,0
5.567000,-58.709554,207548.633424,-179.053645,208165.080432,61.064531,208205.412622,99.140011,676.536707,-21.062234,675.709956,-140.906716,673.301248,59.952331,0.003573,1,0
5.600000,-58.910558,208237.803282,-178.957276,208270.892688,61.003971,208711.276833,99.438498,676.459856,-20.897160,673.448916,-140.607096,672.790884,59.952373,-0.023105,1,0
5.633000,-58.873645,208955.625411,-179.044739,207201.953865,61.127848,209237.216133,99.364502,664.701665,-21.033319,674.528432,-140.842522,668.422306,59.956193,0.001589,1,0
5.667000,-58.956471,206619.591213,-178.831549,207019.601060,61.179248,207913.829276,98.571921,670.088312,-20.738872,668.620881,-141.023874,667.624884,59.945918,-0.005674,1,0
5.700000,-59.063949,207676.474521,-178.965625,209184.503037,61.088641,209244.052045,98.929437,674.509484,-21.019344,667.527691,-140.781763,666.597112,59.950258,-0.006397,1,0
5.733000,-58.864393,208576.600144,-178.934016,210323.594401,60.958935,207506.964285,98.820394,666.151261,-20.835713,672.520117,-140.981753,667.632768,59.946537,0.000778,1,0
5.767000,-59.003174,208536.126695,-178.965530,207963.251570,61.105979,208911.911714,99.120063,664.425073,-21.060785,665.893773,-140.994223,682.456453,59.950031,-0.002546,1,0
5.800000,-58.928648,209622.244008,-179.146892,209565.366363,60.995191,209653.810207,99.022838,667.416253,-21.033144,666.304129,-140.900644,669.619984,59.950181,0.003132,1,0
5.833000,-58.939519,207731.587869,-178.930197,208794.459488,60.947806,209842.466435,99.134485,666.104674,-20.908421,662.416537,-141.175886,668.135609,59.953454,0.003728,1,0
5.867000,-58.969562,207607.325280,-178.806620,207091.058397,61.339548,209446.086051,98.846124,662.685618,-21.000113,670.376193,-140.498190,668.687749,59.955144,0.001676,1,0
5.900000,-59.085279,207779.944087,-179.106990,208540.430792,61.008283,209373.921930,98.607689,656.672147,-21.166035,662.168248,-140.924261,664.662326,59.960922,-0.001640,1,0
5.933000,-59.022447,209043.570000,-178.927264,208745.763973,61.096718,208342.220430,98.776377,665.701879,-20.859240,666.299951,-140.624152,659.772065,59.957572,-0.005545,1,0
5.967000,-58.942105,207762.360421,-178.805244,208263.387033,61.074313,209703.465250,98.745760,664.592375,-20.892884,661.866610,-141.094463,671.293648,59.956680,0.005583,1,0
6.000000,-59.122810,209044.779862,-178.953661,209578.528432,61.111173,208507.788214,99.217647,674.233801,-21.117316,666.953258,-141.167344,672.576518,59.948912,0.011884,1,0
6.033000,-58.873056,207967.851512,-178.794016,208734.077823,61.145024,209054.735108,99.094292,662.689647,-20.860000,663.528018,-140.742977,670.946601,59.951335,-0.019272,1,0
6.067000,-58.695664,206149.112882,-179.024638,208119.476823,61.129742,207739.108296,99.621022,667.212372,-21.043209,658.440051,-141.031619,666.403513,59.953463,0.000758,1,0
6.100000,-58.870804,207840.375922,-178.868455,209409.912149,61.343034,207459.987387,99.665456,663.358611,-20.503139,674.658131,-140.756293,674.444874,59.953105,-0.010036,1,0
6.133000,-58.976861,208672.513708,-178.968123,208818.361997,60.923455,209545.698287,98.969221,669.822724,-21.005089,673.000436,-141.248920,675.914181,59.945143,-0.009968,1,0
6.167000,-58.962388,208103.990355,-178.891091,208433.495747,60.938498,208936.323405,99.202952,666.872645,-20.938963,669.939630,-140.851452,676.207650,59.949269,-0.001850,1,0
6.200000,-58.954323,208099.045047,-178.894076,207564.962665,61.099464,207500.454802,99.234455,667.514053,-20.568521,664.382018,-140.878407,667.175947,59.951736,0.008155,1,0
6.233000,-58.767973,208746.732902,-179.000739,210113.884305,61.215424,208554.732905,99.074069,665.744714,-21.031023,672.592806,-140.955490,671.836149,59.943030,-0.000975,1,0
6.267000,-59.044872,209945.348269,-178.787168,208784.420397,60.961105,207642.140959,99.275469,660.673674,-20.720449,666.643092,-140.996301,668.580036,59.946019,0.002428,1,0
6.300000,-58.988962,207585.614112,-178.776488,208865.075357,61.164478,209995.836973,99.121486,664.338063,-21.282769,666.213564,-140.734114,665.264727,59.951249,0.004238,1,0
6.333000,-58.934953,207233.098339,-178.860034,208802.832465,61.195804,208910.167867,99.270177,665.207692,-20.755549,664.211179,-140.863293,664.339818,59.946602,0.002291,1,0
6.367000,-58.989372,207944.030447,-178.748694,208577.653751,60.999421,208838.530449,99.244423,665.096560,-20.813707,666.444600,-140.835028,674.750722,59.950736,0.002972,1,0
6.400000,-58.997428,208497.819868,-178.882345,207724.254509,61.034241,208597.952998,98.969627,671.306395,-21.138095,659.510615,-140.821784,666.971342,59.955858,-0.006753,1,0
6.433000,-58.842381,206826.871567,-179.165455,207551.484180,60.917786,208330.952345,99.048897,668.343014,-21.471707,667.918392,-141.007373,670.069995,59.948062,-0.004053,1,0
6.467000,-59.016141,208189.428182,-178.850214,209331.382626,60.978774,208974.869665,99.195765,663.858824,-20.927727,668.095858,-140.675641,669.150178,59.953667,0.002086,1,0
6.500000,-58.957101,208415.646353,-178.971162,207652.017423,60.819377,209124.918561,99.155624,667.232405,-20.969811,670.144391,-141.313071,670.183023,59.951286,-0.014347,1,0
6.533000,-59.026289,206723.578894,-178.839109,208940.543576,60.880658,209056.103675,99.050056,661.876476,-20.911793,666.577956,-141.172533,664.778633,59.955231,-0.010925,1,0
6.567000,-58.946983,208676.355973,-179.056119,206300.750810,61.115488,208246.943574,99.186725,665.910003,-21.337349,665.220500,-141.046812,662.966414,59.954186,-0.005555,1,0
6.600000,-58.911180,206647.492585,-179.026131,206491.543339,60.858410,209666.455395,98.752224,662.342848,-21.168828,665.815118,-141.271995,665.563166,59.950624,-0.016211,1,0
6.633000,-58.917024,206852.123542,-178.928142,206026.360514,61.096805,207516.935476,98.829170,660.263344,-20.931665,669.946338,-140.933680,665.988780,59.943967,0.003665,1,0
6.667000,-58.811202,207693.361397,-179.055979,206371.473794,61.173870,208527.047806,99.358468,667.999973,-20.844582,665.487653,-141.144867,664.663467,59.950477,0.001766,1,0
6.700000,-58.856909,209136.862875,-178.941276,207258.775219,60.963754,210802.944285,99.292809,661.676046,-20.958904,666.419695,-140.618255,664.767692,59.957615,0.002665,1,0
6.733000,-59.049629,206759.045022,-179.047606,208057.646469,60.873486,208400.361356,98.668212,661.390029,-21.340137,666.974376,-140.981915,666.731119,59.961027,-0.000364,1,0
6.767000,-58.819599,209222.271900,-179.043212,208131.743981,61.051108,209076.725771,99.101477,668.030274,-21.107547,666.473464,-140.937175,664.670621,59.963382,0.001135,1,0
6.800000,-58.927520,207914.005797,-179.019580,209458.370343,61.201598,208131.157606,98.958530,663.669263,-21.055476,667.376461,-140.764885,665.988957,59.954577,0.010372,1,0
6.833000,-58.913604,209424.038983,-178.984194,207732.492824,61.054157,208511.881021,99.163685,659.939410,-20.785260,669.917814,-140.773978,664.455882,59.953541,-0.007755,1,0
6.867000,-58.940685,209881.100623,-178.932080,206240.347894,61.178007,208386.058538,98.778109,660.508637,-20.770730,668.119925,-140.530622,664.332849,59.957136,-0.004212,1,0
6.900000,-58.786874,208407.427818,-179.045432,209642.134831,60.991868,208196.015280,99.082322,666.047427,-20.883965,664.040594,-141.161035,657.147408,59.954719,0.008785,1,0
6.933000,-58.942556,208541.326696,-178.990780,209527.417138,61.101920,209625.493473,98.986179,664.727042,-21.108462,665.298255,-140.977529,658.993511,59.958868,0.003612,1,0
6.967000,-58.838601,207765.873686,-178.821472,208397.811399,60.847737,210139.454116,99.286115,659.186928,-21.028223,663.318054,-141.318448,659.071364,59.951807,-0.008909,1,0
7.000000,-59.008999,206782.188839,-178.785448,208726.514195,61.133649,208815.207553,98.864775,665.064255,-20.963640,661.658866,-140.902439,654.955844,59.948746,-0.001550,1,0
7.033000,-58.987513,208470.250165,-178.812774,209168.828558,61.261082,207759.325704,99.152627,671.939818,-20.916417,672.365390,-140.578658,668.320425,59.952075,0.003535,1,0
7.067000,-58.933979,207591.184528,-178.974157,208019.793676,60.956363,208344.039210,99.145825,662.268607,-20.512093,663.406833,-141.126602,658.863769,59.961075,0.007313,1,0
7.100000,-58.897073,207883.289404,-178.849668,207608.674592,61.066832,208779.017267,98.958024,668.669819,-20.620162,662.506871,-140.735137,660.454532,59.956182,-0.013413,1,0
7.133000,-59.073244,209290.276747,-178.990951,208861.600332,61.136609,209903.555912,98.844918,663.675161,-21.121636,664.838349,-141.028966,658.128018,59.960903,-0.002288,1,0
7.167000,-58.912644,209531.057559,-178.946573,210515.392727,61.115015,208545.716619,98.885163,665.910430,-20.651869,663.968294,-141.342949,664.264063,59.961984,-0.005035,1,0
7.200000,-58.845446,207352.761517,-178.763618,207076.595953,61.160536,208128.560239,99.025467,662.405166,-20.921107,669.027901,-140.806528,665.559874,59.963101,0.007937,1,0
7.233000,-58.789339,208488.508523,-178.956712,209015.991622,61.221965,208610.711948,99.358210,665.704738,-20.804265,664.764886,-140.744015,669.897941,59.957986,0.004367,1,0
7.267000,-59.078583,207857.733543,-178.884487,208568.145519,61.027288,208658.873149,98.701726,667.462121,-20.875796,659.291155,-140.950720,669.663182,59.965335,-0.001277,1,0
7.300000,-58.869542,208818.807720,-179.043188,209109.125774,60.932945,209192.969160,99.066753,664.507760,-20.863995,663.891087,-141.355577,661.936831,59.960359,-0.005589,1,0
7.333000,-59.039865,208798.356477,-178.878250,208456.245357,61.031816,208846.685704,98.955391,664.420538,-21.048796,662.259613,-140.984622,655.427268,59.967566,-0.001434,1,0
7.367000,-58.711692,208873.807808,-178.880692,209291.751828,61.100979,209466.912628,99.246868,665.375146,-20.849901,658.019109,-141.137835,667.058967,59.966105,0.002900,1,0
7.400000,-59.009646,207310.846033,-179.078248,207610.041723,61.077198,208694.873325,99.111038,660.671060,-20.874711,659.255888,-140.981904,662.634047,59.959513,-0.002153,1,0
7.433000,-59.066043,208936.242428,-178.979836,208473.016372,60.963672,209294.268342,98.817711,665.139422,-21.232198,664.743199,-141.047914,665.387671,59.966659,-0.003702,1,0
7.467000,-59.092541,207210.424605,-178.938348,208186.589050,60.869589,209394.830857,98.724873,666.405757,-21.058614,667.775181,-140.964240,661.065369,59.962112,-0.009190,1,0
7.500000,-58.926963,207341.734184,-179.026554,207661.285086,61.041991,208865.046851,99.209529,663.026833,-21.522767,652.300520,-141.148150,666.084016,59.966667,-0.004752,1,0
7.533000,-58.920546,208623.553101,-179.083632,207891.276585,61.037144,208309.165166,98.966464,674.969959,-21.334511,673.503294,-140.962578,662.461436,59.961502,0.008193,1,0
7.567000,-58.982618,208427.984888,-178.886897,209363.897898,60.961279,208821.042591,99.238361,669.409837,-20.803642,673.908454,-140.726523,664.780568,59.957654,0.004076,1,0
7.600000,-59.060321,209119.880217,-178.833174,207118.928436,61.030144,206533.736527,99.149220,662.015467,-20.516651,663.617874,-140.675949,665.550920,59.964357,-0.006616,1,0
7.633000,-59.004628,208244.240861,-179.058503,207169.623334,61.060129,208695.563464,99.068946,671.996794,-21.024188,673.090490,-140.776190,663.470639,59.960809,0.009147,1,0
7.667000,-58.860514,208166.981655,-178.903717,207563.805651,61.110415,209765.599516,98.920952,676.510505,-20.838621,675.546834,-141.037176,671.598668,59.962178,0.001926,1,0
7.700000,-59.061976,207904.213693,-178.988097,207615.543851,60.899895,208545.926020,98.793691,667.584988,-20.646993,666.670810,-140.765048,670.363681,59.964423,-0.000807,1,0
7.733000,-58.978686,210726.648941,-178.790890,208980.590681,60.872298,208872.183574,99.132007,669.084869,-20.604554,674.096941,-141.438641,670.192345,59.962205,-0.002486,1,0
7.767000,-58.996965,207367.931333,-178.962723,207620.147082,60.942410,210112.350184,98.933150,675.589225,-20.799063,668.109706,-141.286669,670.780445,59.958531,-0.009325,1,0
7.800000,-58.970783,209643.788313,-178.935426,208811.911199,61.121229,208607.630859,99.160356,667.499426,-20.740914,672.143654,-140.793273,668.478530,59.967231,-0.004275,1,0
7.833000,-58.909600,208251.042051,-178.876725,209459.686530,61.030548,206606.652076,99.220788,677.785148,-20.772438,676.521162,-141.190849,676.056760,59.966703,-0.029612,1,0
7.867000,-58.901481,209524.743376,-178.844073,210895.571672,61.091664,209739.832910,98.826080,668.667866,-20.956636,674.308221,-140.752807,662.988142,59.964854,-0.001127,1,0
7.900000,-58.797303,208362.495788,-178.843559,207402.937889,61.185578,209270.940796,99.178541,669.195566,-20.839177,674.557535,-140.845287,666.429206,59.965972,0.008007,1,0
7.933000,-58.680820,208980.043938,-178.714788,209980.884787,61.113678,209104.807976,99.266889,665.711233,-20.840712,667.478039,-140.743079,666.567132,59.978042,-0.003847,1,0
7.967000,-58.815090,207663.732998,-179.085732,210424.447365,61.183880,210255.961793,99.350363,664.229988,-20.888745,669.611714,-140.778680,668.577648,59.964149,-0.006413,1,0
8.000000,-58.875108,208423.125752,-178.822065,208540.397942,61.183478,208395.378696,99.099526,670.733402,-20.673030,673.614022,-140.839183,674.632759,59.965267,-0.007761,1,0
8.033000,-58.871756,208615.854120,-178.811768,210098.880740,60.860465,210678.501265,99.331039,671.554707,-20.713690,670.604946,-141.250086,674.433687,59.971148,0.007164,1,0
8.067000,-58.772725,208503.981599,-178.835197,208505.186333,61.159829,209617.693145,98.934772,669.908302,-21.127481,666.850475,-140.688266,662.289595,59.976292,-0.003024,1,0
8.100000,-58.697672,208031.344675,-178.952447,209167.438666,61.217076,209441.512144,99.436573,660.736079,-21.144325,672.422428,-140.654567,674.433070,59.979874,0.011568,1,0
8.133000,-58.827006,209376.481494,-178.798737,209992.272743,61.004976,208741.258245,99.289324,666.030220,-21.094514,666.871306,-140.937184,676.357170,59.981841,0.000635,1,0
8.167000,-58.935650,208334.121920,-178.970463,209298.968218,61.207113,208840.645636,99.209813,666.889359,-21.135849,670.574051,-140.744496,668.718179,59.981448,-0.012664,1,0
8.200000,-59.050601,210082.757458,-178.944022,209415.519555,61.312411,208544.296900,98.913852,666.976636,-20.941015,660.587985,-140.720767,667.238321,59.984450,0.006926,1,0
8.233000,-58.709045,209537.636414,-178.871946,209202.878040,61.143547,208820.961794,99.161417,667.558731,-20.894610,667.744222,-140.725717,666.930710,59.979226,-0.013280,1,0
8.267000,-58.883462,209123.871494,-179.039771,207727.374658,61.183568,208438.403715,98.996337,666.436365,-20.818147,666.706653,-141.060445,669.555418,59.976623,0.002539,1,0
8.300000,-58.585401,207710.936928,-178.898929,209090.545881,61.017381,207544.118680,99.553548,668.259918,-20.567565,665.088783,-141.199109,666.322272,59.978726,-0.004019,1,0
8.333000,-58.910018,209061.087702,-178.899606,209297.018091,61.209628,209251.738528,99.051009,670.064444,-20.625623,663.805157,-140.818204,663.116284,59.972848,-0.006070,1,0
8.367000,-58.662425,210223.067094,-178.754102,208121.440784,61.125292,210338.883816,99.355556,668.845572,-20.542186,667.350018,-140.636184,669.973557,59.981304,-0.001941,1,0
8.400000,-58.637040,208217.178282,-178.866703,207109.994765,61.316377,209451.597621,99.515148,664.480507,-20.593454,669.968086,-141.081196,670.527277,59.973971,0.006282,1,0
8.433000,-58.959554,209323.441327,-178.867776,209117.268980,61.036971,210869.025154,98.821540,667.525226,-20.989043,669.734481,-140.894863,669.195446,59.974842,-0.000561,1,0
8.467000,-58.863802,210165.821086,-178.974629,208441.905359,61.152880,210404.074280,98.684873,669.374474,-21.077072,662.820687,-140.842557,660.175730,59.977722,0.006079,1,0
8.500000,-58.937626,207773.900412,-178.772774,209320.149407,61.178776,209114.963980,98.987633,666.996125,-20.467548,667.639346,-140.808168,662.161523,59.977308,-0.010848,1,0
8.533000,-58.894037,208951.519912,-178.848011,209699.288463,61.127920,209010.278958,98.759949,662.722124,-21.105663,661.766803,-141.149295,666.869826,59.980735,-0.005270,1,0
8.567000,-58.677204,209407.240575,-178.674564,207368.288788,61.329230,209983.521566,99.553382,659.778904,-20.731909,659.482067,-140.449591,667.009668,59.979995,-0.004746,1,0
8.600000,-58.985561,209201.944919,-178.818254,208826.990300,61.146257,208779.697087,99.046049,664.244236,-20.977024,659.949032,-140.755075,662.022626,59.984614,-0.007539,1,0
8.633000,-58.886661,208418.117100,-178.687628,208692.701149,61.325135,208338.183567,99.020057,656.972065,-20.601370,661.783107,-140.904199,661.576765,59.982441,-0.011603,1,0
8.667000,-58.734911,210628.016467,-178.856971,208764.105509,61.061782,208014.417690,99.735753,664.886242,-21.262886,660.232377,-140.766117,656.326506,59.982419,0.001068,1,0
8.700000,-58.748067,207303.437824,-178.755011,208097.098890,61.208479,211242.301241,99.029938,665.486601,-21.075575,655.738422,-141.066248,658.541211,59.983125,0.006286,1,0
8.733000,-58.822661,209388.697293,-178.813962,210221.354111,61.179037,209322.771077,99.143666,656.038051,-20.707446,659.661418,-141.035363,656.325108,59.980818,0.007254,1,0
8.767000,-58.803397,208666.544769,-178.824892,210080.133450,61.356256,210048.647413,98.855097,659.961168,-20.868774,658.394382,-140.787704,656.873899,59.986438,0.002415,1,0
8.800000,-58.742506,209154.003798,-178.747368,207045.758525,61.258003,209487.218165,99.092538,656.236353,-20.507841,656.912497,-140.519196,652.541232,59.975821,-0.009055,1,0
8.833000,-58.962648,208489.805890,-178.889475,208050.054331,61.133923,209132.230502,99.136118,670.242604,-20.964649,663.020400,-140.803303,660.736586,59.972312,0.014590,1,0
8.867000,-59.064337,206776.585412,-178.924201,207432.783878,61.099649,209717.962302,98.951163,658.726109,-21.025487,658.832012,-140.845096,659.290261,59.979324,0.010351,1,0
8.900000,-58.995269,208475.539274,-178.915449,208452.668468,60.849577,208846.099447,98.839084,660.932054,-20.751213,657.959215,-140.953915,657.917170,59.981343,0.007141,1,0
8.933000,-58.828583,208528.805145,-178.991665,208773.944495,61.290501,208991.199490,99.101913,657.483914,-21.187964,660.835931,-140.505693,652.340474,59.978286,-0.002111,1,0
8.967000,-58.726267,207038.627787,-178.952528,208689.579972,61.180622,209909.502620,99.297438,659.605573,-21.084515,657.559216,-140.969480,658.769737,59.979266,-0.008203,1,0
9.000000,-58.864872,206622.259561,-178.980158,207545.812281,60.972200,208581.572761,99.117508,655.034585,-20.813562,663.353216,-141.275509,652.608277,59.963589,-0.006040,1,0
9.033000,-58.846913,209400.414260,-178.761584,208396.584146,61.275486,208115.257012,98.988891,653.097897,-20.576254,655.166642,-140.516550,655.325442,59.966620,0.004285,1,0
9.067000,-58.890423,208448.004297,-178.978603,208977.943372,60.936508,207608.373158,99.111301,653.881891,-20.996384,655.288812,-140.824786,654.120532,59.965527,-0.002208,1,0
9.100000,-58.938877,208273.523513,-178.918953,208462.210667,61.198257,208274.714431,98.826022,652.770155,-21.009217,662.937069,-140.397429,667.475217,59.976974,0.004744,1,0
9.133000,-58.783784,206808.792370,-178.927979,208592.048875,61.067648,209063.811896,98.954409,661.585047,-21.344414,662.208009,-141.052480,658.030380,59.975235,-0.011334,1,0
9.167000,-58.927311,210731.970445,-178.917668,207354.395876,61.176669,210346.752910,99.140600,665.882279,-20.815303,661.732706,-140.646062,657.498171,59.972018,0.009360,1,0
9.200000,-58.822097,209722.045156,-178.963818,208414.546605,61.326423,207450.693902,99.133212,652.222135,-20.914081,660.266887,-140.954941,665.901554,59.968568,0.009867,1,0
9.233000,-59.017587,209070.257573,-179.091683,207010.956767,61.236771,208269.974113,98.695564,661.763088,-21.292292,662.544322,-140.721475,656.945423,59.970099,0.010650,1,0
9.267000,-58.741306,208491.578237,-178.816438,208123.910342,61.306603,208187.085007,99.010202,665.278375,-20.656168,659.924561,-140.685020,663.654059,59.962013,-0.001846,1,0
9.300000,-58.893706,207535.467751,-178.840143,206531.932038,61.196861,207381.645892,99.021762,654.384216,-21.012109,661.365191,-140.924183,661.586153,59.972003,-0.005998,1,0
9.333000,-58.962274,205929.628507,-178.719447,207518.124546,61.160043,207377.141287,99.152050,661.930620,-21.080708,658.381054,-140.718412,655.389510,59.966736,-0.008153,1,0
9.367000,-58.780358,206926.433966,-178.705568,207482.404250,61.118871,207304.781153,99.341763,662.105035,-20.666177,662.667288,-140.853044,658.454316,59.961255,0.002443,1,0
9.400000,-58.643549,206022.200921,-178.792077,207702.901219,61.271300,207063.959357,99.360087,658.814319,-20.613250,660.253297,-140.877373,655.788803,59.971810,0.001272,1,0
9.433000,-58.719959,207930.846418,-178.830072,207948.019527,61.276344,206425.512154,99.292275,663.120132,-20.676889,655.417763,-140.944207,659.257625,59.967730,0.001069,1,0
9.467000,-58.824877,208910.317500,-178.908043,207472.905439,61.153933,209290.782184,99.138328,663.078246,-20.735017,660.145795,-140.993720,660.876773,59.964513,0.005062,1,0
9.500000,-58.918022,207282.537376,-178.909064,207143.772393,61.212448,207954.564679,98.959698,653.787336,-20.483984,660.234713,-140.680465,658.110741,59.959809,0.003322,1,0
9.533000,-58.802507,208212.433424,-178.771769,208090.837125,61.062451,207226.908794,99.037404,654.907361,-20.679326,652.200895,-141.185133,654.256719,59.962906,0.003591,1,0
9.567000,-58.717735,206750.486935,-178.644548,206660.638430,61.237043,208897.001575,99.212365,656.853537,-20.877447,656.705969,-140.812180,655.501419,59.959851,-0.000107,1,0
9.600000,-58.739937,206865.600471,-178.677927,207263.192557,61.210344,208657.639996,99.408884,653.986790,-20.861919,644.275198,-140.534399,654.938719,59.966073,0.003803,1,0
9.633000,-58.877287,206730.386131,-178.845912,206684.236955,61.248601,208937.920366,98.899141,654.506258,-20.814229,655.905084,-140.798840,653.250549,59.959894,0.016899,1,0
9.667000,-58.699652,207924.680232,-178.806510,207259.287578,61.318396,207635.386857,99.333644,652.166298,-20.740903,656.185409,-140.529459,656.075264,59.967194,-0.008653,1,0
9.700000,-58.712374,206975.601865,-179.099811,206758.508283,61.251672,208176.183312,99.348080,648.928721,-21.087139,649.203236,-140.716644,655.079052,59.968947,-0.003398,1,0
9.733000,-58.955544,208378.301630,-178.700596,208571.989583,61.258957,208004.102263,99.165183,650.023123,-20.745254,653.132786,-140.714126,651.352904,59.969300,0.001835,1,0
9.767000,-58.663987,206535.936986,-178.806566,205537.528065,61.279701,207761.006036,99.251328,652.284240,-21.116316,660.146243,-140.684289,654.363633,59.960585,-0.008396,1,0
9.800000,-58.750186,208100.089248,-178.651647,207814.591353,61.491413,207285.535839,99.517097,658.868374,-20.801710,658.272597,-140.419397,656.887248,59.972953,0.015967,1,0
9.833000,-58.680443,207350.632304,-178.551963,207167.085586,61.251464,206941.476727,99.277455,655.241357,-20.596242,654.565811,-140.844976,656.771920,59.963224,-0.007896,1,0
9.867000,-58.845572,206927.611439,-178.745230,205911.950143,61.198665,208195.712717,99.133476,655.028909,-21.061965,652.278769,-140.951520,648.858390,59.964922,-0.000356,1,0
9.900000,-58.787714,208997.384002,-178.723971,207592.607249,61.416081,207828.841832,99.503470,662.039522,-20.851210,656.388101,-140.565450,667.086232,59.962343,-0.001604,1,0
9.933000,-58.549453,208393.378555,-178.796641,208142.418555,61.274216,208292.628002,99.852537,656.445827,-20.972124,645.115154,-140.739354,660.046076,59.961181,-0.000748,1,0
9.967000,-58.574546,207342.444402,-178.628625,206827.923412,61.296854,208860.763465,99.644495,656.776164,-20.590345,658.127991,-140.352956,663.243680,59.965991,0.010996,1,0
10.000000,-58.383706,206701.015607,-178.545435,209191.283776,61.434975,206426.839497,99.391371,656.854634,-20.686829,658.736738,-140.331390,658.931306,59.963936,0.006057,1,0
10.033000,-58.567544,206894.251234,-179.006714,206586.591181,61.313199,207353.420911,99.324300,659.661063,-21.088547,657.787273,-140.760051,663.781618,59.965799,0.006632,1,0
10.067000,-58.582140,207080.658433,-178.953072,207443.819353,61.150733,206402.331060,99.186319,656.534706,-21.168912,654.616388,-140.953620,662.943025,59.956976,0.006381,1,0
10.100000,-58.681162,208044.603547,-178.535080,206323.802001,61.348356,207711.190982,99.047013,658.529980,-20.459290,657.194191,-141.016004,659.177621,59.952015,-0.011866,1,0
10.133000,-58.743875,207513.988998,-178.560173,207013.049032,61.352478,208363.011279,99.200817,663.033538,-20.497821,659.412226,-140.655917,665.712793,59.966247,0.010298,1,0
10.167000,-58.718001,207866.342511,-178.698803,208491.016460,61.309718,206574.156607,99.285537,658.808144,-20.665910,658.576985,-140.445814,656.080322,59.966858,-0.016860,1,0
10.200000,-58.699137,206319.646691,-178.692343,205671.290033,61.205263,207190.924966,99.391947,659.070701,-20.643452,655.143639,-140.966756,661.678304,59.958868,-0.003408,1,0
10.233000,-58.830848,208216.488969,-178.657916,208465.164953,61.379209,207848.214383,99.005924,661.038356,-20.757457,663.894920,-140.782062,655.606090,59.963538,-0.007486,1,0
10.267000,-58.702436,206691.492348,-178.809138,208069.463501,61.311333,209108.235116,99.386153,659.898303,-20.808837,658.096630,-140.576538,657.603049,59.958878,0.000139,1,0
10.300000,-58.774859,209561.161135,-178.885768,206564.694060,61.124157,207533.985966,99.290797,653.722378,-21.089292,655.267607,-140.953661,655.719735,59.966259,-0.009223,1,0
10.333000,-58.810768,208010.438233,-178.725517,208131.251293,61.286179,208755.924057,99.124631,651.108422,-20.751715,654.099194,-140.928127,652.007975,59.967714,-0.004421,1,0
10.367000,-58.771478,206402.857334,-178.749476,207237.731587,61.340645,207208.055424,99.220582,658.667843,-20.430352,661.233514,-140.509920,653.204362,59.964604,-0.011676,1,0
10.400000,-58.463100,208086.049923,-178.701992,208013.163023,61.166784,209164.506849,99.818388,655.968282,-20.504020,664.131635,-140.912504,652.977558,59.962196,0.008279,1,0
10.433000,-58.679503,208172.537399,-178.551024,208446.498944,61.362054,206343.601356,99.371775,653.913845,-20.361968,654.569615,-140.525417,656.860938,59.967329,0.010691,1,0
10.467000,-58.753525,206266.807090,-178.643111,206978.570641,61.354348,207331.690551,98.970846,654.170173,-20.425221,656.789127,-140.737631,651.622618,59.967850,-0.005972,1,0
10.500000,-58.605036,207051.692830,-178.739821,205284.621587,61.103173,206856.847537,99.490284,652.155752,-20.763617,659.381414,-140.944279,653.683896,59.962982,0.010622,1,0
10.533000,-58.665803,206668.836995,-178.783595,207202.541932,61.342232,208777.272550,99.301109,652.407960,-21.177623,649.854029,-140.655959,651.511177,59.968587,0.001404,1,0
10.567000,-58.829199,206573.369089,-178.546640,206533.742036,61.214201,206881.536144,99.226515,650.168768,-20.654320,655.830594,-140.721749,649.664797,59.959685,0.004197,1,0
10.600000,-58.761021,206323.555780,-178.688127,208042.513385,61.138515,208552.278181,98.938212,653.860689,-21.020756,649.299178,-141.314322,652.106880,59.958550,0.001854,1,0
10.633000,-58.583271,209399.405345,-178.650961,207554.198091,61.313146,207765.529968,99.472948,653.322131,-20.683860,652.646095,-140.690338,658.258901,59.972383,0.007031,1,0
10.667000,-58.800023,207121.111274,-178.805728,208177.153433,61.293266,207820.678866,99.353270,650.059636,-20.675739,653.761421,-140.808349,654.365652,59.960716,-0.008542,1,0
10.700000,-58.818161,208715.624116,-178.881738,207972.428578,61.130786,208609.928294,99.357017,651.119017,-20.934720,652.241079,-140.745656,650.877402,59.960416,-0.004910,1,0
10.733000,-58.812154,208908.534481,-178.854569,207579.830498,61.244671,207875.764062,99.171091,647.702161,-20.652092,651.415161,-140.849710,644.075858,59.964297,0.010734,1,0
10.767000,-58.787784,207721.174667,-178.709314,206713.576349,61.168770,206852.949635,99.340624,644.682612,-20.488330,653.792971,-140.676541,647.927258,59.967963,-0.006547,1,0
10.800000,-58.467498,207742.446022,-178.677626,208314.644488,61.327493,209653.605720,99.419868,645.933500,-20.783082,650.995146,-140.616136,649.035633,59.966753,0.004383,1,0
10.833000,-58.931586,208011.404179,-178.774661,209073.364544,61.245732,208653.557444,99.044811,655.439959,-20.915522,651.520317,-140.837448,653.546106,59.970082,0.002623,1,0
10.867000,-58.660889,207571.189292,-178.604102,207827.075755,61.122798,207220.659211,99.318862,653.372089,-20.846788,653.995677,-140.903496,651.490562,59.962285,0.005695,1,0
10.900000,-58.749746,207218.635358,-178.691224,206180.371343,61.374799,208128.302383,99.269448,648.266408,-20.231550,648.807443,-140.603944,648.892142,59.961164,0.003604,1,0
10.933000,-58.618564,206266.250688,-178.664326,206527.742693,61.132515,208016.483744,99.276781,656.536156,-20.509900,656.827312,-140.815328,647.251859,59.961994,0.004318,1,0
10.967000,-58.776858,207863.850132,-178.716020,207490.224466,61.385283,207559.261336,98.928457,653.071562,-20.856164,657.090312,-140.624537,640.952437,59.968118,0.002106,1,0
11.000000,-58.678360,205996.541991,-178.718194,207752.008250,61.365615,207604.984065,99.477475,654.203892,-20.770416,654.735785,-140.754268,655.265403,59.966251,0.019424,1,0
11.033000,-58.766460,207116.043503,-178.745955,206977.759466,61.297301,208193.922381,99.523061,656.165896,-20.655778,657.529355,-140.874586,651.477066,59.969460,-0.014082,1,0
11.067000,-58.739711,207981.424416,-178.500133,207953.239008,61.290589,206570.780699,99.122053,650.062307,-20.564658,656.287899,-140.358496,654.485317,59.969464,0.005342,1,0
11.100000,-58.760914,207734.995523,-178.864401,207916.774827,61.228852,207337.170440,99.403176,652.003734,-20.897525,654.752123,-140.762748,654.002586,59.970561,-0.005017,1,0
11.133000,-58.739915,206243.872786,-178.840313,206971.354871,61.289723,207205.295218,99.197425,660.534752,-21.010875,655.300447,-140.830299,645.629647,59.956109,0.006026,1,0
11.167000,-58.634279,206021.675449,-178.644497,207934.396188,61.127293,207335.323798,99.334039,656.805426,-20.602926,646.439365,-140.856272,649.096682,59.958287,-0.004236,1,0
11.200000,-58.710672,206187.905450,-178.791215,205779.908636,61.444609,210642.596150,99.633291,647.817374,-20.678703,653.431333,-140.602231,647.490713,59.960747,0.003279,1,0
11.233000,-58.841600,205398.799225,-178.825459,206653.276421,61.332262,206791.830766,99.208949,652.054823,-21.100678,645.895803,-140.615082,647.174961,59.960120,0.001410,1,0
11.267000,-58.831241,206326.840480,-178.628425,208317.948766,61.487304,206071.823624,99.134356,644.961953,-20.491984,652.729512,-140.452089,653.698230,59.955764,-0.013274,1,0
11.300000,-58.636329,206972.046366,-178.595361,206854.698790,61.389712,207136.337944,99.293456,652.014708,-20.594248,644.988353,-140.795533,653.825924,59.960993,0.001433,1,0
11.333000,-58.708092,207310.405443,-178.700991,207395.285617,61.429807,207225.486321,99.184961,651.531928,-20.913121,654.979460,-140.505128,652.255597,59.967724,-0.002181,1,0
11.367000,-58.672660,206611.235916,-178.820732,208026.719712,61.297381,207760.613722,99.671677,651.568009,-20.739207,652.563869,-140.811190,651.933807,59.964928,-0.003615,1,0
11.400000,-58.650675,209654.919675,-178.763493,207314.310950,61.304883,206395.091565,99.577885,646.984873,-20.720542,651.799843,-140.712286,649.244318,59.966160,-0.011911,1,0
11.433000,-58.635595,206445.177624,-178.849316,207870.376172,61.371919,206787.808402,99.562249,652.330262,-20.666225,650.144046,-140.487661,649.811148,59.967828,0.003431,1,0
11.467000,-58.833577,207663.151247,-178.757457,207757.802149,61.089034,208686.602490,99.160883,650.622830,-20.440071,653.434524,-140.850479,650.132494,59.966429,-0.001163,1,0
11.500000,-58.703840,206657.307432,-178.683407,208378.086583,61.235870,208811.416172,98.973890,649.987464,-20.362090,647.888279,-140.902347,648.432613,59.970793,-0.009188,1,0
11.533000,-58.886721,208033.948675,-178.579733,208240.572371,61.323455,207454.600216,99.289306,658.736660,-20.670162,652.774721,-140.560832,657.283116,59.969858,0.005032,1,0
11.567000,-58.878263,206453.987460,-178.865035,205729.489058,61.088278,208403.102746,99.519737,654.781102,-20.762309,649.361616,-140.854854,649.466219,59.965535,-0.007140,1,0
11.600000,-58.642809,209202.319094,-178.723036,206939.234307,61.326705,207885.105210,99.399598,653.061032,-20.767794,651.069314,-140.356633,648.248730,59.969378,0.012852,1,0
11.633000,-58.776192,206183.799140,-178.689525,207128.205231,61.233736,208484.418948,99.106318,638.960562,-20.720318,648.047923,-140.360252,644.639937,59.971526,-0.007532,1,0
11.667000,-58.835962,208023.480865,-178.658308,208292.043171,61.430141,208629.953306,99.144943,649.924245,-20.702090,644.892420,-140.603233,652.133760,59.971443,0.005439,1,0
11.700000,-58.640362,207856.087201,-178.709707,206780.836531,61.386891,208056.836490,99.369083,643.361200,-20.601102,649.331095,-140.612185,645.226811,59.966481,0.005601,1,0
11.733000,-58.784099,207956.357196,-178.822281,206789.029697,61.334525,207682.257646,99.187392,648.349916,-21.005259,650.185093,-140.656681,650.637698,59.968910,-0.004183,1,0
11.767000,-58.751824,207498.364335,-178.679790,207202.257781,61.288872,208786.143242,99.194164,644.415233,-20.763254,650.328171,-140.823459,645.481967,59.973585,-0.006373,1,0
11.800000,-58.598487,207509.061447,-178.697589,208025.167983,61.120088,208049.152638,99.668384,653.901874,-20.628984,647.805674,-140.777119,656.745375,59.967134,0.007298,1,0
11.833000,-58.781079,209014.855425,-178.769432,207784.620645,61.406170,209073.489674,98.992092,651.622397,-21.081260,656.816147,-140.470845,656.606501,59.973032,-0.001944,1,0
11.867000,-58.623161,207930.135317,-178.752932,207005.643451,61.219882,210012.942771,99.426321,651.909655,-20.673164,653.293559,-140.687832,650.410378,59.962377,-0.002812,1,0
11.900000,-58.797635,206903.532201,-178.956882,207932.203031,61.243609,208500.887964,99.064534,653.986195,-20.940409,660.384218,-140.923621,649.115223,59.969119,-0.004326,1,0
11.933000,-58.888981,206229.632740,-178.791724,207112.295499,61.075434,208767.285928,99.120534,661.549400,-20.758396,653.743807,-141.096600,655.364141,59.970353,0.002307,1,0
11.967000,-58.727194,209168.912346,-178.793916,208598.390815,61.038090,207372.375613,99.453130,660.656390,-20.434374,660.282533,-140.906486,661.458854,59.968448,-0.004117,1,0
12.000000,-58.779524,208789.206019,-178.989221,206302.748952,60.980496,209050.244814,99.265966,653.557447,-20.891465,659.168700,-140.943188,651.703718,59.970545,0.000781,1,0
12.033000,-58.980343,210264.358125,-178.904592,207525.060730,61.135871,207590.276309,99.024241,648.768686,-20.872550,660.496456,-140.857281,653.895719,59.970978,-0.009574,1,0
12.067000,-58.833930,207361.721782,-178.760662,206990.361444,61.022940,208699.479462,98.817744,659.143193,-20.404728,654.286520,-140.728841,655.563356,59.970321,-0.010928,1,0
12.100000,-59.027981,208092.803951,-178.821911,207743.786302,61.108777,208149.329755,98.781387,655.548318,-21.151546,651.276592,-140.904888,657.512983,59.973927,0.001732,1,0
12.133000,-58.928027,209601.820351,-178.900382,207672.856121,61.116092,207976.035389,99.226786,654.704918,-20.982849,657.170484,-140.945229,655.326348,59.982104,-0.002389,1,0
12.167000,-59.002907,208936.928208,-178.878367,207814.267908,61.053981,208718.365069,99.131331,657.031826,-20.653679,665.997054,-141.112606,661.018535,59.977285,-0.009034,1,0
12.200000,-58.874976,208833.173565,-178.930258,208619.728434,61.031734,207982.914913,98.924279,655.591602,-20.888445,654.599532,-141.424662,657.768408,59.983683,0.000341,1,0
12.233000,-59.129072,207448.983648,-178.970764,206657.549520,60.973601,208158.647644,99.202038,658.286020,-21.106765,652.721685,-141.314091,655.807430,59.982430,-0.003340,1,0
12.267000,-58.977306,207948.210972,-178.944922,208346.860354,61.071862,206971.419332,99.155568,656.814451,-20.830808,661.463462,-140.672594,661.076895,59.980329,0.010488,1,0
12.300000,-59.153584,207164.585725,-178.869915,207561.219320,61.144613,207052.681431,98.960101,663.472550,-21.009138,657.940827,-140.287430,660.916793,59.977380,0.002360,1,0
12.333000,-58.859444,208234.218015,-178.853997,207735.919689,61.229667,209476.824929,99.128728,661.366402,-21.099553,663.896512,-140.591650,655.719041,59.983483,0.012571,1,0
12.367000,-58.956783,207658.658324,-178.841432,207948.293292,61.103390,207147.537432,98.667054,665.961029,-20.888258,654.380425,-140.999323,655.381271,59.977746,0.015755,1,0
12.400000,-58.875617,208974.948384,-178.936711,207990.883260,61.256785,207707.507261,99.063520,669.394853,-21.158956,659.886628,-140.984469,664.583030,59.988124,-0.000415,1,0
12.433000,-58.877505,207378.985016,-179.007416,208346.974406,61.059568,205621.797556,99.048775,659.544980,-21.092723,668.103985,-140.885850,662.610221,59.987798,-0.002341,1,0
12.467000,-58.790482,209735.186804,-178.899139,208836.178513,61.086527,208040.242309,99.122354,669.034491,-20.723553,659.541185,-140.714025,664.268843,59.978518,-0.010944,1,0
12.500000,-58.955550,206780.706900,-178.965205,207468.220771,60.983784,206653.364412,98.950418,665.772279,-21.101519,666.579799,-140.994752,663.206757,59.975941,-0.010171,1,0
12.533000,-58.778580,208153.130804,-178.840421,205671.124566,61.053346,207953.664559,99.353283,658.582084,-20.710276,664.969103,-140.761796,660.241737,59.977242,0.000971,1,0
12.567000,-59.001920,207005.905466,-178.983984,206069.769374,61.139972,208850.174766,98.612880,663.815836,-20.884378,659.755485,-140.674136,666.156803,59.977912,0.001266,1,0
12.600000,-58.956354,208871.203939,-178.828268,207250.500186,61.084726,208415.185929,98.977904,653.860302,-20.670075,664.061164,-140.925126,660.359088,59.979060,0.007845,1,0
12.633000,-58.977871,206894.433789,-178.758005,206674.940137,61.183879,208905.637917,99.150124,666.800657,-20.725382,665.428662,-141.064048,663.129328,59.975705,0.003783,1,0
12.667000,-58.948929,208859.022797,-178.813241,206856.483160,61.056860,208650.763078,98.872111,665.695139,-20.812353,670.527784,-140.975648,663.610507,59.976595,-0.000943,1,0
12.700000,-58.527899,207091.089337,-179.003648,209121.729532,61.086567,207158.011332,99.601283,665.979205,-21.005240,665.300176,-140.768583,664.104212,59.976975,0.015438,1,0
12.733000,-58.975650,208335.181492,-178.974447,206665.093451,61.122091,208274.013301,99.015908,656.912210,-20.832014,665.629477,-140.692524,659.635582,59.973271,-0.008285,1,0
12.767000,-58.732952,206355.826113,-178.933117,208055.689937,61.113028,207319.679962,99.339032,664.210072,-20.847658,668.936975,-140.901452,665.300567,59.976463,-0.003592,1,0
12.800000,-58.814621,208113.806002,-178.820022,205874.070656,61.244109,207023.206781,99.227315,656.043135,-20.835231,653.441723,-140.844565,655.720062,59.978898,-0.008698,1,0
12.833000,-58.912961,208587.576573,-178.852770,206128.097587,61.105357,207522.421133,99.077109,654.482884,-20.831082,654.779317,-140.857166,655.497756,59.978633,0.003337,1,0
12.867000,-58.890374,207302.069954,-178.902892,207368.622257,61.292559,208449.152624,98.978310,647.544788,-20.761809,656.175608,-140.699081,653.573897,59.974786,-0.003687,1,0
12.900000,-59.033453,207659.164298,-178.861662,207241.271017,60.968006,208442.728854,98.448336,652.296874,-20.849693,646.640926,-140.929979,654.228090,59.969572,-0.007319,1,0
12.933000,-58.861365,207399.501240,-178.947741,207313.522739,61.098706,208678.666929,99.273438,658.428723,-20.586441,661.598010,-141.173846,652.003595,59.980530,-0.004514,1,0
12.967000,-58.986129,208443.770999,-178.855073,209080.371233,61.001209,207423.115294,98.870525,654.785958,-21.127121,655.425954,-141.025142,654.602742,59.979535,-0.005848,1,0
13.000000,-58.902697,208753.298754,-178.769200,207411.856679,61.306749,206942.130887,98.642416,650.767312,-20.811296,655.124202,-140.812892,650.298181,59.981016,0.010698,1,0
13.033000,-59.046401,207641.967687,-178.702145,208980.620999,61.082988,207109.733807,98.836689,649.431115,-20.832828,657.598810,-141.042452,653.683394,59.977173,-0.009394,1,0
13.067000,-58.807838,208446.376182,-178.678906,207755.689666,61.058770,207439.778382,99.278945,647.389716,-20.806851,649.650152,-140.536932,664.847084,59.969920,-0.002267,1,0
13.100000,-58.692639,205588.097013,-179.026990,206985.488235,61.173747,208380.334965,99.097723,655.742553,-21.313765,650.818605,-140.752410,655.024250,59.970286,-0.012072,1,0
13.133000,-58.659872,209260.394242,-178.769259,206358.337632,61.348174,206714.593082,98.794943,656.510555,-21.151410,655.917682,-140.969412,661.100020,59.971492,0.002195,1,0
13.167000,-58.656255,207303.473155,-178.728302,207850.219041,61.256773,209476.000686,99.351642,653.095417,-20.248581,656.911585,-140.415365,656.155546,59.978677,0.004612,1,0
13.200000,-58.630059,209310.226373,-178.778467,207273.150160,61.193427,205834.138774,99.379000,655.576859,-20.933845,654.215186,-141.002673,658.258236,59.981064,0.013640,1,0
13.233000,-58.776896,207352.564769,-178.597224,207121.739067,61.109883,206758.817826,99.210271,643.905875,-20.937149,647.743055,-141.196679,661.164603,59.970090,0.005988,1,0
13.267000,-58.737787,207311.892610,-178.709466,206595.016963,61.367716,205914.435566,99.249393,657.083494,-20.594109,655.586314,-140.929087,652.580698,59.974220,-0.007460,1,0
13.300000,-58.820101,205849.454777,-178.757393,207545.485628,61.117024,208158.402526,98.773136,652.152702,-20.626235,658.165921,-140.798972,660.416314,59.973804,-0.000841,1,0
13.333000,-58.568413,207222.660253,-178.914850,207657.001180,61.436617,209298.491908,99.344184,654.473797,-20.585605,654.307878,-140.666743,656.308820,59.965899,0.008699,1,0
13.367000,-58.865461,208193.931833,-178.809732,209436.429699,61.174864,209083.364100,99.116901,660.731014,-21.036678,651.914367,-140.710571,654.781204,59.974067,-0.000907,1,0
13.400000,-58.781849,206688.309675,-178.629839,207801.211761,61.329516,206531.889534,99.155213,652.594870,-20.627709,656.870882,-140.555427,654.698872,59.962193,-0.005469,1,0
13.433000,-58.618463,206844.682967,-178.602150,207510.998714,61.298638,207133.116299,99.160244,665.938434,-20.741945,644.625349,-140.722517,657.455160,59.959503,-0.004738,1,0
13.467000,-58.618036,208727.093727,-178.796462,209639.432045,61.420651,207161.933442,99.388794,658.870379,-20.544396,655.787819,-140.645628,661.670256,59.971033,-0.000397,1,0
13.500000,-58.765238,207086.479986,-178.602045,207059.261726,61.054747,207782.967671,99.210559,650.830116,-20.507316,659.591196,-141.065162,653.211896,59.968265,-0.002963,1,0
13.533000,-58.747272,207744.293631,-178.888333,206697.409307,61.266837,207771.691048,99.182625,656.326158,-21.058422,654.049698,-140.541894,653.539079,59.962508,-0.011901,1,0
13.567000,-58.608473,207481.142756,-178.782420,206446.934085,61.241711,208130.881904,99.349388,651.934598,-20.757333,653.798337,-140.677038,646.976797,59.959820,-0.002275,1,0
13.600000,-58.872272,208405.341727,-178.789090,207861.490041,61.286279,206756.584517,99.303199,652.571483,-20.524099,652.627147,-140.790479,656.504302,59.960172,-0.006167,1,0
13.633000,-58.624256,208315.626040,-178.614168,208428.101229,61.162745,207439.350496,99.662030,643.003666,-20.807752,648.910334,-141.266394,657.141272,59.963825,0.008206,1,0
13.667000,-58.672589,206917.087815,-178.600168,206215.561574,61.488883,207021.335529,99.019034,655.138708,-20.529655,654.825518,-140.456215,647.031093,59.965945,-0.001168,1,0
13.700000,-58.856531,206321.720253,-178.586743,208940.404939,61.297515,207310.625412,99.303266,654.429517,-20.457990,654.671013,-140.723151,657.428528,59.968447,-0.005800,1,0
13.733000,-58.701273,207444.737579,-178.615589,207494.248635,61.171381,207503.904801,99.207774,650.338771,-20.614356,650.483294,-140.638933,658.592754,59.962904,-0.003682,1,0
13.767000,-58.915926,208501.245140,-178.845856,207121.701631,61.399625,208377.127566,99.105308,644.788756,-21.061036,644.567717,-140.740691,653.250701,59.964448,0.004366,1,0
13.800000,-58.791708,206594.979078,-178.827531,206776.489502,61.199329,206995.095070,99.353524,648.399102,-20.971404,658.252410,-140.851167,650.173050,59.967513,0.005603,1,0
13.833000,-58.757469,207960.582545,-178.576298,208437.080321,61.244997,206855.195051,99.433898,652.460610,-20.782950,657.297586,-140.460108,648.462874,59.967035,0.002813,1,0
13.867000,-58.710091,208122.476247,-178.582952,207414.031429,61.369808,208427.357371,99.434260,655.120243,-20.802149,645.780230,-140.393088,648.335080,59.967325,-0.001980,1,0
13.900000,-58.669323,207275.613598,-178.622914,209154.175876,61.308385,208731.829230,99.515721,654.581646,-20.794803,652.522463,-140.634868,650.082493,59.958870,-0.006019,1,0
13.933000,-58.757795,207250.435307,-178.570035,207471.410707,61.459565,207495.271790,98.908194,656.213259,-20.761715,648.579673,-140.477860,646.749081,59.959892,-0.001281,1,0
13.967000,-58.757873,207091.760966,-178.663287,206859.790140,61.228394,208727.391625,99.337481,645.176957,-20.437123,651.410500,-140.674582,652.144319,59.966600,-0.005064,1,0
14.000000,-58.970108,207574.233516,-178.805473,206346.411117,61.439973,207142.714882,99.105302,648.676588,-20.554216,663.166856,-140.485538,657.075183,59.968297,0.017866,1,0
14.033000,-58.728626,207664.531413,-178.599518,207439.933404,61.200942,206747.916011,99.240389,654.841768,-20.637264,652.935101,-140.803947,655.603681,59.968979,0.003281,1,0
14.067000,-58.803035,207237.866152,-178.819261,207056.697401,61.207833,208406.193187,99.474592,653.659489,-20.665655,654.148879,-140.645625,654.706177,59.967641,-0.001232,1,0
14.100000,-58.695688,206499.154546,-178.561470,206361.326984,61.123101,206182.154463,99.338423,652.396663,-20.756798,649.229928,-140.981196,647.270632,59.965133,-0.002404,1,0
14.133000,-58.770236,207317.801992,-178.563762,208468.321161,61.281365,207661.388050,99.219033,660.387655,-20.980698,648.989162,-140.902509,654.121960,59.958455,-0.004007,1,0
14.167000,-58.433850,207815.815838,-178.497047,207810.743726,61.342616,208330.690284,99.492908,655.092417,-20.398172,664.196687,-140.794315,653.188703,59.965750,0.002155,1,0
14.200000,-58.778359,208375.936514,-178.647032,206908.769652,61.194280,209562.724509,99.344678,661.158600,-20.741853,657.289015,-140.943365,656.362899,59.966486,-0.003928,1,0
14.233000,-58.920498,207543.915420,-178.775801,207077.173974,61.281149,208386.677556,99.209087,657.672134,-20.733955,663.718277,-140.664496,663.683684,59.969060,-0.013729,1,0
14.267000,-59.090912,207492.317318,-178.766416,207920.231680,61.454025,206524.134151,98.552054,660.194787,-21.063126,656.250444,-140.636221,662.943554,59.965590,0.011693,1,0
14.300000,-58.605178,207037.653103,-178.795914,206553.553038,61.318408,208431.628724,99.887191,659.344249,-20.949256,667.017445,-140.559849,665.431384,59.967114,-0.005659,1,0
14.333000,-58.878430,206807.989516,-178.694650,207446.410778,61.037257,207670.398110,98.832191,667.264060,-20.557960,661.201102,-140.740268,663.213588,59.964424,0.008973,1,0
14.367000,-58.837743,207727.697386,-178.830937,206146.200795,61.110709,208478.859050,99.148466,664.253704,-20.691006,662.873783,-140.891552,663.242847,59.957942,-0.001976,1,0
14.400000,-58.707139,207649.436359,-178.969712,208756.841755,61.046856,206219.518909,99.408249,662.466208,-20.958220,670.941905,-140.918643,662.076890,59.957397,0.000523,1,0
14.433000,-58.708628,207583.764332,-178.949833,204701.111231,61.159608,208110.235819,99.278726,674.588964,-20.634266,662.449845,-141.063114,663.103495,59.950559,-0.001136,1,0
14.467000,-58.692125,207967.556484,-178.778313,207694.388007,61.066333,207524.843409,99.266176,665.940700,-20.876583,663.982176,-140.893101,664.649835,59.963078,0.007470,1,0
14.500000,-58.891217,208046.600453,-178.912869,206848.159149,61.113058,208202.385916,99.108066,665.979704,-21.165861,671.244922,-141.054253,665.212477,59.954094,-0.005287,1,0
14.533000,-58.887230,208052.887786,-178.869716,207930.109108,61.074815,208893.818800,98.911678,672.086234,-20.736271,665.491948,-141.274262,665.645663,59.951094,-0.007119,1,0
14.567000,-58.813703,206502.403649,-178.920227,208699.836297,61.213174,208330.230122,99.123329,666.667660,-20.674275,663.950814,-140.802300,670.288570,59.952915,0.003859,1,0
14.600000,-59.133253,207233.052061,-178.832565,206472.056675,60.906848,208606.460099,98.698638,664.898456,-20.938040,666.178360,-140.950063,667.764961,59.955871,-0.003805,1,0
14.633000,-59.033391,207598.576494,-178.991064,206410.342727,60.919705,208329.905768,98.791143,672.278755,-20.686451,677.427447,-141.363389,674.729539,59.957085,0.000736,1,0
14.667000,-58.793613,208066.214078,-178.739868,207462.136563,61.092179,209721.935059,98.962628,664.662705,-20.588857,669.362392,-140.799658,669.865413,59.965567,-0.002777,1,0
14.700000,-58.955925,206887.095513,-178.966168,206427.157319,61.222806,207823.054529,98.962362,673.943958,-21.059628,667.579493,-140.634247,670.999094,59.967060,-0.005459,1,0
14.733000,-58.770870,208429.134283,-179.000031,208234.820400,61.115734,208619.329213,99.308256,681.654031,-21.190286,674.892809,-141.108330,669.844477,59.961799,-0.001570,1,0
14.767000,-59.095500,207296.666112,-178.786058,208444.122606,61.116215,207781.429991,99.146262,676.278563,-20.942534,671.190472,-140.873081,676.527623,59.963292,-0.011119,1,0
14.800000,-59.149009,207387.163169,-178.855569,207541.058133,60.955292,205734.838382,98.705235,674.288386,-20.704814,675.675654,-141.020380,673.781314,59.956343,0.000194,1,0
14.833000,-59.070358,207538.634673,-178.927051,207111.521146,61.010180,208418.620423,98.524212,681.855898,-21.070678,673.076025,-141.022082,673.842100,59.965111,-0.005497,1,0
14.867000,-59.057483,207906.041509,-179.132052,207865.428445,60.917433,209166.963704,99.024205,680.415156,-20.927005,668.217802,-141.190783,677.157909,59.967477,-0.004716,1,0
14.900000,-59.017458,208264.550525,-178.891664,207355.928544,60.932205,207701.853260,98.583466,676.801076,-20.746196,678.529913,-141.283524,675.765541,59.964544,0.001779,1,0
14.933000,-59.145367,206241.568958,-179.013426,207283.654953,61.002917,206075.998343,99.150760,679.672251,-21.102063,676.248128,-140.822460,675.592490,59.958169,0.003866,1,0
14.967000,-59.178975,206418.464147,-178.940069,207216.974075,61.027310,207407.393305,98.871731,671.978741,-21.145297,667.397828,-141.246328,673.754456,59.968508,0.014003,1,0
15.000000,-59.034231,206442.207613,-178.974066,207898.678949,60.997833,207524.805807,98.974374,663.956855,-20.970085,663.929036,-140.762030,666.609599,59.960624,-0.006055,1,0
15.033000,-59.234507,207935.536924,-179.051550,206458.458663,60.944241,207658.057042,98.580625,678.521460,-21.202711,664.371769,-140.868993,665.792775,59.967940,-0.005829,1,0
15.067000,-59.018950,206579.842913,-178.896495,207668.546010,61.065989,207336.236555,98.870577,676.786925,-20.941587,670.666986,-141.101599,668.693530,59.968640,0.005400,1,0
15.100000,-59.014116,208338.249337,-179.010480,205977.330281,60.890692,206943.523042,98.761375,662.586579,-21.135093,670.249123,-141.254244,664.895575,59.958573,-0.006691,1,0
15.133000,-58.963933,206658.885467,-178.973066,205669.830709,61.001930,208170.333951,98.941442,671.545111,-21.237788,670.075293,-141.031987,666.163420,59.960802,-0.004489,1,0
15.167000,-59.119883,206028.259840,-178.977085,207586.161973,60.884757,206991.725908,98.969716,666.760428,-21.091741,672.053048,-140.852681,667.234572,59.963631,0.005897,1,0
15.200000,-58.959814,206914.690219,-179.327434,206899.119159,60.866577,207389.133713,99.035915,660.777376,-21.296162,670.313173,-141.220008,663.432713,59.961390,-0.005152,1,0
15.233000,-59.054848,206778.085455,-179.092342,207797.935895,60.893127,208296.171757,99.157042,671.361579,-21.160068,672.779391,-141.199842,665.761366,59.958656,0.009032,1,0
15.267000,-59.178212,206002.191461,-179.028463,207397.819671,61.059649,207131.096092,98.523778,668.846235,-20.997533,668.981692,-140.928033,673.897672,59.963668,0.001734,1,0
15.300000,-59.209042,206150.717436,-179.121218,207060.310586,60.781884,207843.982102,98.736937,670.870767,-21.025373,665.236103,-141.417930,664.938504,59.953182,0.006397,1,0
15.333000,-59.078669,207114.120594,-179.029626,207135.446038,60.975331,207914.692960,98.882311,668.026651,-21.201607,671.617686,-141.364782,673.020938,59.959651,0.000453,1,0
15.367000,-59.172465,207203.557758,-179.232273,208519.225878,60.787281,207358.746819,98.576493,671.073451,-21.006721,672.039843,-141.294545,672.550833,59.950352,-0.000421,1,0
15.400000,-59.054864,206212.293712,-179.161145,207293.578015,60.966978,207927.245747,98.976990,662.765670,-20.941029,665.604215,-140.992455,663.003239,59.960080,0.001290,1,0
15.433000,-58.958417,207601.933253,-179.063818,209157.091936,61.065747,207512.418485,98.941312,673.528859,-21.104612,667.528630,-140.578992,665.978564,59.961828,-0.003922,1,0
15.467000,-59.026728,206658.932536,-178.971474,206551.231873,60.971359,207660.855445,99.236495,666.208365,-20.938501,672.878109,-140.786852,662.919365,59.958518,-0.001171,1,0
15.500000,-58.998518,207122.396916,-179.119314,208907.198380,61.082058,208534.761998,99.065776,668.691249,-20.918197,674.486206,-140.994995,666.643460,59.955952,-0.005908,1,0
15.533000,-58.927950,206135.693808,-179.079342,206364.407101,60.866690,207464.624344,99.018350,668.808181,-21.069241,674.128053,-141.367812,674.060082,59.961043,-0.003909,1,0
15.567000,-58.945255,206451.968737,-178.993173,205897.570051,60.894623,208018.184243,98.797818,672.443118,-20.860892,671.175475,-140.723742,674.389992,59.964209,-0.009051,1,0
15.600000,-59.244405,206177.313734,-179.067280,206588.487688,60.689310,209052.076862,98.705447,672.956895,-20.977352,672.956377,-141.366307,682.287141,59.967905,0.005474,1,0
15.633000,-58.943830,205997.620312,-179.241929,208681.925371,60.836881,208182.014711,99.336033,666.747896,-20.954531,674.679743,-141.221569,670.300729,59.958082,-0.000076,1,0
15.667000,-59.068028,207174.182194,-179.096856,207450.384773,60.733413,207823.461669,98.585365,675.843336,-21.163753,672.848250,-141.285483,668.089085,59.960451,0.003848,1,0
15.700000,-59.107694,206042.389779,-179.068227,207794.282223,61.076153,208164.510972,98.711346,676.040576,-21.140371,676.655112,-140.977177,677.437713,59.965609,0.006079,1,0
15.733000,-59.030019,207012.840019,-179.219952,206544.378829,60.855722,207141.028489,98.965014,675.229496,-21.175483,674.275676,-141.029961,671.010344,59.975367,0.006441,1,0
15.767000,-59.072388,208049.323097,-179.178505,206998.864331,61.032279,206761.223000,98.850204,674.645430,-21.212370,671.926399,-140.745278,672.747468,59.969031,-0.003250,1,0
15.800000,-59.018926,206242.061645,-179.039548,206044.391172,60.959817,209219.969052,98.649352,668.381760,-20.698380,675.009286,-141.092472,672.373633,59.962262,0.016121,1,0
15.833000,-59.153693,207020.668080,-179.151589,206895.679623,60.837741,208193.187767,98.901506,671.836669,-21.338367,669.213365,-141.282225,670.830957,59.968789,-0.011602,1,0
15.867000,-59.227386,206254.663001,-179.131413,207693.765304,60.769507,208919.249535,98.811262,673.895934,-21.060295,668.365972,-141.168780,671.652319,59.972010,0.002960,1,0
15.900000,-59.171578,207596.504426,-179.259417,207154.173924,60.766117,206697.817216,98.678470,676.309618,-21.241044,675.109898,-141.382250,675.252043,59.967805,-0.009878,1,0
15.933000,-59.006959,204853.516432,-179.100780,206978.778169,60.856844,206358.443679,98.830782,675.435478,-20.862293,671.536913,-141.266464,671.733084,59.972864,0.010745,1,0
15.967000,-59.189729,206581.044226,-179.133575,206823.173136,60.901445,206186.100763,98.861225,675.612752,-21.225103,676.575616,-141.188015,666.876893,59.962631,-0.004436,1,0
16.000000,-59.057050,205794.972795,-179.233348,207441.398146,60.870848,207470.115117,98.830351,673.848095,-21.290785,672.855681,-141.388186,678.869378,59.966057,-0.000195,1,0
16.033000,-59.184289,206359.282334,-179.003167,207994.605809,61.063924,207513.328918,98.916120,669.335130,-20.912812,671.414069,-140.755531,675.667735,59.967598,0.006217,1,0
16.067000,-59.059701,207629.108572,-179.130315,207406.029329,60.910439,206642.760439,98.853845,672.297172,-21.654178,669.276177,-141.083614,669.711594,59.971770,0.007786,1,0
16.100000,-59.072458,206875.911836,-179.308932,207592.211856,60.963934,208445.871719,98.893572,674.076348,-21.098245,666.696061,-141.096094,672.411562,59.957096,-0.008783,1,0
16.133000,-59.063550,207389.991452,-179.123390,207805.194581,60.807426,206422.995752,98.776412,673.490974,-21.285594,669.783220,-141.207727,667.254042,59.963849,0.012699,1,0
16.167000,-59.211355,207219.161576,-179.167252,206709.849091,60.721413,206820.581053,98.585044,663.046327,-21.340475,668.894931,-141.138011,672.661843,59.968132,0.000361,1,0
16.200000,-59.047310,205358.079433,-179.155173,208114.058092,60.644400,208507.776939,99.146487,671.886227,-21.270134,673.645315,-141.396455,668.636583,59.972211,-0.000928,1,0
16.233000,-59.088579,206363.704497,-179.074504,206123.902647,60.781394,207205.464119,98.826234,662.064096,-20.835169,669.722077,-140.997192,669.164837,59.957955,0.004809,1,0
16.267000,-59.110676,208038.990856,-179.138134,206037.685744,60.806722,208274.004456,98.735548,671.296953,-21.496238,664.157343,-141.234374,669.335409,59.961257,0.003529,1,0
16.300000,-59.120703,208561.436450,-179.337564,207025.000519,60.712296,207290.604973,98.833280,671.416373,-21.098930,671.214989,-141.289025,669.439153,59.958901,-0.002126,1,0
16.333000,-59.354446,208757.460335,-179.121113,206906.310315,60.682472,207984.187893,98.226852,667.686221,-21.048857,669.637109,-141.461728,664.149222,59.959906,-0.002747,1,0
16.367000,-59.268782,206513.039157,-179.267869,206490.877078,60.879626,206574.330204,98.825605,666.010381,-21.589758,661.744820,-141.231069,668.654723,59.964217,0.003131,1,0
16.400000,-59.128014,206268.235135,-179.135011,207358.605851,60.757453,206966.202868,98.513081,669.217670,-20.828306,668.799856,-141.366175,661.616935,59.966035,0.003161,1,0
16.433000,-59.206718,207072.667496,-179.059910,207040.649746,60.795129,207265.044349,98.758001,669.478974,-21.168943,669.266914,-141.335997,667.689204,59.962423,-0.002845,1,0
16.467000,-59.083440,205649.905226,-179.237899,207288.264367,60.754812,206823.858342,98.762356,657.643673,-21.477782,658.518974,-141.027633,663.164047,59.967895,-0.007250,1,0
16.500000,-59.082625,207964.771723,-179.276908,208537.389383,61.004978,206713.292406,98.835326,663.538548,-21.315539,657.242495,-141.216667,667.615524,59.959691,0.013752,1,0
16.533000,-59.204393,206807.423685,-179.070284,208810.644464,60.983814,207284.977477,98.885517,666.512582,-20.992318,670.087919,-140.900250,664.940227,59.956212,0.001257,1,0
16.567000,-59.016860,207038.119455,-179.039472,207105.839774,60.911432,208094.578178,99.097248,666.909298,-21.431076,671.222199,-141.094864,656.177114,59.960012,0.020497,1,0
16.600000,-59.096402,207801.747803,-179.177675,208840.993522,60.849503,208610.685736,98.773165,661.824664,-21.204366,660.135238,-141.298464,665.390247,59.946288,-0.008454,1,0
16.633000,-59.162648,208196.332357,-179.260820,207422.911952,60.913367,208590.665659,98.935709,662.912892,-21.093205,658.544574,-141.015213,659.587323,59.955956,-0.011016,1,0
16.667000,-58.978425,208984.320473,-179.161514,206647.448500,60.768010,207652.881428,99.128750,659.341170,-21.083159,667.532696,-141.179188,659.355453,59.945505,0.012230,1,0
16.700000,-59.386570,209906.981109,-179.115219,207441.657651,60.879975,208551.273348,98.733919,664.832905,-21.435465,660.147525,-141.156715,664.480678,59.954930,0.001770,1,0
16.733000,-59.048991,206816.030509,-179.142998,208147.770899,60.849029,207359.780537,99.069526,658.927144,-20.912405,666.754424,-141.134544,663.241516,59.951272,-0.007442,1,0
16.767000,-59.167355,207581.195199,-179.056922,207772.801793,60.744015,208176.676217,98.596267,668.799752,-21.139038,661.258169,-141.257843,662.384836,59.951139,-0.000081,1,0
16.800000,-58.879984,206586.432160,-179.061352,206665.940560,60.835630,206422.608737,99.132886,661.284757,-21.000778,669.948442,-141.083149,661.178233,59.952825,-0.002175,1,0
16.833000,-59.034456,207983.966256,-179.025634,207477.065521,60.972481,208508.765920,99.341377,660.477813,-20.641491,659.660244,-141.166853,665.749231,59.956969,0.008150,1,0
16.867000,-58.845338,208601.182941,-179.009147,208003.881515,60.924308,207998.296171,99.356629,655.966626,-21.284606,665.591761,-141.094562,659.611397,59.953551,-0.003823,1,0
16.900000,-58.984834,207322.305239,-178.970126,208359.483696,60.812136,208172.129832,98.877101,652.663684,-21.167220,666.716327,-141.198344,657.210271,59.952879,-0.003241,1,0
16.933000,-59.067527,206561.127516,-178.921038,207735.594147,61.079453,206952.709363,98.710296,653.461263,-20.773609,657.802551,-141.046033,657.870118,59.952305,-0.008380,1,0
16.967000,-58.786282,208436.849130,-178.830237,206882.662848,60.917799,207926.505027,99.356168,662.594156,-20.947797,662.109390,-141.050362,664.877158,59.948156,0.017824,1,0
17.000000,-58.861673,206666.027603,-178.936762,208753.655921,61.008535,209428.865333,99.146686,662.754344,-20.872208,662.675693,-140.867126,658.549178,59.956631,0.003823,1,0
17.033000,-59.053300,206954.180585,-178.932893,206776.342104,60.865425,208781.455672,98.769153,662.729474,-21.073506,660.274999,-140.878234,665.357442,59.950272,-0.003111,1,0
17.067000,-58.907675,207814.099085,-179.015632,208240.071825,61.203158,207622.502324,98.916577,658.142264,-21.016028,662.949449,-140.752715,663.359038,59.952489,-0.004801,1,0
17.100000,-59.053200,206834.376097,-178.976620,206495.669273,61.191159,208687.129756,98.958620,667.016390,-20.950340,665.020943,-140.725575,657.425913,59.950966,-0.001917,1,0
17.133000,-58.955653,208627.010268,-178.874412,207768.374513,60.921198,208474.550783,98.897910,662.113388,-21.447430,661.632505,-141.141776,657.939555,59.953518,-0.003497,1,0
17.167000,-58.903019,206040.749610,-178.968240,207428.608840,60.948435,207204.226136,99.418058,660.840697,-21.288080,663.400077,-141.015826,663.950895,59.956918,0.001798,1,0
17.200000,-58.947382,207509.167658,-179.044712,207295.984692,60.841250,207161.030527,99.286232,669.499804,-20.891175,664.122010,-141.289205,664.547476,59.951058,-0.000711,1,0
17.233000,-58.963480,206321.261343,-179.032350,207486.408813,60.967915,207121.047019,99.129836,668.490613,-21.155513,672.134469,-140.635964,669.817621,59.951080,0.007331,1,0
17.267000,-59.056928,204920.611802,-179.201998,206780.070649,61.017456,206643.290328,98.982889,670.817866,-21.273059,664.937902,-140.911713,669.985473,59.963652,-0.004315,1,0
17.300000,-59.135698,206378.880911,-178.936299,206323.080279,60.929551,207491.933602,99.213126,667.352744,-21.076868,664.831618,-141.138826,665.703499,59.954980,-0.003357,1,0
17.333000,-58.916296,206857.475751,-179.134049,208085.648110,61.034488,206827.625220,99.268247,666.390643,-21.264997,667.720674,-140.912199,669.248962,59.959580,0.000541,1,0
17.367000,-58.976588,206581.185361,-179.236879,206408.542789,60.927661,207918.554822,99.106811,672.339662,-21.080553,665.122496,-141.233125,668.213464,59.957359,0.013418,1,0
17.400000,-58.978311,206025.357871,-178.876495,208031.597643,60.940411,206065.430951,98.945889,671.247091,-20.771048,668.728906,-141.155316,666.254598,59.970011,0.004344,1,0
17.433000,-59.034922,208404.406813,-178.953738,206305.616340,60.991508,208729.324848,99.223642,671.390616,-20.749746,668.037290,-140.629362,669.163326,59.963615,-0.007915,1,0
17.467000,-59.042168,206105.384972,-179.102915,206645.276146,60.958397,207666.999808,98.774283,667.028434,-20.932845,662.919895,-140.911755,671.768743,59.970101,-0.006472,1,0
17.500000,-59.003076,205757.537776,-178.944668,206063.320108,60.856817,207264.601567,99.217502,669.682132,-21.154603,668.921941,-141.404943,667.005867,59.972883,-0.000567,1,0
17.533000,-58.986824,208022.801532,-178.980982,208286.262903,60.864107,207871.645380,98.686620,665.329283,-20.868646,664.206851,-141.178442,661.844163,59.967807,-0.006955,1,0
17.567000,-59.030770,207233.957879,-178.934647,207179.126837,60.914874,207420.019824,98.806934,665.316289,-20.841551,668.751928,-140.871166,660.788386,59.972491,-0.003225,1,0
17.600000,-59.061004,206137.803934,-178.917350,207077.870504,61.019317,206755.318514,99.102274,669.503490,-21.301740,665.745346,-141.010134,664.760525,59.977112,-0.016540,1,0
17.633000,-58.901083,207157.526603,-179.051766,205628.311999,61.005101,206214.203742,98.975818,668.326690,-21.185342,657.487443,-141.156932,660.525948,59.971327,0.003011,1,0
17.667000,-59.009717,206370.575017,-179.100656,206208.295005,61.070114,205910.645172,99.144906,654.137385,-20.910723,662.147204,-141.116610,662.166448,59.982316,-0.000061,1,0
17.700000,-59.079339,205716.362577,-179.200233,205633.254477,60.975057,205434.849009,98.744548,660.707111,-21.114891,664.127199,-141.191702,655.735190,59.983876,-0.000975,1,0
17.733000,-58.952307,205536.119695,-179.149429,207437.608633,61.027268,207590.398980,99.074512,659.890231,-21.058116,656.910544,-141.004271,656.782296,59.973637,-0.000046,1,0
17.767000,-59.061712,204532.079304,-179.139953,206336.613328,60.657708,207093.243571,98.945027,654.346619,-21.300342,656.167327,-141.453511,658.265182,59.979156,-0.008417,1,0
17.800000,-58.926935,207092.752907,-178.942716,208167.487294,60.902037,206780.909266,99.287189,657.310525,-21.399871,661.355146,-141.031715,661.143078,59.977498,-0.000236,1,0
17.833000,-59.106561,206926.898588,-179.166206,204775.383638,60.942884,207118.572639,98.537018,655.368198,-21.104465,658.013038,-140.969728,660.548754,59.973403,-0.001341,1,0
17.867000,-59.138395,205773.362641,-179.132749,206843.812511,61.273321,205543.675124,99.142728,652.145415,-20.772581,659.582681,-140.534982,652.441125,59.970683,-0.006294,1,0
17.900000,-59.113565,205934.917694,-178.899148,206637.554514,61.054340,205969.483717,98.577047,651.921146,-20.930630,653.095191,-140.650897,654.666727,59.974668,0.001267,1,0
17.933000,-59.151220,207104.329688,-178.964117,206130.008546,60.888934,206283.427269,98.873130,657.477221,-20.805769,651.410100,-141.091403,655.134363,59.983845,-0.008951,1,0
17.967000,-59.276768,205497.338398,-179.095825,207018.249526,61.022607,206684.635806,98.831543,649.821641,-21.037048,653.902286,-141.093402,653.575307,59.970614,-0.001412,1,0
18.000000,-59.009073,206058.341308,-178.937903,205465.318529,60.969579,207207.653492,98.964087,665.479200,-20.840353,663.109026,-140.778308,661.167580,59.980481,0.001818,1,0
18.033000,-59.213101,206754.367162,-179.037295,206288.188057,60.975991,206607.538724,99.025005,656.950506,-21.047287,657.232756,-141.005610,652.001401,59.974288,-0.001892,1,0
18.067000,-58.743035,207036.121815,-179.050038,205188.892757,61.078751,207473.274479,99.251618,656.661190,-21.242497,652.369706,-141.198687,658.386827,59.979991,0.018050,1,0
18.100000,-59.117935,206883.734902,-179.057244,206912.548609,60.877575,205738.777237,99.041267,658.066968,-21.026269,656.617693,-141.060077,651.725539,59.981482,-0.008196,1,0
18.133000,-59.164735,203769.648562,-178.755048,205645.713366,61.014811,205859.622750,98.674461,648.453650,-20.569211,649.422723,-140.993507,654.285659,59.984797,-0.006481,1,0
18.167000,-58.891325,207491.319267,-178.841266,206090.584293,60.980566,205768.843429,99.033114,653.987322,-20.846033,650.378929,-141.182233,650.925054,59.976742,-0.011808,1,0
18.200000,-58.864777,205864.944712,-178.914639,206172.121483,61.066549,204873.407739,99.087594,648.539351,-20.848800,653.072743,-140.908452,648.079304,59.977655,-0.007545,1,0
18.233000,-59.130942,205605.130298,-179.053156,205261.873465,60.986470,206492.550919,98.668275,653.032251,-21.142934,652.450428,-140.920043,652.693952,59.974490,0.004789,1,0
18.267000,-58.919491,205700.754162,-178.924404,205816.106508,61.079162,205546.157436,99.126260,658.892724,-20.676518,656.726102,-140.979914,655.734586,59.977600,-0.004728,1,0
18.300000,-59.118899,205729.179952,-179.135634,204985.370381,61.007367,204957.281600,98.703620,653.351752,-21.204847,652.636545,-140.860338,654.739612,59.974476,-0.005516,1,0
18.333000,-58.906583,204941.404025,-179.173827,206589.707636,61.175746,203493.670918,98.996962,651.061953,-21.133889,660.308352,-141.059122,647.246265,59.977971,0.006420,1,0
18.367000,-58.991304,204564.995939,-179.020856,204378.922896,61.035008,206350.950647,98.956464,658.046851,-20.938650,657.439929,-140.794612,657.192891,59.965614,0.004897,1,0
18.400000,-58.922151,205841.586121,-179.041413,205660.797815,61.017045,206693.440460,99.242845,650.837012,-20.987726,657.265980,-140.742882,652.770877,59.982483,-0.000816,1,0
18.433000,-58.843428,205825.065662,-178.977860,205716.715312,60.986697,205977.730417,99.175775,655.591871,-20.810803,657.783861,-141.082487,660.625365,59.969550,-0.005880,1,0
18.467000,-58.950551,204272.288500,-178.848646,205705.321032,60.847216,205683.374335,99.164181,657.282523,-21.043791,656.155073,-141.033997,658.552479,59.975785,-0.003599,1,0
18.500000,-58.907947,205255.772346,-178.913297,206341.663422,61.144772,205630.096724,99.091537,657.542160,-20.859032,653.653230,-140.877430,655.766805,59.966010,-0.009003,1,0
18.533000,-59.170358,206877.306988,-179.056080,206321.830295,61.009798,205637.728823,98.816472,661.427589,-21.137418,658.700142,-141.292787,656.113206,59.967529,-0.006960,1,0
18.567000,-59.109028,205051.027921,-179.025542,205670.470089,61.118228,206405.296493,98.823476,660.614980,-21.289570,651.959253,-140.353712,661.584068,59.971486,-0.000697,1,0
18.600000,-59.075999,205437.856599,-178.964416,207442.212929,60.900384,206145.826715,98.705018,658.876338,-20.843008,658.639633,-141.037574,667.580911,59.976406,0.009669,1,0
18.633000,-59.042190,205374.130461,-178.941302,205426.715094,60.952966,207383.939252,98.816026,655.975240,-20.768850,661.789746,-140.932498,652.363879,59.979671,0.007512,1,0
18.667000,-58.821438,206415.493236,-178.959944,204561.130088,60.973470,205742.916897,99.262930,653.619240,-21.158927,654.762120,-140.996959,653.207798,59.979800,-0.010549,1,0
18.700000,-59.093268,204478.822175,-179.011759,205194.077622,61.008280,204750.295461,98.949297,656.757718,-20.579217,656.467667,-141.007574,645.574369,59.978722,-0.007387,1,0
18.733000,-59.059956,206355.294463,-178.898409,206411.519704,60.999399,204999.550438,98.914292,653.050592,-20.884790,655.217199,-140.900822,655.300482,59.972037,-0.002068,1,0
18.767000,-58.942623,206121.286642,-179.042137,205471.299292,61.072716,207271.386888,98.738107,651.338470,-20.836646,651.284582,-141.027896,652.742299,59.975189,-0.005007,1,0
18.800000,-59.033268,204447.734532,-179.064703,206252.919078,60.985296,205005.931084,98.747525,656.575203,-21.070859,654.392001,-140.958524,651.796252,59.973540,0.002687,1,0
18.833000,-59.071132,205060.315274,-178.799279,205458.851308,61.026628,204083.773523,98.637439,659.467682,-21.046159,655.561014,-140.790840,659.275467,59.967528,0.000167,1,0
18.867000,-58.959493,204689.073843,-179.123911,205581.552945,60.871961,205289.827076,98.784129,651.938674,-21.151844,656.099449,-141.488948,661.608491,59.976350,0.002358,1,0
18.900000,-59.033483,203049.342410,-179.036278,203657.237538,60.898847,205849.732749,99.085233,652.651697,-21.093340,647.692542,-140.813057,657.518122,59.959459,0.000442,1,0
18.933000,-58.827819,204377.872198,-179.011523,204177.555087,61.114661,206337.731056,98.874553,651.111457,-20.863964,654.426246,-140.801191,653.249542,59.970083,0.007601,1,0
18.967000,-58.944229,204518.057575,-179.010182,205007.681912,60.927554,206102.830280,99.115256,661.631812,-21.013857,648.222573,-140.826946,654.285812,59.966194,0.004833,1,0
19.000000,-58.907690,204322.653722,-178.836265,204445.639062,61.122123,204933.128065,99.032434,658.540930,-20.795614,656.098023,-141.114008,655.790359,59.962786,0.001303,1,0
19.033000,-58.804369,206685.007547,-178.960936,203526.981534,61.064226,205584.915058,98.949596,656.660335,-20.926458,656.349031,-141.139435,645.534305,59.965862,-0.003855,1,0
19.067000,-58.896982,204939.429583,-178.885155,205666.728337,61.090688,204322.725746,99.030992,654.358672,-20.792179,663.401751,-140.948963,660.796193,59.962725,-0.006057,1,0
19.100000,-58.792101,205158.061421,-179.134883,204667.829125,60.993202,206782.712687,99.356314,654.247800,-21.448656,660.922218,-140.996272,658.815748,59.968770,-0.002155,1,0
19.133000,-58.905258,204862.436264,-178.824083,205315.080925,61.153628,206186.969996,98.953319,654.837283,-20.765824,657.486984,-140.932140,658.255653,59.970612,-0.004016,1,0
19.167000,-59.141884,205334.210840,-178.901758,205412.674045,61.015443,206003.683036,99.025072,659.515207,-21.091109,655.677567,-141.016590,657.537831,59.967078,-0.002718,1,0
19.200000,-58.777691,204753.077332,-178.905903,205429.930187,61.123628,206696.789097,99.425165,665.136265,-20.757148,658.485183,-140.820874,662.347850,59.962050,0.001212,1,0
19.233000,-59.041964,204910.982462,-178.839399,205638.477378,61.049707,205167.098716,98.823945,651.177989,-21.196919,653.490015,-141.255863,659.339861,59.960802,0.006632,1,0
19.267000,-58.919206,204500.542415,-179.058264,206268.995871,61.121595,206032.597249,99.209432,660.227501,-20.972666,661.812324,-140.886071,667.139505,59.966683,-0.005693,1,0
19.300000,-59.212259,203958.335120,-178.952081,204388.964430,61.158864,206288.014469,98.699896,657.800764,-21.260137,661.792003,-140.805043,658.715278,59.957793,0.004347,1,0
19.333000,-58.936004,205216.156894,-178.871344,205598.861854,61.091114,205894.629349,99.086552,659.748482,-20.901134,652.611257,-140.960887,661.324790,59.959524,0.011538,1,0
19.367000,-58.908889,204389.274296,-179.022870,205920.044184,61.324035,206349.529266,99.142769,653.670406,-21.142498,660.640396,-140.341466,654.798956,59.956431,-0.002817,1,0
19.400000,-58.906379,205562.043169,-178.908172,206002.485994,60.974342,206435.495135,99.388542,664.948822,-20.822402,656.332645,-141.273081,655.752425,59.955991,0.001485,1,0
19.433000,-59.011013,205205.795311,-178.703336,203855.794442,60.997893,206589.331717,98.977457,660.599312,-20.760650,657.008745,-141.609485,655.434733,59.958209,0.001149,1,0
19.467000,-58.889245,204620.090083,-178.788490,204749.860417,61.179816,205598.589761,98.987307,662.563228,-20.805781,658.141567,-141.042971,662.690106,59.965844,0.010738,1,0
19.500000,-59.056681,205299.525242,-179.197186,205293.997589,61.094423,206583.037278,99.089892,658.381347,-21.345670,666.265615,-141.021557,664.354672,59.958924,-0.010335,1,0
19.533000,-58.744810,206038.387133,-179.145158,205189.894631,61.139806,206104.033400,99.100167,654.986021,-21.054781,654.791879,-140.876098,658.546901,59.959029,-0.007877,1,0
19.567000,-58.860468,205227.717389,-178.841393,204503.553184,61.011680,206027.938904,99.167526,659.088780,-20.924944,659.331259,-141.041970,656.185498,59.970308,0.000887,1,0
19.600000,-58.922118,204698.499894,-179.001202,204234.739706,61.085882,207430.538474,99.096233,657.172112,-21.073720,657.422988,-140.975113,653.980920,59.961771,0.002246,1,0
19.633000,-58.907677,203757.904760,-178.885999,203748.396693,61.002816,205429.437091,99.363324,660.221213,-20.783613,650.686002,-140.864079,656.453027,59.953878,0.005985,1,0
19.667000,-58.884200,204157.072775,-178.867213,205313.868535,61.107178,206162.429097,98.943740,652.714258,-20.670065,659.022960,-141.067485,653.551256,59.956509,0.007733,1,0
19.700000,-58.934703,203929.787637,-179.082239,204578.743103,60.949914,205191.579400,99.010319,655.432790,-21.234107,651.986429,-141.268541,652.592884,59.967060,0.001477,1,0
19.733000,-58.945767,205870.567316,-178.973942,204658.271187,60.946766,204119.839636,98.973884,654.355603,-21.328241,655.269347,-141.042180,661.488969,59.970903,-0.004240,1,0
19.767000,-59.141541,205776.541864,-178.773855,206490.432467,61.109159,204375.457887,98.831593,656.237073,-20.804000,664.524076,-140.776292,659.969713,59.961390,0.007841,1,0
19.800000,-58.956677,205920.481028,-178.890649,205884.396583,61.056804,205934.660053,99.424296,662.397112,-20.908299,659.182872,-140.689951,658.594367,59.956768,0.006636,1,0
19.833000,-59.026420,203925.006932,-179.025852,204584.121273,60.914647,205235.541128,99.104895,661.261117,-21.148100,662.283674,-141.141790,658.366092,59.954130,0.010350,1,0
19.867000,-58.943845,204655.035823,-179.105314,208247.042483,60.908200,207297.471193,99.173137,663.597120,-21.009700,667.108064,-141.006942,661.628607,59.967397,0.004107,1,0
19.900000,-59.076211,205621.182957,-179.132976,205582.035235,60.875884,207252.289490,99.200600,660.690895,-20.874168,664.124898,-141.366033,655.865065,59.968466,0.001099,1,0
19.933000,-59.132833,204701.795732,-179.079063,205504.031346,61.079856,206190.149796,98.588590,664.057825,-21.312610,660.431595,-140.603770,659.828151,59.957671,0.002440,1,0
19.967000,-58.882890,205804.127848,-178.938568,202826.829759,61.006736,205901.855557,98.951250,662.681227,-21.190859,665.622256,-140.906736,664.798037,59.965393,-0.001423,1,0
20.000000,-58.968368,205024.400206,-179.003787,204716.856125,60.847672,206418.315429,99.228233,658.025225,-20.959616,657.805992,-140.921424,666.645564,59.964573,0.002815,1,0
20.033000,-59.011105,205634.262737,-179.085176,207525.942954,61.132672,205139.716260,98.806014,656.511617,-20.754733,663.447063,-140.783698,660.821894,59.956069,-0.006215,1,0
20.067000,-59.191382,204494.793746,-179.061840,204168.479339,61.017554,205846.914899,98.890518,667.204464,-20.946003,664.814983,-140.976850,657.520356,59.957267,-0.007554,1,0
20.100000,-58.994920,205654.243357,-179.038550,205103.008735,60.883056,207821.311348,99.146186,663.619717,-21.274683,667.966896,-141.143664,661.182100,59.958750,0.005462,1,0
20.133000,-59.113448,205198.996250,-179.024107,206123.778347,61.090227,204778.194409,99.137879,657.584879,-20.819362,669.550196,-140.986422,665.051122,59.958465,0.002575,1,0
20.167000,-59.023648,204340.179348,-179.063177,204035.907155,61.030770,206232.822667,99.322834,659.744298,-21.082227,665.535277,-140.832078,662.655359,59.963695,0.001811,1,0
20.200000,-58.899034,205024.552225,-179.167794,204503.926222,61.101686,204598.634421,99.411571,652.896245,-20.887614,669.502320,-140.892244,665.461648,59.966909,-0.000205,1,0
20.233000,-58.806671,205221.396015,-178.918800,205692.678831,61.041891,205974.887379,98.960206,660.862774,-21.085969,662.827443,-140.860844,664.629166,59.962450,0.009826,1,0
20.267000,-58.996264,206606.169905,-178.958803,206053.421371,60.928823,207570.460890,99.007134,656.264701,-20.959706,667.214139,-141.036979,660.604006,59.966814,-0.004197,1,0
20.300000,-59.107743,206213.343796,-178.943305,205686.657643,61.071499,206256.045612,98.911403,663.605009,-20.925133,664.449664,-141.110148,664.730478,59.958201,-0.004001,1,0
20.333000,-59.157432,205468.056541,-179.276299,205731.399432,60.971021,206166.912745,99.011956,668.891792,-21.250477,666.819134,-140.709942,658.051121,59.953632,0.010907,1,0
20.367000,-59.105595,206344.990688,-178.988492,206426.138343,61.027522,204281.942770,98.852464,661.483154,-21.216299,662.448930,-141.028241,664.775259,59.957489,-0.001773,1,0
20.400000,-58.912856,204894.115144,-179.059492,206079.567776,60.980510,206127.804588,99.228853,662.089942,-21.141470,664.748216,-141.303409,667.263742,59.953722,0.012911,1,0
20.433000,-58.918908,205501.125186,-178.927333,202817.026097,60.978564,207119.501514,98.801190,662.153123,-21.165822,665.263929,-140.928079,659.160179,59.960990,0.004975,1,0
20.467000,-59.064087,204826.184981,-178.777886,205560.924808,60.862536,206417.871647,98.986310,663.098638,-20.686911,666.473378,-141.257750,665.208974,59.960454,-0.001590,1,0
20.500000,-58.988574,206485.777676,-179.026609,206899.519168,61.037738,206110.084556,98.915186,659.062673,-20.856140,659.497737,-141.130850,662.342180,59.957585,0.000888,1,0
20.533000,-59.099015,207490.832853,-179.057730,205690.779207,60.989264,206452.651796,98.893079,661.841782,-21.195490,666.340259,-141.119739,665.716327,59.959318,0.008951,1,0
20.567000,-59.077199,204441.570281,-179.041202,205619.848028,61.068548,205491.837763,98.749937,661.148596,-20.839945,662.275061,-140.978347,663.914874,59.956393,-0.006665,1,0
20.600000,-58.955780,205336.901560,-178.909281,206880.934485,60.973979,204574.533979,99.411128,658.868210,-20.442840,665.802517,-140.912631,659.182464,59.958227,-0.003004,1,0
20.633000,-58.952768,205871.232480,-178.980328,205158.466892,61.074291,206863.034852,99.014322,657.733735,-21.259843,656.625383,-141.303963,666.959578,59.962122,-0.002604,1,0
20.667000,-58.908752,203742.126821,-178.883591,206028.001711,61.129485,206147.940975,99.006768,668.267497,-20.877910,659.729079,-140.981163,661.483966,59.957845,0.003803,1,0
20.700000,-58.871309,205456.249577,-178.989938,206025.622673,61.100199,205415.084090,98.992401,660.937780,-21.260549,665.265003,-141.082997,661.353819,59.953395,0.006359,1,0
20.733000,-59.048537,205254.653779,-178.795867,208778.633935,60.929746,207720.531065,98.692870,659.561195,-21.025267,660.403049,-140.800995,656.323069,59.960396,-0.017174,1,0
20.767000,-58.860157,206490.253516,-178.788335,207912.891739,61.038785,204941.880919,99.228382,667.922477,-20.664489,657.115771,-140.792321,660.499270,59.952907,0.005479,1,0
20.800000,-58.773657,205633.520343,-178.980266,206240.733556,61.146281,206982.109126,99.159769,666.286251,-20.745053,660.365514,-140.769222,657.774764,59.955135,-0.012095,1,0
20.833000,-59.018373,205939.174119,-178.941151,204642.550116,61.189435,205946.678937,98.867507,667.862210,-20.685586,657.260879,-141.041149,658.441679,59.957755,-0.001098,1,0
20.867000,-59.111190,208207.850417,-178.879548,206375.435291,61.000914,205028.544610,98.890100,658.534103,-21.159719,662.759007,-140.960073,659.245885,59.959946,0.008516,1,0
20.900000,-59.089189,205161.766050,-178.901157,205633.314816,60.937728,206055.180751,98.789609,660.997260,-21.247811,661.031740,-140.929481,655.163667,59.963541,0.000566,1,0
20.933000,-58.926684,206712.767910,-178.986619,207044.743144,61.211383,204073.906676,99.089363,662.111858,-21.130237,662.639513,-140.839833,660.657620,59.955599,0.001422,1,0
20.967000,-58.820595,206181.691886,-178.904723,206299.591778,60.989759,206255.857648,99.216064,654.438273,-20.697012,653.918329,-140.988545,656.541369,59.959506,0.006922,1,0
21.000000,-58.770266,205572.233416,-178.988824,206977.727740,60.906674,205123.656107,99.181116,656.786787,-21.037491,663.866061,-141.220449,662.795608,59.963415,-0.012461,1,0
21.033000,-58.956083,206493.706253,-178.891352,204809.040078,61.048489,206967.045024,98.935232,660.720532,-21.012226,662.417138,-141.098521,655.566982,59.965876,-0.007032,1,0
21.067000,-58.899567,206942.667661,-178.971867,205373.947359,61.244174,208131.727465,98.931714,663.589277,-21.050045,657.918259,-141.006069,659.278382,59.962154,-0.013477,1,0
21.100000,-59.000527,207367.861576,-178.782207,205312.712930,61.218594,207627.814697,99.066549,663.858391,-20.571050,669.196183,-140.485295,659.542833,59.961904,0.000059,1,0
21.133000,-58.821298,207214.982746,-178.699293,205728.794263,61.282868,208358.755963,99.275866,663.428749,-20.842640,664.709767,-140.666835,655.340446,59.958623,-0.003868,1,0
21.167000,-58.886379,205445.456789,-178.763519,206785.023234,61.121241,206518.202058,99.353393,657.572595,-20.819196,665.511812,-140.880167,659.001055,59.960789,-0.004213,1,0
21.200000,-58.510939,204979.958837,-178.897087,207206.525982,61.389209,206077.992978,99.448520,658.550494,-20.432033,661.109695,-140.788251,663.784710,59.961825,-0.005096,1,0
21.233000,-58.806301,206673.942596,-178.911620,207627.704623,61.135974,207257.427023,99.115533,668.572468,-21.062079,661.474456,-140.791623,663.458044,59.956024,0.000433,1,0
21.267000,-58.775591,205750.315496,-178.932400,206486.414761,61.147801,206819.442022,98.961356,660.371644,-20.759254,656.999848,-141.112787,661.125356,59.952266,-0.013525,1,0
21.300000,-58.844304,205551.429840,-178.760946,205956.216231,61.299545,206775.070195,99.234642,664.655853,-21.086661,660.840000,-140.584977,662.706879,59.953576,0.006817,1,0
21.333000,-58.839939,204414.667235,-178.885634,204736.744376,61.181432,206357.762158,99.252497,661.015494,-20.670086,660.677675,-140.955954,659.116085,59.957528,-0.008120,1,0
21.367000,-58.823774,207653.743372,-178.975043,205958.878898,61.104167,206747.243588,99.217471,663.712240,-21.221301,665.703479,-140.748166,660.890164,59.952291,0.003331,1,0
21.400000,-58.927122,206094.055648,-178.689611,205823.260734,61.107429,206435.452018,99.077545,664.014327,-20.196624,655.016736,-141.104933,660.697602,59.956567,-0.002266,1,0
21.433000,-58.866957,205220.154078,-178.952784,206273.758543,61.154116,206774.408542,98.994650,661.034610,-20.959194,659.643769,-141.073842,663.001922,59.951935,0.000163,1,0
21.467000,-58.724583,207235.857612,-179.036241,206089.903999,61.155571,205039.842271,99.138425,654.966144,-20.877467,662.440091,-140.875470,658.024610,59.948304,-0.002949,1,0
21.500000,-58.992729,208052.806417,-178.903250,208224.462662,61.210324,205759.640677,98.973366,665.808387,-21.092139,659.228693,-140.934616,659.952171,59.962492,0.004981,1,0
21.533000,-58.738292,205904.361786,-178.833949,207802.220928,61.039665,207682.022644,99.179390,664.946191,-20.555569,657.345533,-141.063396,661.966101,59.953998,0.005166,1,0
21.567000,-58.821889,207128.926123,-178.855966,207889.070600,61.121085,206416.327037,99.146346,670.540394,-20.569248,656.681159,-140.723708,663.538995,59.950640,-0.000011,1,0
21.600000,-58.862255,207033.326793,-178.884231,206853.627415,61.312221,205357.763947,99.368307,651.468749,-20.794793,661.162747,-140.648602,657.936024,59.957501,0.006098,1,0
21.633000,-58.822760,207762.573666,-178.951202,206845.548963,61.286932,208024.887122,99.008067,663.978328,-21.071696,667.414165,-140.587732,666.881511,59.956460,-0.006905,1,0
21.667000,-58.898322,207818.639512,-178.745230,204518.142218,61.259566,205884.255439,98.957778,668.696251,-20.771295,663.259568,-140.747230,671.202571,59.950789,-0.002703,1,0
21.700000,-58.873243,206993.853689,-178.809331,207160.412141,61.068777,207214.108720,99.144067,662.548190,-21.066252,660.973159,-141.112807,662.441340,59.950437,0.007279,1,0
21.733000,-58.961542,206386.867271,-178.891404,208386.926057,61.240266,209111.269376,99.113750,669.288180,-20.930776,660.844875,-140.850654,671.935302,59.952620,0.006591,1,0
21.767000,-59.032445,207510.327891,-178.796992,204841.008865,61.178930,208134.803083,98.806653,657.634275,-20.816483,665.714008,-140.896050,665.503941,59.958509,-0.001692,1,0
21.800000,-58.942896,208803.888735,-178.854443,205814.496049,61.051411,207859.909705,99.004607,670.894849,-20.694916,669.130253,-141.164581,662.860901,59.952531,-0.010533,1,0
21.833000,-58.952911,207853.199100,-178.928403,207652.205498,60.895070,206910.400230,99.036550,665.467002,-20.620538,663.790803,-140.620080,661.950024,59.956191,0.007349,1,0
21.867000,-58.755647,206853.930917,-179.061000,208311.952613,61.144003,208903.258910,99.233911,666.642058,-21.003237,661.001545,-141.085924,661.305138,59.957924,0.008399,1,0
21.900000,-58.929080,207530.836224,-178.834246,207707.716545,61.072311,209225.619503,99.293802,669.888719,-20.860923,656.454447,-140.979006,665.410273,59.961115,-0.005412,1,0
21.933000,-59.163474,207104.087739,-178.979332,206139.616747,61.150286,207521.920168,98.665514,664.061235,-20.663468,665.524908,-140.920769,663.916279,59.960084,0.006332,1,0
21.967000,-59.075875,206630.564145,-179.042073,206629.542531,60.894507,207814.466490,98.994288,664.187106,-21.009115,660.385098,-141.233279,664.639410,59.950700,0.004750,1,0
22.000000,-58.812064,206809.777038,-178.906665,207592.803471,60.980041,207627.690888,99.359351,658.177312,-21.035693,650.396879,-141.338391,657.703553,59.953827,0.009929,1,0
22.033000,-58.962813,207774.588304,-178.959541,206590.364837,61.011260,208833.030775,99.437566,659.465162,-20.887814,657.056755,-141.450300,663.683166,59.948865,0.004955,1,0
22.067000,-59.004641,205549.667369,-179.057225,208470.815776,60.905066,209095.312410,99.023049,664.888600,-21.039786,661.788708,-141.298754,662.523010,59.954643,0.000426,1,0
22.100000,-59.034764,206776.947851,-178.991940,209404.772343,61.046975,209042.192102,98.960957,656.845022,-20.542115,665.795135,-140.888538,662.122227,59.953197,-0.009408,1,0
22.133000,-58.945949,207592.139314,-178.842282,207702.025538,61.055637,207090.293930,99.051098,661.553679,-21.240916,662.473751,-140.916078,662.079036,59.950611,-0.004966,1,0
22.167000,-58.811401,209048.211763,-179.033118,206769.264321,61.134917,207483.640116,99.380611,661.863268,-21.040290,659.241680,-141.185268,659.031494,59.953227,-0.002913,1,0
22.200000,-58.873507,207149.092642,-178.902886,206198.364120,61.146629,207335.362696,99.075432,654.938971,-21.006039,666.080241,-140.972429,660.407626,59.951781,0.001888,1,0
22.233000,-59.034761,208254.246269,-179.060685,206458.838419,61.093088,208601.359266,99.266234,662.776869,-20.761123,659.838246,-140.943712,666.995989,59.951765,-0.003139,1,0
22.267000,-58.885636,206981.303277,-178.770566,205750.062765,61.061193,208309.852639,99.354751,659.060315,-20.825339,664.663349,-141.092653,661.326983,59.945992,0.002458,1,0
22.300000,-59.056709,207114.545538,-179.038965,206978.361609,61.206173,208244.859987,98.870177,660.208836,-21.323966,660.326721,-140.751271,659.665186,59.949224,0.006913,1,0
22.333000,-58.904887,207241.377407,-178.916344,207790.257479,60.950041,207766.977091,99.011694,657.726945,-20.891086,666.128632,-141.108942,663.774488,59.948300,0.008374,1,0
22.367000,-58.888054,207037.318574,-179.016207,208425.032725,61.131301,206900.869527,99.093773,657.867323,-21.194470,665.267056,-140.748185,659.697436,59.965401,-0.008904,1,0
22.400000,-58.894749,206619.522015,-178.958527,206609.656856,61.211164,207960.274810,99.072003,663.890482,-21.065412,664.179727,-140.704852,662.567866,59.949649,0.012147,1,0
22.433000,-58.952008,208409.366989,-178.730150,206214.037928,61.090517,207093.760039,99.421779,664.106214,-20.645727,663.398685,-140.747879,668.500508,59.956725,-0.002716,1,0
22.467000,-58.860694,208696.492560,-178.925301,208179.483333,61.254427,207128.845306,99.280684,661.218021,-20.832307,662.579669,-140.652360,664.704412,59.954939,-0.007134,1,0
22.500000,-58.969332,208545.155686,-178.657472,208741.532414,60.955181,209074.859638,98.831108,666.933250,-20.633710,662.998473,-141.114290,670.685961,59.951170,-0.005865,1,0
22.533000,-58.827358,207992.567970,-178.827442,206383.022280,61.245255,207104.571533,99.302779,665.358409,-20.755956,667.626042,-140.920931,667.734246,59.950633,0.002976,1,0
22.567000,-58.842154,207451.921733,-178.888761,206352.132319,60.871725,207167.971084,99.179095,669.482152,-21.231176,660.946604,-141.189992,667.809057,59.951101,0.014583,1,0
22.600000,-58.904064,208297.412136,-178.776914,207352.726730,61.134956,208704.771176,99.343593,662.089937,-20.697511,665.811164,-140.780447,666.421588,59.947850,-0.000562,1,0
22.633000,-58.979616,207553.825340,-178.929441,208400.633576,61.216097,206257.548798,98.890692,664.420478,-21.119236,662.588066,-140.918465,672.200857,59.948273,0.005504,1,0
22.667000,-58.738449,209788.751467,-178.903708,205685.967057,61.043759,209089.933495,99.170045,672.599784,-21.277517,664.557044,-141.150162,666.623565,59.948664,-0.008737,1,0
22.700000,-58.913215,207927.493975,-178.738891,208598.304845,61.132908,208594.276360,98.855634,666.869766,-20.522584,671.037705,-141.103528,670.881185,59.950563,0.000639,1,0
22.733000,-58.992243,207435.975505,-178.977037,207550.082745,61.041074,207685.300061,98.853023,674.643346,-21.035683,671.036419,-140.990509,662.842403,59.950443,0.005652,1,0
22.767000,-59.088875,206951.398131,-178.749651,207457.199598,61.062011,208006.714323,99.022488,661.025801,-20.854611,664.841606,-140.931259,665.356725,59.953939,-0.014111,1,0
22.800000,-59.081155,207604.001182,-178.956344,207183.524756,61.023819,208280.188337,98.732529,666.929950,-20.497903,664.785724,-141.073346,660.058127,59.967753,0.000258,1,0
22.833000,-58.904877,208337.474530,-179.014602,207944.794249,61.031204,206886.214319,98.938879,672.054128,-20.743508,671.457263,-140.919396,667.365437,59.961058,0.002987,1,0
22.867000,-58.844421,205344.051602,-179.014789,206748.910707,61.090756,206880.480734,98.985079,670.024813,-20.898307,672.339842,-140.910635,674.190465,59.961215,-0.005922,1,0
22.900000,-58.955819,207813.608675,-178.902942,208781.665123,61.233148,208835.580856,99.120487,676.789863,-20.918249,673.282496,-140.543398,668.509241,59.958304,0.000786,1,0
22.933000,-58.984715,208142.472024,-178.915204,207732.417211,61.023225,207415.834434,99.190863,670.278970,-20.819834,673.250674,-140.934563,671.262592,59.958538,0.007486,1,0
22.967000,-59.098768,207632.949009,-178.978281,206103.233691,60.999581,207845.339370,99.007363,666.901990,-20.962498,666.915897,-140.554352,662.560937,59.956211,0.001585,1,0
23.000000,-58.860802,207053.374651,-178.877262,206547.679258,61.150755,208240.268979,99.270431,662.191974,-21.164418,664.691868,-140.817791,667.292461,59.955524,0.010663,1,0
23.033000,-58.991159,207804.444550,-178.708480,207452.014349,61.163026,207587.202808,99.085915,665.202292,-20.481269,667.511762,-140.705667,665.411414,59.950417,0.003332,1,0
23.067000,-58.790599,208501.478764,-178.969786,207584.670180,61.048052,208567.526650,98.739513,666.090763,-20.876456,667.536965,-141.052621,669.281335,59.948360,-0.000431,1,0
23.100000,-58.975452,205973.903947,-178.943908,207308.412819,61.182036,208663.182847,98.687842,664.405101,-21.077327,663.001798,-140.597973,668.455306,59.963341,0.014587,1,0
23.133000,-58.968479,206135.730840,-179.013545,206478.230732,61.187179,207662.487443,99.126646,667.443016,-21.269196,662.365203,-140.843076,660.741596,59.954836,-0.000889,1,0
23.167000,-58.720651,208219.316582,-178.858674,207782.133079,61.110919,208198.390154,99.131684,659.248803,-20.765243,669.745665,-140.916480,663.173178,59.953399,0.000981,1,0
23.200000,-58.682809,207134.724304,-179.121799,206946.352752,61.060566,208667.787343,99.334099,659.256018,-21.250035,667.449148,-141.084855,663.364312,59.949791,-0.005902,1,0
23.233000,-58.824281,206684.669233,-178.853316,209028.888425,61.201743,207733.312313,99.001687,661.788764,-21.001118,663.968138,-141.024665,664.504540,59.947285,-0.004437,1,0
23.267000,-59.215758,207280.350086,-179.032349,208150.435415,61.035230,207406.965897,98.504040,665.285949,-21.286018,670.842801,-140.830554,668.701806,59.953756,0.001126,1,0
23.300000,-58.969148,208156.109994,-178.979296,206477.020567,61.052193,206679.282677,99.392371,661.468194,-20.917878,665.093771,-140.841214,662.147544,59.952733,0.005330,1,0
23.333000,-58.977614,207049.165238,-179.054092,207473.912194,61.189182,208017.662087,99.021835,657.188397,-20.883151,662.831924,-140.869261,664.921436,59.945328,0.001286,1,0
23.367000,-58.981433,206613.408878,-179.047288,205771.510081,61.002340,206821.968078,98.681943,662.488177,-21.140648,663.130668,-141.072664,660.559908,59.961759,0.002667,1,0
23.400000,-58.975922,206876.592682,-179.019061,207244.090042,60.956510,209696.391832,99.112978,663.421477,-20.947998,659.230266,-141.112068,662.558218,59.959504,-0.007338,1,0
23.433000,-58.815951,207907.674489,-178.987605,207168.388490,61.101165,207316.574203,99.253940,661.808912,-20.858466,661.129424,-140.843344,659.486681,59.959122,0.009639,1,0
23.467000,-58.963029,207943.507748,-178.938904,207775.456701,61.014017,209120.141124,99.345821,656.935635,-21.232672,657.817345,-141.068992,662.403581,59.956185,0.001181,1,0
23.500000,-58.886436,207250.548976,-178.818824,206858.278240,61.018824,208744.081891,99.114301,665.464960,-20.981886,666.774527,-140.938895,659.108619,59.957799,-0.004971,1,0
23.533000,-58.869104,207562.042483,-178.773588,207434.720259,60.844480,208685.198495,98.874463,660.409678,-20.823353,662.278754,-141.045408,661.742432,59.956986,0.000734,1,0
23.567000,-58.883988,205942.755159,-178.708165,206331.012301,61.044705,207273.168369,99.065126,659.781323,-20.713078,665.863829,-140.859603,661.419285,59.959688,0.000605,1,0
23.600000,-58.882829,206430.552326,-178.955895,207721.656330,61.026535,207027.580858,98.678314,663.618577,-21.117009,667.030687,-141.067882,662.984429,59.966250,-0.007075,1,0
23.633000,-58.750748,207865.382387,-179.024630,207350.842943,61.070234,209245.818319,99.555105,665.526772,-21.328579,665.304242,-140.837108,665.521803,59.959024,0.005128,1,0
23.667000,-58.918602,207517.962960,-178.988367,206973.810549,61.189631,206350.778125,99.327368,663.073669,-20.931620,658.943785,-140.742172,659.471472,59.964880,-0.001471,1,0
23.700000,-58.976090,207177.975376,-179.036343,206306.222269,61.103871,207504.616497,98.910764,662.068474,-21.255924,661.037483,-140.944141,668.558410,59.957895,0.003187,1,0
23.733000,-58.814797,206960.342400,-178.897228,206354.227114,61.078098,207455.642768,99.274941,668.188286,-20.999187,665.736655,-141.074422,667.041580,59.955596,0.010037,1,0
23.767000,-58.919025,207170.561953,-179.056763,205619.985276,60.971768,208681.890862,98.659611,662.577722,-20.984148,666.653821,-141.001008,668.905978,59.954957,0.006778,1,0
23.800000,-59.103140,207638.348754,-178.903912,206534.984580,61.155924,208441.572407,99.020931,659.175765,-20.827351,660.336361,-140.927701,663.312220,59.959240,-0.002079,1,0
23.833000,-59.126831,207574.014201,-178.899101,206757.397684,61.173230,207497.427354,98.838266,666.422114,-20.812797,665.225999,-140.675388,663.114248,59.961842,0.000299,1,0
23.867000,-58.768224,206381.537738,-179.001678,206505.986758,61.057839,207097.208079,98.745187,662.453644,-21.233740,669.396285,-140.810818,666.858020,59.956447,0.004655,1,0
23.900000,-58.892048,207683.628748,-178.945349,208675.984436,61.063466,209311.738619,98.681390,663.162657,-21.001799,665.646437,-141.118746,664.439799,59.964434,-0.002236,1,0
23.933000,-58.953757,206414.571741,-178.993825,206430.239886,60.954421,208413.721248,99.288840,670.062750,-21.192380,668.651929,-141.129059,665.637026,59.950814,-0.013403,1,0
23.967000,-58.956664,206758.202336,-178.912834,206844.302301,60.963898,207551.719553,98.752251,667.059767,-20.857105,658.661492,-141.311584,664.615339,59.961602,0.002062,1,0
24.000000,-59.103542,208096.026084,-179.064475,207467.796498,61.195709,207032.329762,99.084356,674.241008,-20.962399,673.950005,-140.597626,666.842565,59.965892,-0.002438,1,0
24.033000,-58.817294,206685.853453,-178.842530,207249.466216,61.149909,209037.996844,98.969829,671.760453,-20.992746,675.705751,-141.108500,673.608655,59.962700,-0.009720,1,0
24.067000,-58.891458,208373.993307,-178.889621,207420.131117,61.109896,207970.595492,98.957897,672.167709,-20.716767,670.142743,-140.759396,676.829178,59.958098,-0.006941,1,0
24.100000,-59.051894,207110.915416,-178.738325,207129.228618,61.018799,208473.587260,98.631791,673.276282,-20.836943,669.124080,-140.974731,670.001061,59.961727,0.000740,1,0
24.133000,-59.147516,207083.358240,-178.900090,208581.933913,60.987459,207283.538501,98.844405,674.332344,-20.825612,678.577633,-140.981602,673.216564,59.955498,-0.002211,1,0
24.167000,-58.945665,207792.987857,-178.971956,208818.700074,61.055098,207816.458280,99.124605,664.370997,-21.050168,672.159210,-140.996916,671.621833,59.953505,0.007532,1,0
24.200000,-58.854775,209446.128642,-178.860027,207026.211822,61.022985,207549.629790,99.233384,663.281845,-20.921901,673.940013,-140.854315,670.742310,59.959185,0.010631,1,0
24.233000,-59.058138,209175.225025,-178.789713,209662.164083,61.146710,207313.258436,99.104059,674.120450,-21.259039,674.534756,-140.687259,665.018945,59.958360,0.000265,1,0
24.267000,-58.958238,208236.295892,-178.790135,208464.888727,61.119721,207567.710130,99.088415,671.106513,-20.703296,666.512111,-140.444277,668.128890,59.969523,-0.008246,1,0
24.300000,-59.149107,207905.561821,-178.967140,208633.925143,61.090327,207825.662328,98.862653,666.003506,-21.079018,665.839813,-140.632722,671.417635,59.965139,-0.005282,1,0
24.333000,-58.800808,207416.566077,-178.918313,208685.535150,61.062823,208331.318898,98.964046,668.753189,-20.901187,667.054507,-141.031045,672.114997,59.953174,0.013999,1,0
24.367000,-59.027975,208100.184132,-178.937026,206725.883500,61.148045,208501.460345,98.805303,678.265561,-20.807272,669.044875,-140.770664,672.318606,59.970255,-0.011911,1,0
24.400000,-58.883029,207832.195073,-179.019864,208232.021109,61.113811,207952.382249,99.614180,672.592649,-21.119275,677.382887,-140.781135,672.238702,59.967728,-0.000619,1,0
24.433000,-58.975236,207634.309667,-178.957579,207823.260147,61.180826,208525.335642,99.067599,668.121538,-21.072163,669.331467,-140.920116,668.923653,59.964308,-0.000669,1,0
24.467000,-58.750757,208861.245064,-178.929176,207928.481643,61.028732,208649.740481,99.371467,671.694378,-20.907828,663.154178,-140.496434,672.843007,59.958473,-0.008440,1,0
24.500000,-58.911458,207370.207666,-178.948764,207414.028933,61.014769,208580.466273,99.019580,676.914042,-20.976103,670.302039,-140.823022,673.183986,59.965157,0.009833,1,0
24.533000,-58.893253,208744.910222,-178.960831,208311.193045,61.057861,208199.893989,99.276073,676.878960,-20.963576,667.986545,-140.662037,671.233050,59.968777,0.005952,1,0
24.567000,-58.711639,207654.494448,-179.028321,205363.639819,61.081343,207086.534521,99.040945,669.972729,-21.141555,672.335347,-141.083181,674.179926,59.970132,0.013092,1,0
24.600000,-58.886843,207873.457244,-178.873342,208258.295074,61.055770,207269.507829,98.962000,674.340755,-20.986047,674.451385,-140.771769,673.054888,59.970911,-0.006799,1,0
24.633000,-58.820909,208811.295402,-178.873388,207631.142144,60.965905,207023.098304,99.053494,675.665892,-20.916355,672.661678,-140.930238,680.771710,59.972743,-0.003508,1,0
24.667000,-58.817425,206123.362554,-178.996291,207973.131145,61.162305,208798.935121,99.281264,678.846564,-21.066679,675.209394,-140.755552,676.644064,59.969017,0.006509,1,0
24.700000,-58.774893,209067.149871,-178.897011,207051.000803,61.079919,206963.355811,99.538321,678.655605,-20.827614,678.669186,-140.785186,675.282525,59.962019,-0.000776,1,0
24.733000,-59.068228,208043.681998,-178.717150,207862.736630,61.271692,208589.236072,99.021627,676.245759,-20.589635,679.635458,-140.399782,682.341228,59.971510,0.006644,1,0
24.767000,-58.823327,207867.573637,-178.752407,207592.340213,61.035682,209089.520992,99.217145,682.271915,-20.674518,675.616904,-141.094914,673.209649,59.970206,-0.003937,1,0
24.800000,-58.861911,207386.802519,-178.922707,208235.230253,61.187273,208093.504084,99.183182,674.499221,-20.987719,670.788266,-140.801134,677.846825,59.960719,-0.002188,1,0
24.833000,-59.022611,208392.875773,-178.935243,208127.382550,60.918606,209048.558489,98.879618,670.715496,-21.047918,678.423399,-141.259505,669.742018,59.967921,0.005184,1,0
24.867000,-59.155005,206945.978993,-178.898317,206979.105505,60.950431,208730.406823,98.578782,668.257511,-21.046919,672.363681,-141.078207,669.395909,59.963698,0.002039,1,0
24.900000,-58.785489,206527.586811,-178.929278,206708.469856,61.056008,208161.627278,99.248914,673.768012,-21.152364,663.981763,-141.085313,676.718198,59.965649,-0.006902,1,0
24.933000,-58.938819,208657.142183,-178.954622,206937.693874,61.156493,207638.900302,99.011700,675.014209,-20.766553,671.339078,-141.084687,676.074430,59.968910,-0.011807,1,0
24.967000,-58.692666,206150.265574,-178.973100,208765.127286,61.087728,207411.377432,99.520478,677.252682,-21.154015,677.227956,-141.187374,667.207150,59.968753,0.006017,1,0
25.000000,-58.942282,206160.337079,-178.788307,206528.389739,61.147067,208221.503827,98.688854,669.045654,-20.672678,682.358275,-140.929214,678.257731,59.963199,0.007776,1,0
25.033000,-58.783921,207666.991958,-178.843086,207162.535909,61.132425,207576.149572,99.080766,678.542845,-20.753748,674.367091,-141.040870,669.170053,59.964236,-0.005035,1,0
25.067000,-58.877518,207714.576431,-178.848691,207628.714761,61.229618,209176.231789,99.111138,667.433006,-20.888602,668.828997,-141.015763,673.748183,59.972107,0.001209,1,0
25.100000,-58.992580,207572.814072,-178.863833,208596.832893,60.965025,209465.855469,98.814361,670.849041,-20.982371,668.911063,-141.054042,675.417510,59.974479,-0.003878,1,0
25.133000,-58.859413,207070.996502,-178.838678,208972.403517,60.998883,208287.245581,98.918160,667.846364,-20.924974,669.456883,-140.820153,670.312435,59.979786,0.003006,1,0
25.167000,-58.675762,208440.970785,-178.769182,206658.997416,61.171858,208221.597254,99.112598,672.813164,-20.497492,666.620562,-140.468142,672.870120,59.967238,-0.011553,1,0
25.200000,-58.855196,207182.581948,-178.870912,208455.525730,61.089813,206151.383960,99.355771,666.030642,-20.846434,668.343778,-140.908073,669.914312,59.971603,0.000767,1,0
25.233000,-58.703737,207262.413361,-178.690454,208582.452807,61.221384,209099.160001,98.773981,665.160207,-20.917757,670.515457,-141.070334,669.075461,59.973158,-0.006127,1,0
25.267000,-58.688757,207815.993883,-178.864594,209150.102917,61.123464,207629.748716,99.333002,666.298439,-20.881463,666.139143,-140.783467,666.614709,59.971115,0.005724,1,0
25.300000,-58.869872,208171.263744,-178.848150,209737.223675,61.334747,208597.036182,99.111378,668.154123,-21.076278,673.707860,-140.426856,671.566515,59.971315,0.002793,1,0
25.333000,-58.880627,206696.515613,-178.803620,208370.886113,61.106522,210019.229097,98.854284,669.518095,-20.845776,669.039352,-140.762492,672.763041,59.964034,-0.005167,1,0
25.367000,-58.949606,206194.142967,-178.871640,207447.994851,61.160318,209284.586337,98.976611,669.838131,-20.733064,671.539200,-140.797251,664.873385,59.966792,0.002584,1,0
25.400000,-58.842871,208309.461676,-178.821470,206698.445466,61.136705,208308.067288,99.076906,665.428394,-20.952726,669.141404,-140.905490,667.634754,59.966161,0.002864,1,0
25.433000,-58.610674,208350.370077,-178.789722,208304.374060,61.213403,209557.780123,99.539342,666.771720,-20.621173,668.587007,-140.461662,674.076856,59.971442,0.002649,1,0
25.467000,-58.854242,207185.042758,-178.849016,207599.316085,61.182546,207251.228846,98.981496,662.182217,-20.824651,668.699212,-140.983913,663.281340,59.961304,0.002072,1,0
25.500000,-58.701824,208190.866319,-178.879929,209601.860858,61.099211,207821.669154,99.545386,670.167776,-21.080285,666.907857,-140.991803,674.603809,59.962213,-0.002769,1,0
25.533000,-58.692867,207198.657459,-178.822174,208029.504728,61.171260,208736.943054,99.326595,666.760394,-20.990629,667.181228,-141.177552,668.046653,59.974213,0.000098,1,0
25.567000,-58.881089,207868.343316,-178.925157,207838.167392,61.272867,207426.675025,99.151051,663.980994,-20.851875,667.491805,-140.864823,660.269978,59.968971,0.007245,1,0
25.600000,-59.012371,207787.208377,-178.987300,207400.908744,61.037597,209455.222265,98.751338,664.896211,-21.338086,672.930496,-141.221669,665.014820,59.977013,0.000840,1,0
25.633000,-58.967093,205993.869351,-178.772988,208606.684987,61.253240,207497.347389,99.118723,668.121066,-20.346324,663.572819,-140.888921,666.005079,59.975401,-0.005659,1,0
25.667000,-59.002060,207084.019561,-178.871220,207694.096243,61.171691,208647.694424,98.748437,669.736399,-20.798141,668.186082,-140.713344,666.011406,59.973452,0.005045,1,0
25.700000,-58.807210,208486.918451,-178.884146,207057.529012,61.016199,207946.743517,98.854292,661.922924,-20.875160,664.014752,-141.151077,670.635512,59.973495,-0.003824,1,0
25.733000,-58.851486,205821.894422,-178.695859,206728.602790,61.197162,209538.904594,99.103925,669.135243,-20.724404,667.534215,-140.855840,672.601043,59.971110,-0.002112,1,0
25.767000,-58.799717,206850.909160,-178.876361,207554.223403,61.042677,206837.274325,99.479381,669.107413,-20.753337,665.291963,-140.913233,669.659306,59.965625,0.000984,1,0
25.800000,-58.844304,208622.434079,-178.800750,207259.133146,61.178197,209591.014108,99.456672,670.492124,-20.858877,664.810394,-140.832387,667.628859,59.976435,-0.005875,1,0
25.833000,-58.822477,206878.440221,-178.910583,206609.354180,61.007007,207959.126499,99.218359,662.339528,-20.866963,664.524075,-141.210665,665.275189,59.972634,0.005852,1,0
25.867000,-58.740484,206064.528650,-178.765529,207323.485417,61.209323,208435.163014,99.190246,662.769109,-20.871084,666.542156,-140.776732,661.051945,59.976487,0.007314,1,0
25.900000,-58.881876,207696.485179,-178.736716,206337.073062,61.038320,206790.045859,99.149231,667.210631,-20.649593,663.260227,-140.972024,664.870674,59.971069,-0.006611,1,0
25.933000,-58.872277,207130.519041,-178.938275,208861.604591,61.219544,207520.463096,99.544673,658.714107,-20.786089,661.703185,-140.742538,661.724804,59.970340,0.002151,1,0
25.967000,-58.829213,206760.744659,-178.717438,207333.490988,61.274879,208316.864475,99.111238,669.777028,-20.851846,668.184882,-140.915342,665.587692,59.969150,0.011311,1,0
26.000000,-58.895446,205185.808527,-178.797131,208136.128333,61.152791,207614.592814,98.981848,669.288049,-20.923724,668.855875,-140.604711,664.500529,59.981251,0.000973,1,0
26.033000,-58.727556,207256.248702,-178.949553,206383.290320,61.171325,208024.900913,99.028297,673.454587,-20.998334,667.445456,-140.607763,663.354760,59.966401,0.003515,1,0
26.067000,-58.855925,207335.586031,-178.961102,206510.424590,61.042136,207878.023228,99.072093,657.960624,-20.947818,664.531318,-140.610312,659.585598,59.968237,-0.004696,1,0
26.100000,-58.870175,208127.890707,-178.846643,207822.239283,61.252227,208151.068129,99.087757,662.818048,-20.779501,658.969569,-140.646058,659.838784,59.965147,0.008344,1,0
26.133000,-58.843090,207366.263420,-178.792238,207971.763668,61.104119,207913.240948,99.446390,660.260502,-20.932819,659.072325,-140.867336,666.674064,59.971769,0.008761,1,0
26.167000,-58.866827,206290.445121,-178.652637,206120.886272,61.252389,205531.653863,98.993962,661.519988,-20.802053,663.579961,-140.503131,660.794030,59.979590,-0.000718,1,0
26.200000,-58.781367,206164.451792,-179.056755,208870.991626,61.180984,208297.218341,99.494045,665.865438,-21.174401,666.474139,-140.669497,664.846790,59.973998,-0.004589,1,0
26.233000,-58.937497,208020.797743,-178.969825,205436.888473,60.930381,207341.818955,99.222536,658.626977,-20.704989,660.036482,-140.995573,661.410958,59.969210,0.013449,1,0
26.267000,-59.029320,207840.744648,-178.821598,206481.560950,60.752034,207128.932262,99.003105,664.563446,-20.734140,661.124317,-141.105092,660.441736,59.975838,0.013118,1,0
26.300000,-58.896891,206269.870805,-178.812532,207692.899957,61.224645,207575.358165,98.936928,659.714616,-20.733389,663.913248,-140.852745,662.103983,59.974707,0.004967,1,0
26.333000,-58.858370,207568.508522,-179.105441,207503.870689,61.183289,208389.069452,99.124494,658.574931,-21.173385,654.249069,-140.592626,660.250954,59.966953,-0.004066,1,0
26.367000,-59.221035,205886.265451,-178.937288,206126.213379,60.948943,207341.429246,98.965943,657.732584,-20.657525,661.115449,-140.928684,661.878169,59.969657,0.002062,1,0
26.400000,-59.031661,207100.242880,-179.014745,206735.646383,60.861578,206801.393253,99.380070,654.515854,-21.150203,662.343528,-141.455887,665.130053,59.969635,-0.007831,1,0
26.433000,-58.959149,206651.543153,-178.979963,206477.828144,61.054106,207380.603073,98.985238,655.129678,-20.791079,658.117519,-140.921153,664.549742,59.963780,0.010347,1,0
26.467000,-59.010269,206515.179086,-178.959829,204914.891923,61.019263,208121.705006,98.798211,657.383001,-20.986215,668.090862,-141.324556,667.660815,59.961956,-0.010220,1,0
26.500000,-58.813594,207186.568733,-178.911129,207780.408168,61.082091,206250.112033,99.072082,663.254223,-21.149026,657.604539,-140.796383,665.576731,59.972369,-0.002313,1,0
26.533000,-58.807011,205586.494777,-179.093503,206735.308208,61.133249,205863.635426,99.399462,665.675506,-20.974437,665.844413,-140.683282,659.418007,59.965700,0.009750,1,0
26.567000,-58.867904,206348.120655,-178.736014,205997.367968,61.134701,207540.683064,99.284397,663.930602,-20.598761,654.275429,-141.277158,666.917012,59.960356,-0.001786,1,0
26.600000,-58.977670,206807.037604,-179.024302,205889.430285,61.175389,206647.933739,98.514669,656.960683,-20.883231,658.662865,-140.968313,660.764774,59.967963,0.006374,1,0
26.633000,-58.995747,207591.867083,-179.056343,205189.809296,61.106378,207148.657236,98.984520,666.098409,-21.207426,661.885882,-140.905906,661.487634,59.960090,0.006618,1,0
26.667000,-58.867843,206498.642834,-178.999612,207141.833632,61.284651,206130.600979,99.052661,660.724315,-21.036566,660.415318,-140.564437,659.824410,59.962335,0.003105,1,0
26.700000,-59.058802,206392.467836,-178.905149,206172.968644,61.009057,206207.954102,98.876659,665.097926,-20.919216,666.273390,-140.932705,656.265558,59.965666,0.001025,1,0
26.733000,-58.738672,205764.244427,-178.747749,207190.418898,61.206968,207862.180372,99.222142,655.386022,-20.776291,663.749220,-140.568789,665.641192,59.963501,0.001883,1,0
26.767000,-58.788081,205825.442858,-178.759723,206174.125370,61.166619,206710.112897,99.276047,656.241536,-20.795556,659.316136,-140.845962,654.274886,59.959627,0.020351,1,0
26.800000,-58.681683,206760.847708,-178.866743,207046.572902,61.082528,206700.007886,99.136114,656.640899,-20.979087,653.128917,-140.876526,660.921454,59.967413,0.010030,1,0
26.833000,-59.001097,207095.139337,-178.772322,206401.366166,61.259143,205661.945034,98.675382,660.588661,-20.695078,657.456962,-140.857443,658.988893,59.952200,-0.001492,1,0
26.867000,-58.869489,206194.061101,-178.855921,207494.776132,61.025594,207217.626817,99.093704,663.721390,-20.911698,661.818547,-140.794819,664.388447,59.965102,0.003791,1,0
26.900000,-58.686931,207659.403785,-178.744226,206153.178766,61.210430,206793.886575,99.151915,661.723928,-20.477626,661.437823,-141.077799,661.954351,59.964052,-0.013934,1,0
26.933000,-58.693945,205064.462411,-178.808932,206384.904852,61.033497,207568.638213,98.959720,660.130740,-20.601831,663.474274,-140.638256,657.091276,59.959787,0.006009,1,0
26.967000,-58.869618,207194.334951,-178.663518,205701.189188,61.226799,205615.181030,99.141108,660.533238,-20.654252,655.295559,-140.771415,653.661293,59.963813,-0.000935,1,0
27.000000,-58.712382,205975.627252,-178.685071,206770.266520,61.294944,206380.570684,99.511914,663.114126,-20.735010,662.411912,-140.713311,664.954625,59.949884,-0.014148,1,0
27.033000,-58.854223,207033.737206,-178.867529,207662.392172,61.287554,208160.081212,99.034806,662.831815,-20.538152,664.167446,-140.865326,660.578573,59.957707,0.011997,1,0
27.067000,-58.870792,206038.088951,-178.628530,206171.223966,61.204762,206792.603489,98.995409,662.342700,-20.706996,667.581838,-140.637021,663.718316,59.965116,-0.003843,1,0
27.100000,-58.878273,206097.674266,-178.748652,206506.816483,61.239613,205808.034131,99.535154,658.794222,-20.766472,656.644996,-140.818061,655.008674,59.959264,0.000748,1,0
27.133000,-58.801106,205496.371367,-178.719339,206669.015637,61.332738,206699.440428,99.539598,663.654420,-20.881360,664.205612,-140.880576,658.474704,59.953997,0.006320,1,0
27.167000,-58.858492,205867.613772,-178.709390,206143.866563,61.212237,204910.959118,99.390607,657.355835,-20.570702,663.418207,-141.047688,660.316156,59.958773,-0.009212,1,0
27.200000,-58.879876,207523.383404,-178.666984,205594.216212,61.195340,206505.052112,98.849619,659.224223,-20.498954,654.989043,-140.486720,666.809176,59.960632,0.008851,1,0
27.233000,-58.905063,206195.631498,-178.755766,206176.978949,61.321395,206964.465749,98.711636,662.852762,-20.762636,662.914455,-140.549286,661.993336,59.961453,0.004580,1,0
27.267000,-58.725814,206066.090752,-178.636794,206684.510282,61.273994,207844.158676,99.236885,662.759668,-20.520818,659.000596,-140.580815,654.698910,59.961500,-0.000823,1,0
27.300000,-58.679308,207479.621753,-178.836772,206576.585357,61.302022,208121.417533,99.275416,651.188845,-20.941557,653.230843,-140.742878,656.839907,59.967976,0.006800,1,0
27.333000,-58.757384,206983.457178,-178.796094,206115.513162,61.157512,207811.944021,99.189973,668.579207,-21.021978,654.623986,-140.970910,667.568961,59.962661,-0.008130,1,0
27.367000,-58.660907,206768.665581,-178.584509,205884.356462,61.339863,207131.979349,99.326580,660.399870,-20.372064,659.594761,-140.362376,666.131369,59.963494,-0.001236,1,0
27.400000,-58.758450,206276.520237,-178.814327,205476.207922,61.416028,207706.100547,99.200887,661.503081,-20.534212,662.807656,-140.427514,658.160407,59.965721,-0.001557,1,0
27.433000,-58.794895,207237.318091,-178.671166,206790.401898,61.183842,207806.322369,99.381267,660.100031,-20.940247,660.198145,-140.637151,663.685691,59.965639,0.008934,1,0
27.467000,-58.951210,205327.469940,-178.789007,207547.178930,61.084144,206141.775307,98.914572,662.127395,-20.480123,665.433673,-140.640330,660.632920,59.956072,0.000651,1,0
27.500000,-58.594890,206306.878443,-178.808987,207087.637004,61.125601,208328.244440,99.170384,667.562463,-20.781981,655.947004,-140.961240,665.165784,59.958064,0.005595,1,0
27.533000,-58.818260,207347.895223,-178.845523,207656.434671,61.332221,206725.048911,98.948597,667.287002,-20.589113,662.823222,-141.055202,661.135845,59.957061,0.001535,1,0
27.567000,-58.850622,206357.134859,-178.793773,205280.919827,61.044620,205748.159833,99.393761,659.306178,-20.702961,667.878297,-140.681625,664.935594,59.955099,-0.000849,1,0
27.600000,-58.744196,206126.810590,-178.791077,207270.028768,61.174630,205363.246206,99.315823,668.853632,-20.666180,666.479878,-140.817326,662.665523,59.961327,0.011233,1,0
27.633000,-58.871379,206650.837949,-178.915979,205835.312420,61.050798,207737.064287,99.253883,667.540505,-20.656397,662.239352,-141.193092,669.252741,59.963702,0.012617,1,0
27.667000,-58.837174,206306.334650,-179.035787,206897.031875,61.219603,208571.528685,99.188710,658.761452,-21.093696,662.908281,-140.585037,658.296678,59.957165,0.011553,1,0
27.700000,-58.777509,206965.910354,-178.849951,204813.821157,61.179521,206908.904104,99.047521,664.793561,-20.725844,658.238859,-140.718741,656.124243,59.962080,0.007996,1,0
27.733000,-58.686979,205735.518344,-178.872220,205406.964061,61.213886,208067.569144,99.409497,663.497903,-20.938520,662.952438,-140.672566,657.992616,59.960804,-0.002881,1,0
27.767000,-58.645342,204969.080886,-178.942449,207109.948830,61.225729,206482.921126,99.427392,669.310856,-20.866250,665.614144,-140.824826,660.615206,59.962860,0.002303,1,0
27.800000,-58.777909,208146.135148,-178.856299,206394.684408,61.258850,205481.168694,99.008166,665.921782,-21.260041,657.450322,-140.858996,658.453816,59.959650,-0.001464,1,0
27.833000,-58.816362,207536.699742,-178.727010,204760.662764,61.207028,206338.417076,99.309726,659.252093,-20.878589,660.087576,-140.841949,656.483119,59.962451,-0.004682,1,0
27.867000,-58.918999,206096.307857,-178.891705,205329.667391,61.077387,206549.830530,99.284053,653.936113,-20.485377,668.229769,-141.380861,654.121994,59.966444,-0.007349,1,0
27.900000,-58.946172,206959.866999,-178.644798,205369.664108,61.045082,206454.544817,99.237966,663.620457,-20.660045,662.709165,-140.638488,660.309979,59.967636,-0.001114,1,0
27.933000,-58.817847,207156.006941,-178.711044,205227.478759,61.133099,207268.777341,99.228084,659.220944,-20.526239,661.390831,-141.027735,662.460417,59.969028,-0.000218,1,0
27.967000,-58.898967,205848.742322,-178.877252,205597.777088,61.347088,206526.209977,99.001013,664.184604,-21.086015,659.470914,-141.133945,663.587246,59.966135,-0.004709,1,0
28.000000,-58.700955,205352.057959,-178.472945,204244.934489,61.204184,205184.887300,99.093483,662.596654,-20.711347,660.223641,-140.703280,663.243460,59.969480,-0.001030,1,0
28.033000,-58.907876,206972.059785,-178.686264,207559.028738,61.104649,207732.696184,98.865240,664.059213,-20.794559,655.753416,-140.742659,658.075752,59.966845,-0.000278,1,0
28.067000,-58.511588,206259.762300,-178.721767,206086.042883,61.216057,207201.540319,99.490759,661.930513,-20.569825,657.942834,-140.982570,646.485312,59.973434,0.002763,1,0
28.100000,-58.623835,207341.575537,-178.871273,205094.269912,61.204765,205386.733389,98.824461,657.473928,-21.059656,655.426784,-140.990818,653.777715,59.966265,0.005973,1,0
28.133000,-58.759191,206508.747641,-178.827333,206030.850222,61.063588,206473.037837,99.483661,653.434409,-20.780635,654.142773,-140.821404,648.561818,59.968193,-0.009625,1,0
28.167000,-58.868534,205021.087237,-178.756350,206709.871999,61.124555,207526.424888,99.333951,649.225818,-20.921021,660.134987,-141.015597,660.954908,59.970839,-0.002272,1,0
28.200000,-58.847125,206786.712852,-178.707893,206543.195103,61.225439,206160.299949,99.122013,654.082302,-20.416232,652.700551,-140.872944,648.201129,59.966479,0.002801,1,0
28.233000,-58.554176,207161.026490,-178.655123,205967.693557,61.280582,206910.379089,99.490394,655.255172,-20.981490,657.110041,-140.539950,652.037971,59.971682,-0.009026,1,0
28.267000,-58.814949,206460.340608,-178.590865,207080.822454,61.351478,206839.432732,99.450569,649.302943,-20.706301,648.988392,-140.659461,654.963784,59.978295,0.003868,1,0
28.300000,-58.654665,206770.509535,-178.701296,206523.012246,61.357287,207474.600532,99.772858,647.817411,-20.711746,646.378693,-140.465290,656.165506,59.972919,-0.002330,1,0
28.333000,-58.664221,206088.600895,-178.580461,207265.012339,61.364259,207598.747780,99.355402,655.216023,-20.629711,650.011865,-140.349114,647.826236,59.975165,0.011570,1,0
28.367000,-58.612953,206522.432436,-178.506146,205961.729228,61.345658,208477.911217,99.398911,656.448960,-20.348671,651.432927,-140.706685,648.636362,59.966523,-0.004161,1,0
28.400000,-58.441934,206503.329142,-178.491039,206835.252265,61.466439,207197.997882,99.801692,646.825017,-20.458905,650.201133,-140.522567,653.314083,59.972069,-0.003261,1,0
28.433000,-58.636383,205297.060017,-178.649943,206480.545966,61.262575,207049.003780,99.361445,651.083462,-20.580313,651.921179,-140.656288,653.516341,59.974638,-0.015918,1,0
28.467000,-58.578014,206675.386940,-178.583410,205292.011032,61.455529,206775.305449,99.603868,659.133282,-20.237214,655.318003,-140.426599,652.653531,59.980092,-0.005070,1,0
28.500000,-58.549194,205519.651627,-178.718978,206529.911188,61.512337,205416.488729,99.611660,652.824596,-20.831995,660.278875,-140.043756,658.016510,59.970034,-0.003318,1,0
28.533000,-58.740103,206537.396525,-178.529184,205000.795969,61.358136,208462.291665,99.075672,653.945006,-20.379753,650.488720,-140.725003,654.808425,59.969017,-0.011911,1,0
28.567000,-58.678941,206990.938940,-178.558196,205175.950067,61.553671,206778.949271,99.432850,656.759234,-20.289601,662.830788,-140.335562,654.221851,59.971523,-0.004303,1,0
28.600000,-58.641315,205761.991901,-178.505241,207404.126670,61.322938,205920.490503,99.294950,656.389589,-20.526518,655.036759,-140.502675,653.959937,59.966923,0.000476,1,0
28.633000,-58.671557,205801.723715,-178.767814,206013.385192,61.358296,206268.626631,99.430337,651.971985,-20.524658,657.713893,-140.690221,654.160386,59.966479,0.013321,1,0
28.667000,-58.589350,207588.370380,-178.626423,206388.630028,61.431627,206456.969016,99.530256,660.922022,-20.469227,658.675793,-140.837826,660.471889,59.960125,0.014914,1,0
28.700000,-58.678978,207707.237900,-178.567101,205268.271755,61.293339,208546.038112,99.103830,661.652480,-19.968541,656.108265,-140.819879,662.266611,59.960180,0.005218,1,0
28.733000,-58.746230,207137.738432,-178.722597,204600.350848,61.131355,206341.508191,99.072418,658.343596,-20.932029,655.371383,-140.759590,650.368216,59.965934,0.004595,1,0
28.767000,-58.737792,206544.722964,-178.536068,206414.151294,61.362868,207298.938257,99.490241,656.272041,-20.503498,655.085335,-140.519742,654.865196,59.963373,-0.000490,1,0
28.800000,-58.737139,207514.267556,-178.660053,207002.593551,61.394720,206986.735217,99.288838,655.186373,-20.725810,665.114177,-140.484232,651.879100,59.964880,-0.000759,1,0
28.833000,-58.550325,206598.896447,-178.681477,206063.514168,61.328565,207574.223743,99.348658,654.356049,-20.498424,649.498376,-140.879428,658.653480,59.963769,-0.006672,1,0
28.867000,-58.589556,207219.329077,-178.787527,205539.199575,61.295362,206855.320329,99.480267,656.299605,-20.848717,659.108559,-140.672691,658.307181,59.970458,-0.005393,1,0
28.900000,-58.491018,206884.353045,-178.706726,205637.264815,61.459626,206178.302170,99.292695,656.909152,-20.889456,654.544726,-140.204324,654.881453,59.969398,-0.014190,1,0
28.933000,-58.729263,206199.373920,-178.793071,207452.323192,61.414068,206929.269869,99.259024,656.844456,-20.631428,655.726869,-140.789920,653.873391,59.973628,0.002883,1,0
28.967000,-58.546642,206054.387453,-178.640768,206494.628773,61.235040,207775.416535,99.534942,649.757697,-20.716327,656.103707,-141.012444,649.845184,59.972173,0.003637,1,0
29.000000,-58.810559,208586.331266,-178.714753,206027.971621,61.283172,208823.177740,99.015235,647.481141,-20.387445,649.872343,-140.437606,659.834047,59.976519,0.003490,1,0
29.033000,-58.536734,205403.521171,-178.584528,205907.912426,61.513270,206183.739546,99.323221,654.675354,-20.648328,656.351345,-140.667062,655.774807,59.970548,0.004249,1,0
29.067000,-58.543951,205989.612182,-178.457115,205987.256709,61.467252,206451.346017,99.037346,657.002562,-20.634626,651.322617,-140.515635,646.681830,59.970120,-0.007904,1,0
29.100000,-58.664860,207079.165231,-178.577740,204316.467179,61.620790,206653.461630,99.274456,651.416857,-20.576305,650.843873,-140.358977,647.652355,59.973291,-0.014170,1,0
29.133000,-58.538265,207458.471397,-178.631903,206593.944533,61.333605,206203.670262,99.423605,650.811275,-20.733233,654.214136,-140.448954,645.161419,59.969369,0.000888,1,0
29.167000,-58.801940,206236.844336,-178.622317,206785.878877,61.248760,206481.532400,99.319707,651.739153,-20.618156,653.842546,-140.855514,658.292475,59.974042,-0.002264,1,0
29.200000,-58.395014,206607.002146,-178.650169,205501.740488,61.442483,206262.667521,99.558379,647.106107,-20.695947,648.879745,-140.512918,638.478634,59.970321,0.001883,1,0
29.233000,-58.641275,205927.568023,-178.754532,206510.143218,61.460953,206659.597082,99.340405,646.014317,-20.358723,646.242197,-140.440213,649.729642,59.967392,0.001618,1,0
29.267000,-58.762121,206150.089504,-178.498705,206209.766068,61.339592,206711.179520,99.291234,642.665393,-20.026855,649.638874,-140.388552,644.171308,59.964915,0.000836,1,0
29.300000,-58.639672,205316.851113,-178.886470,204835.932897,61.394835,207434.526651,99.401375,647.615521,-20.936207,647.859266,-140.237734,652.635341,59.961449,-0.012751,1,0
29.333000,-58.741040,204924.237896,-178.755480,205366.355717,61.262424,206797.726578,99.347428,643.959874,-20.937740,646.644529,-140.742277,640.187543,59.962859,-0.003789,1,0
29.367000,-58.804827,207366.726690,-178.822793,206742.195659,61.383687,204652.990211,99.408777,645.325195,-20.870632,654.775110,-140.542312,651.428839,59.969691,0.006837,1,0
29.400000,-58.807088,205117.903453,-178.424416,203972.043224,61.391804,204374.596701,99.288582,648.775661,-20.427054,648.758333,-140.593377,648.819697,59.970250,-0.009569,1,0
29.433000,-58.669957,205739.901419,-178.557692,208078.278230,61.462293,207117.059432,99.431920,654.191590,-20.233566,652.392614,-140.825364,641.047251,59.966981,0.009388,1,0
29.467000,-58.612974,205472.520438,-178.576441,205595.876101,61.349649,205910.211439,99.579628,649.475005,-20.480002,652.850700,-140.304220,651.925703,59.969190,0.009472,1,0
29.500000,-58.815477,205315.957463,-178.670672,206314.229425,61.319484,207221.190914,98.988713,648.100015,-20.603354,653.416697,-140.647442,652.984699,59.975442,-0.004369,1,0
29.533000,-58.657517,206304.003401,-178.647246,205573.169755,61.198629,205693.063034,99.360588,654.727265,-20.305230,652.865860,-140.734387,646.787693,59.969407,0.001030,1,0
29.567000,-58.606643,206989.250626,-178.695440,205891.170324,61.294245,206797.974940,99.381032,653.118401,-20.328641,649.574743,-140.733852,650.190311,59.958511,0.001178,1,0
29.600000,-58.916903,204951.667309,-178.484922,206422.924645,61.237998,206820.498714,99.020648,649.616933,-20.318769,649.004310,-140.826537,645.834017,59.960885,0.010044,1,0
29.633000,-58.708367,205353.799189,-178.732065,205341.942507,61.182973,205994.438627,98.954215,649.472533,-20.652687,648.936909,-140.845358,658.767314,59.963834,0.001659,1,0
29.667000,-58.915544,205881.534646,-178.623050,206720.692709,61.231548,206072.179261,99.203911,647.126470,-20.795529,649.381044,-140.801355,650.600887,59.967943,0.014656,1,0
29.700000,-58.979300,206819.541812,-178.797773,204524.243634,61.101170,206865.661782,98.830320,644.379100,-20.555914,654.229915,-140.801091,653.696478,59.962971,0.005068,1,0
29.733000,-58.881137,205040.328060,-178.837043,203264.382762,61.310831,206553.481507,99.409233,651.128767,-21.012805,651.183812,-140.598726,646.806630,59.969168,0.013169,1,0
29.767000,-58.885392,206259.397445,-178.705095,206672.511171,61.194645,206676.485087,99.163437,652.326188,-20.781519,650.760056,-141.007827,643.090204,59.970568,-0.016320,1,0
29.800000,-58.649621,205629.833652,-179.030876,206290.153999,61.222644,205715.102219,99.082907,648.475799,-20.950551,649.210116,-140.750904,644.909546,59.970143,-0.001244,1,0
29.833000,-58.717154,205194.707399,-178.862549,207242.927590,61.111937,206803.707880,99.219376,652.400034,-20.820086,650.422066,-140.965487,651.769602,59.968210,0.004540,1,0
29.867000,-58.873569,205599.956921,-178.841794,206149.518175,61.328991,207618.749919,99.344220,648.945283,-20.774190,647.741571,-140.485993,648.253945,59.962917,0.000806,1,0
29.900000,-58.725553,207085.874958,-178.854979,205716.605103,61.313403,206012.848431,99.598302,653.533170,-21.076502,651.465439,-140.545437,650.844233,59.961841,0.005333,1,0
29.933000,-58.862826,205917.185555,-178.758426,207288.594589,61.211578,206136.359106,99.062707,651.686583,-20.600504,651.809235,-141.103941,651.871560,59.965713,-0.001829,1,0
29.967000,-58.766243,205490.806713,-178.682737,204774.230413,61.326777,207081.059423,99.097651,648.850456,-20.646472,650.494934,-140.707528,650.003135,59.968607,-0.000936,1,0
30.000000,-58.727728,206908.016150,-178.765958,206409.470836,61.260367,207188.455329,99.483523,646.183192,-20.599874,647.594385,-140.581530,651.550320,59.961943,-0.003334,1,0
